61916.594
61828.721
62035.981
61973.996
61823.722
61685.739
61966.652
61933.627
61777.467
61748.350
61962.068
61874.353
61972.487
62086.353
62129.950
61844.454
61965.143
62039.316
61916.752
62000.251
62208.552
61817.368
61926.753
61646.727
61933.369
62094.739
62144.119
62163.237
61958.217
61912.015
62099.220
61930.661
61778.460
61889.720
61804.087
61942.747
61912.639
61834.507
62110.107
61909.514
62053.382
61969.051
61937.277
62053.280
61908.057
62126.203
61826.799
62043.748
61944.623
61709.758
61946.446
61970.147
61795.807
62059.739
61989.315
61996.660
61943.529
61874.356
62149.644
61937.176
61948.376
62075.783
61997.391
62055.886
62017.913
62154.385
61874.618
62024.007
61818.935
61994.213
62013.381
62033.852
62088.857
62093.753
61904.049
61931.448
62232.988
62256.948
61907.748
61935.303
62240.593
62212.361
62157.668
62002.236
61767.422
62084.744
61926.553
62069.326
62090.787
62043.282
62153.032
62157.045
62134.959
62075.006
61983.017
62350.553
62058.650
62024.063
61943.274
61874.101
62049.743
61889.050
62090.996
62065.629
62008.697
61952.233
62009.791
61985.103
61978.956
61900.615
62006.511
62065.788
62043.650
61930.983
61926.660
62031.358
61990.572
62275.652
62010.730
62016.720
61942.234
62126.106
62090.790
62174.028
62012.034
62109.804
62144.182
62145.380
62147.360
61928.849
62037.401
61787.534
61963.071
61793.211
61710.130
62063.393
61820.766
62270.444
62224.503
62023.026
62101.680
62069.750
61966.146
62052.560
62116.057
62144.548
62033.028
61973.178
62122.359
61965.521
61972.813
61994.482
61863.376
62049.123
62050.320
62056.052
61991.306
61839.261
62021.518
62037.248
61935.728
61845.198
61836.031
62093.035
61655.441
62163.094
61903.069
62021.622
62034.748
62006.151
61797.694
62127.726
62161.950
62050.949
62129.186
62132.519
61844.887
62007.559
61765.922
62052.824
61961.721
62090.953
62126.946
62140.020
61884.683
62089.546
62126.685
61699.197
61939.221
61778.008
61763.996
61966.307
61840.358
61894.009
61876.142
61796.499
61915.938
62129.188
62130.282
61970.109
62060.795
61973.651
62024.855
61973.912
62047.046
62189.247
62186.643
61931.357
62040.430
62058.245
61986.884
61945.682
61930.732
61994.385
61959.120
61921.982
61887.030
62002.562
62339.521
61898.229
62137.889
61976.312
61942.245
62129.711
61975.218
62028.504
61885.469
61902.085
61952.351
62055.382
61919.067
61825.880
62002.148
62016.471
61849.008
62208.886
61913.912
61852.030
62012.202
61940.893
62005.118
61968.760
62019.755
61926.882
61979.334
62070.020
62104.451
61904.379
62027.985
61904.327
61943.080
61855.676
61945.114
61748.011
61975.377
62118.932
61907.193
61899.745
61862.658
61959.022
62171.126
62049.708
62003.505
62047.155
62111.224
62201.597
61957.876
62048.717
61723.531
61981.681
62023.144
61989.911
61829.063
61979.651
62016.216
62047.260
61830.886
61994.912
61912.716
61941.677
61907.768
62081.952
61879.484
61925.270
62044.709
62086.173
61981.995
61944.440
61890.216
61897.821
61797.291
61882.195
61987.569
61818.803
61932.772
61905.895
62150.554
62077.630
62311.923
62071.275
62036.325
62000.280
61762.757
62131.543
62054.348
61903.084
62039.399
62030.440
62102.894
62042.577
61882.040
61909.074
62041.326
61865.788
62056.015
62292.340
62177.798
61939.495
62210.875
61900.221
61966.373
62331.460
61876.833
62013.565
61815.941
62146.650
61891.677
62041.067
61944.704
62205.927
62055.965
61974.915
62148.682
62190.250
61936.059
61860.479
61801.463
61918.766
61941.112
61926.787
62015.546
62262.705
62067.790
62080.395
61943.560
61981.376
62174.884
61980.282
61794.795
62053.988
61933.613
62207.544
61869.752
62061.020
61950.437
61922.413
61995.754
61892.671
61952.156
61930.123
62187.803
61983.930
62075.970
61909.599
61812.142
62205.776
62103.682
62051.907
61847.199
62030.134
61792.402
61958.304
62055.918
61838.344
61994.714
61800.528
62206.140
61829.750
61932.833
62064.251
61947.678
62053.939
61755.786
62222.237
62116.133
62030.343
61837.564
61921.687
61761.619
61744.379
61913.197
62148.584
61910.228
61928.667
62052.690
62110.924
62097.903
61930.699
61684.426
62122.020
61983.310
62025.657
61993.155
62204.372
61729.275
61882.779
61982.163
61994.665
61845.901
61913.615
62022.428
61921.012
61870.539
62083.424
61831.891
61970.914
61927.369
62074.205
61913.564
62102.124
61994.041
61915.701
62002.844
61938.671
62008.001
62007.064
62056.964
62134.680
62038.681
61912.523
62111.866
62228.388
61977.271
62174.894
61962.946
62219.065
61870.593
61919.608
62015.503
62057.956
62063.633
62084.468
61954.769
62029.254
61861.894
62098.480
62162.551
62148.330
61921.590
62112.337
61986.960
61767.721
61869.606
62079.053
62176.771
61834.341
61990.346
61808.610
62039.882
61879.450
62106.399
61839.342
62157.656
61963.158
62050.354
62104.578
61909.924
61841.219
62121.142
62168.490
61910.236
62076.294
61939.354
61946.177
62128.434
62089.784
61831.166
62143.018
62190.473
61905.966
61887.735
62296.629
62102.652
61989.151
62330.330
62106.454
62193.078
61831.219
61749.858
61987.589
62022.853
62138.385
62180.107
61978.786
62161.201
62001.707
61949.097
62179.849
62002.696
62046.294
61930.918
61993.893
61865.756
61983.111
62253.606
62098.070
62045.305
62078.797
61967.692
61933.575
62145.836
62168.235
61946.442
62073.590
61778.717
61792.052
62139.638
61978.008
61735.797
61887.114
61991.499
61991.968
61955.401
61862.372
61727.827
61986.602
61937.432
62029.733
62184.696
61823.620
62230.690
61935.662
61889.876
61985.926
62022.232
61919.567
61914.930
61827.317
61913.263
61962.800
61845.497
62170.060
61991.918
61884.460
62138.964
61926.860
62033.954
61928.318
62026.818
62174.072
62150.892
61728.716
62130.057
62002.649
61952.540
62016.869
61968.166
61946.289
61927.173
61783.931
62130.215
62157.561
62173.239
61915.455
62217.827
62171.000
61905.870
61821.696
62275.229
61974.106
62016.089
62026.871
61914.413
62040.883
62097.452
61860.711
61923.946
61826.906
61953.793
62017.497
61969.367
61839.303
62126.779
62025.363
61909.257
62117.767
62060.210
61976.868
61869.618
61866.129
62189.701
62065.889
62175.639
62071.306
62108.133
61967.963
61892.955
61861.130
61736.743
61812.374
61909.676
61947.388
61876.704
61873.892
61882.069
62065.785
62214.236
62137.460
62037.919
61857.694
62334.459
61938.274
62148.398
61817.064
61987.445
61693.823
62195.799
61612.044
61687.156
61992.550
62082.975
62044.691
62055.681
62087.925
61897.803
61902.126
61957.601
61964.111
61930.463
62116.053
61956.559
62229.085
62084.696
62041.879
62144.233
61993.437
62046.099
61989.635
62021.305
61993.386
62227.836
61989.064
62432.127
62002.502
61992.241
62252.422
62059.487
62137.828
62089.177
61859.832
62003.231
61977.552
61878.115
62124.389
61938.121
61851.291
62126.839
62043.706
62064.958
62104.284
61939.008
61951.405
62088.710
62113.764
62102.514
62025.318
61839.259
62264.873
62003.702
61762.845
61886.138
62169.812
61998.703
62083.138
62019.903
61962.189
61929.374
62044.592
61943.020
61588.455
61889.525
61762.899
61706.019
62010.006
61895.620
62148.405
61914.789
61961.929
61742.794
61804.518
61806.707
61991.099
61859.993
61844.210
61868.119
62140.749
62083.244
61894.007
62109.131
62093.557
62070.534
61933.386
61894.424
61969.691
61900.103
61884.216
62053.347
61928.491
62051.992
62028.656
62155.231
62230.291
61831.607
62134.969
61928.230
61740.192
61881.924
61981.412
62071.161
62063.452
61808.429
61795.198
61841.088
62037.044
61839.578
62102.624
62184.455
62165.338
62005.166
62185.861
61987.665
62214.822
62010.636
62163.776
61941.879
61998.447
62140.598
61860.623
62072.414
62048.193
62085.592
62093.406
61975.269
62005.377
61823.015
62025.899
61758.009
62179.716
61709.097
61905.575
62010.064
62399.946
61889.377
61951.414
62025.276
61955.373
62052.153
61941.101
62042.569
62045.695
61866.198
61981.000
61997.148
62085.490
61837.133
61897.294
61931.569
61896.201
62040.070
62274.989
61999.858
61982.252
61862.345
62021.684
61944.644
62168.885
62099.920
62242.902
61954.437
62182.688
62116.379
62068.719
62082.002
61916.621
61964.960
61986.212
61836.355
62082.680
62048.094
62228.996
62025.644
61857.971
62047.312
61945.635
62045.645
61945.740
62016.216
62128.622
61921.206
62192.795
61854.794
61932.250
61898.445
61933.552
62000.018
61956.733
62195.713
62053.303
61995.694
61829.428
61854.170
61954.232
61814.062
61963.139
61897.768
61886.361
62055.023
61920.584
61862.037
61818.959
62022.156
61876.935
61852.088
62025.439
62173.577
61765.986
61977.517
62007.468
61844.327
62097.893
61850.370
61862.974
61894.176
61818.753
61954.026
62168.370
62264.369
62308.800
62052.317
62253.014
62039.191
62109.614
61868.915
61810.315
61786.875
61918.294
61903.032
62099.249
62053.047
62067.164
62146.443
62031.744
61945.069
61859.852
61974.447
61954.758
62042.943
62069.092
62290.779
62050.235
61953.768
62018.513
61920.535
61855.477
62067.581
61996.377
61702.495
61864.646
61921.162
61689.109
62058.207
61985.178
61864.803
61849.175
61979.553
61972.156
61917.776
62105.347
61962.989
62234.005
62110.399
62107.692
61972.054
61938.821
62121.860
61900.641
61896.109
61806.985
62003.411
62051.592
61996.379
61901.682
61958.094
62255.831
62057.791
62115.141
62115.453
62038.051
62051.542
62039.249
61822.353
62004.975
62083.108
61916.113
61855.482
61947.470
62138.582
62058.834
62016.487
62009.611
61799.694
61940.282
61989.661
62241.145
62173.951
62094.464
62240.729
62164.992
62233.592
62179.994
61744.691
61865.328
62002.424
62084.672
61837.252
61933.980
62025.499
62039.512
62081.391
61774.173
61717.242
61912.469
62150.878
62150.669
61925.283
62037.221
62020.813
61942.576
62045.295
62115.458
61971.068
62000.498
62083.840
61916.741
61969.298
62116.239
61955.652
62031.388
62161.558
61969.195
61973.779
62047.432
62058.683
62115.407
61856.216
61940.390
62026.597
62175.569
62112.699
61915.544
62013.366
62037.327
61981.438
61945.392
61896.585
61852.362
61972.894
62107.491
61991.386
62098.063
62237.296
62028.473
62037.328
62245.421
61894.658
62108.949
61965.237
61978.312
62105.253
62125.463
62008.942
62144.944
61814.339
61936.330
61997.795
61921.016
62007.379
62187.240
61912.578
61956.124
62025.454
62063.634
61938.674
61917.734
61982.430
61974.147
62050.718
62079.054
61812.934
62091.243
