2226.310
2201.204
2714.535
2210.110
2244.541
3998.617
2209.381
3947.935
3949.342
3949.707
3948.196
2210.371
2208.652
3950.019
2722.296
2755.112
3949.915
2243.812
2209.538
2208.288
2238.863
2752.299
2241.885
2207.090
2725.942
3946.113
3945.957
2206.516
2753.496
2208.079
2755.476
2241.155
2210.580
2722.244
2228.237
3946.998
2756.101
2755.789
3948.717
2210.683
2243.083
3946.165
2211.152
3945.332
4044.611
2210.735
2209.173
3984.814
3976.272
2755.164
3917.881
2751.569
2211.205
2759.070
3949.706
3951.321
2210.944
2757.716
3948.248
3950.593
3914.599
2207.923
2209.330
2757.248
3946.946
2211.048
2209.433
2210.787
2208.183
2208.705
2208.548
2757.403
3949.863
2242.301
2207.923
3950.020
2757.560
2751.882
3944.758
2207.245
3948.873
2209.330
2206.361
3948.144
2751.830
3945.019
2235.270
2208.704
2751.100
2750.892
3948.457
3943.561
2207.350
2209.538
3947.936
2210.840
3949.186
2751.622
3965.907
2246.729
2756.102
3949.654
3948.352
3948.144
2208.444
3948.717
2208.183
2207.715
2756.362
2208.653
2752.091
2757.299
2759.174
3951.322
2208.652
3950.228
2756.101
2755.893
3948.561
2724.015
2210.423
2209.694
2755.007
3948.613
2208.912
2243.551
3950.956
3947.571
2209.017
3949.498
2206.777
3950.227
2209.173
2752.716
2209.017
2212.611
2243.812
2206.099
2723.859
2209.120
3912.412
3947.102
3951.843
3947.467
2756.779
2757.612
2724.953
3950.749
3949.550
3943.664
2209.434
2723.702
2756.362
2209.329
2209.694
3949.811
2754.695
2208.444
3950.436
2208.860
3971.845
2757.872
3950.957
2207.819
3949.446
2210.267
2208.600
2209.277
2207.194
2717.973
2720.316
3949.290
2237.562
2754.955
3947.259
3941.008
3945.644
3948.196
2753.080
4902.143
3946.321
3965.698
2750.997
2242.145
3946.060
2244.020
2208.704
2209.329
2240.374
2758.132
3949.655
2720.681
2205.423
2209.277
2755.216
3948.718
2756.414
2750.424
2208.965
3942.675
2239.592
2210.892
2205.214
3949.186
3947.103
2207.194
2205.319
3952.676
2754.695
3945.435
2242.405
2755.372
2753.757
2208.496
3949.602
3946.425
2759.383
3948.874
2724.171
2209.590
2210.319
3946.946
2210.058
2753.705
3948.405
2207.714
2209.278
2756.154
3946.842
2208.496
3950.176
3945.332
2208.965
2757.143
2210.944
3950.696
2209.277
2756.518
2210.215
3948.040
3950.489
2724.327
3949.186
2208.705
3952.728
2208.809
2210.267
2724.588
3949.290
2209.746
3948.092
2207.871
2209.382
3949.342
2211.308
3987.680
2752.976
2754.278
2210.371
3948.925
3947.571
2209.225
2209.069
2240.374
3945.696
3946.738
2753.757
3946.686
2755.320
2206.360
2751.674
2242.093
3950.072
2209.485
3945.487
2209.902
2207.037
3946.582
3944.655
2206.047
3945.904
3948.353
3944.029
2721.671
3945.019
2755.164
2205.006
3990.388
3946.582
2754.851
2207.714
2723.390
3947.780
3950.280
2208.652
3946.477
3946.425
3965.178
3988.669
2759.800
2242.771
2210.371
3947.259
3948.561
3949.290
3919.600
3975.751
2207.871
3948.874
2208.548
2244.801
2756.257
3947.467
3951.894
2753.288
3948.717
2720.994
3948.925
2239.644
3947.520
3950.488
3951.061
3950.644
2209.642
3948.822
3948.926
3949.498
2753.757
3949.081
2751.934
2755.945
3950.696
2210.527
2726.463
3949.186
3947.780
2209.746
3948.144
2723.806
2209.486
3951.322
2210.267
3916.475
3949.134
3961.583
3950.593
3950.280
3942.935
2758.810
2754.643
2758.185
3970.021
2208.496
2209.069
3949.915
3949.864
2212.351
3948.665
2210.006
3947.884
2236.207
2209.538
6614.549
3950.644
2212.663
2212.663
3947.988
2752.716
3969.031
2724.900
3946.790
3947.780
2206.986
3948.092
3947.883
2165.366
2211.101
2209.278
3948.873
3949.186
3948.666
2758.758
3946.373
2725.629
2210.424
3951.061
2749.173
3948.508
2718.597
2207.142
3942.310
2758.029
2754.643
2752.767
2241.676
2207.506
3946.009
3945.644
2723.546
3971.844
4029.975
3950.384
3949.342
2210.162
2207.193
3946.790
2750.893
2758.028
3949.186
2207.975
2210.424
3949.707
2212.038
2210.996
2210.111
3951.322
2752.664
3951.529
2760.373
2756.518
3949.863
2208.808
3950.592
2210.163
2246.521
2210.892
3947.832
3948.769
3969.969
3947.676
2244.489
2211.777
3950.332
2753.393
2750.319
2207.714
2736.725
3968.511
3951.270
2211.518
3969.084
3951.999
3948.040
3947.155
3917.516
2209.277
2210.631
2209.954
2755.580
3948.040
3915.068
2752.039
3946.894
2723.859
2210.319
3950.071
2207.871
3968.563
2207.402
2210.319
3947.415
2209.277
2238.030
2758.289
2752.560
2243.187
2207.037
2209.902
2751.778
2211.569
3949.238
2722.765
2758.810
3952.103
3950.019
2752.716
2210.006
2209.538
2755.997
2726.307
2756.987
3949.394
3953.301
2209.017
2208.600
2210.006
3951.009
2207.298
2208.860
3948.405
2755.633
3948.404
3950.228
2208.756
2207.767
2241.207
3950.228
2755.529
2726.306
3950.540
2210.111
3950.749
2759.539
2209.590
3950.176
2210.267
2210.111
2209.017
3948.041
3950.853
3945.748
3947.728
3950.801
2210.736
3949.082
3947.676
3952.885
2723.754
2211.413
3949.654
2753.601
2209.746
2721.619
3950.645
2758.966
3970.177
3949.915
3967.312
2725.525
2757.820
2755.788
2756.414
2209.225
2757.820
2757.299
2208.132
2750.893
2243.447
2208.600
2210.996
2210.476
3951.739
2209.017
2207.662
2756.466
3948.353
3916.266
2752.820
2757.768
2240.166
3946.842
3951.634
3952.103
3949.446
2211.361
2208.808
3972.417
3949.290
3951.217
2209.277
3950.488
3968.043
3948.561
2760.320
2240.686
2210.319
2209.069
2755.008
3916.840
3947.154
2239.384
3945.540
3951.270
2209.642
2756.779
2725.682
2209.277
2208.496
2210.476
3949.343
3948.769
3948.561
3951.374
2241.312
3969.501
3942.466
3947.675
3946.790
2209.590
2242.666
3968.615
2208.913
3603.788
3948.665
2209.903
2758.393
2724.171
2724.171
3947.102
2237.092
3945.904
3946.529
3948.769
2207.403
2753.861
2211.621
3947.311
3946.165
2724.171
2720.369
2756.675
2757.039
2754.747
2208.600
3948.196
2725.890
2757.768
2209.382
2726.567
2211.726
3942.675
3946.478
2241.416
3947.519
3947.103
3947.311
2756.831
2748.393
2208.809
2750.476
2492.847
2240.738
2209.225
2210.527
2244.281
2757.195
2243.552
2210.059
2210.684
3943.665
2747.872
3945.957
2241.885
2207.402
2715.941
2752.611
2209.330
3950.175
2752.507
2759.226
2721.515
2744.642
3946.998
3948.926
3947.884
2206.569
2757.143
2756.049
2208.861
2755.841
3947.050
3916.006
3947.988
3948.613
2209.902
2244.333
2210.111
2210.527
2242.406
2760.321
3948.717
2727.296
3951.478
3971.324
3950.644
2760.529
2761.206
3915.954
2211.361
2210.007
2211.413
2210.215
2725.995
3948.978
3950.384
2212.819
3950.124
2721.567
2208.704
2210.631
3952.207
2561.707
3950.645
2757.768
2750.945
2758.445
2724.849
2210.736
2210.580
2208.027
3951.165
3950.957
2211.569
2242.353
2757.455
3951.217
2725.473
2212.351
3914.964
2760.737
2752.820
2240.269
2209.746
3951.790
2206.308
3947.051
3944.394
3946.999
2759.122
6575.535
2208.288
2206.985
2720.838
3947.623
2756.362
3948.353
2208.964
2749.382
3945.331
2755.841
3944.706
3944.238
3947.415
2240.790
3948.769
2758.028
2207.715
2241.572
3953.718
3946.530
2205.423
2244.749
2209.695
2751.726
2206.464
2712.764
2208.183
2724.744
2751.570
3951.530
2243.552
3948.926
2245.427
3948.874
3912.828
3967.105
3946.061
2208.808
2750.892
2210.319
3949.968
2207.298
2246.677
2752.767
2759.018
2242.093
2752.872
3946.217
2211.725
2244.281
3946.269
2752.195
2723.234
3945.905
3944.394
2209.173
3945.696
3945.019
3947.936
2241.103
2207.246
2757.925
2210.631
2210.059
2241.363
2207.454
3950.697
2210.215
2753.392
2207.819
3950.019
2211.205
2207.923
2751.778
2717.608
2207.298
2240.738
2210.006
2210.058
3946.633
2751.205
2208.392
3943.874
2757.039
2244.542
3947.675
2239.645
2210.163
2207.923
3949.967
2209.538
2720.733
2211.049
2242.509
2757.248
3950.020
2721.202
2210.162
3947.155
2211.986
2212.455
3950.176
3949.863
2756.882
2759.279
2208.236
2758.081
3948.144
3948.353
3947.467
2726.828
2208.496
3951.791
2760.581
3946.269
3946.581
2756.206
2755.685
2751.465
2237.301
2756.101
3950.749
2210.163
2242.770
2211.465
3948.145
2754.851
3948.613
3946.270
3951.374
2209.330
2210.424
2208.131
3945.644
2207.715
2727.349
2756.050
2754.487
2756.518
3946.061
2758.966
2759.383
2756.623
2243.656
2759.018
2757.351
2208.340
2757.403
3949.447
2209.642
2210.684
2210.058
3951.270
3951.426
2210.006
2758.967
3914.391
2760.269
2211.152
2211.204
2242.145
2758.393
2245.218
2761.102
2211.829
3947.154
2237.248
3958.093
2758.914
2722.713
3995.233
2206.985
2209.434
3943.926
2210.632
3946.842
3948.509
2242.614
3946.634
2721.514
2724.432
2755.372
2206.412
2208.236
2759.539
2723.286
3949.655
2210.371
2757.924
2210.893
2210.840
2753.236
2210.319
3949.811
3949.134
2209.746
3950.957
2210.371
2753.966
2207.298
2206.934
3945.904
2758.498
2210.215
2207.090
3951.687
2758.393
2208.183
2211.674
3951.113
2753.497
3947.728
2758.967
3951.530
2210.528
2212.143
2244.802
2210.528
3948.874
2210.788
3947.988
2209.902
2210.632
2210.632
3953.561
2718.650
3950.540
2755.736
2242.978
2207.818
2206.934
2758.029
2720.577
2208.652
2242.041
3944.134
2723.546
2210.215
2759.487
3950.019
2210.371
3947.519
2831.942
2245.323
2211.256
2209.902
2242.614
2760.477
2759.435
2244.333
3950.332
2723.598
2209.642
3950.228
3946.269
3951.218
2210.371
3951.895
2719.744
2757.664
3902.619
2242.093
2754.539
2240.739
2206.308
2723.025
2754.852
2207.871
2209.017
2241.051
2207.194
2210.007
3947.623
3947.311
2208.549
2208.392
2208.080
2207.610
2209.069
2724.745
