751.896
751.063
751.062
751.062
751.062
751.063
776.377
780.492
778.930
780.128
780.128
780.024
779.920
779.868
780.128
784.660
785.545
785.076
784.816
785.076
785.024
784.712
784.034
785.597
784.660
784.243
783.306
783.513
782.472
784.087
751.166
751.219
750.958
751.062
750.959
751.063
750.959
778.773
780.388
786.639
784.295
784.607
783.722
785.806
784.347
784.764
785.962
786.014
783.305
782.472
783.931
784.087
783.670
784.764
784.815
782.992
784.086
782.889
782.629
783.462
782.159
751.062
751.219
751.011
751.011
751.062
751.114
751.114
787.629
779.243
782.941
784.556
782.680
782.889
784.399
782.628
784.087
783.618
782.993
784.816
782.368
783.462
786.275
782.524
784.920
782.681
784.243
782.420
785.598
785.076
783.514
751.115
750.906
751.167
750.959
750.906
751.011
751.063
778.096
780.076
783.045
785.910
785.389
783.618
784.503
786.118
782.576
784.451
784.035
784.347
784.868
784.139
783.878
782.576
782.524
784.087
784.972
784.399
784.399
786.795
784.504
783.982
751.271
750.958
751.271
750.958
750.907
751.011
751.063
780.649
781.951
777.315
784.451
784.763
784.087
784.035
785.076
782.785
785.180
785.961
785.962
784.138
782.629
784.191
785.753
786.222
784.243
784.086
784.191
785.389
784.243
782.785
751.584
751.114
751.062
751.115
750.958
751.063
750.959
787.524
779.086
784.243
783.931
783.149
785.909
785.962
786.066
782.889
783.097
785.962
784.504
783.254
784.868
785.024
784.347
784.243
785.702
783.774
783.670
784.451
782.472
783.931
751.115
751.271
751.010
751.011
751.167
751.063
751.063
779.347
783.045
784.242
785.024
784.816
782.732
783.930
782.784
785.806
785.545
784.399
786.952
783.775
786.691
785.650
782.993
784.920
782.577
782.836
785.546
784.555
784.348
784.138
783.358
751.114
750.959
751.011
750.958
751.114
751.011
750.958
779.503
785.910
785.076
786.639
787.159
786.378
784.243
784.243
784.295
785.025
782.940
784.347
785.076
784.816
784.087
784.451
784.868
784.816
783.982
783.723
784.816
784.034
783.670
750.907
751.011
751.011
751.010
750.958
751.063
751.115
780.232
783.722
784.660
784.295
783.723
784.607
784.868
785.337
785.337
785.858
784.607
784.451
784.972
784.816
785.128
784.816
785.910
784.816
784.191
784.035
785.129
785.649
751.114
751.115
751.010
750.958
751.063
751.011
751.011
778.982
781.170
785.024
785.076
784.868
785.180
785.181
784.452
785.181
783.618
785.076
785.180
785.702
784.608
784.399
784.868
784.452
784.764
784.920
784.243
784.608
784.764
785.441
751.428
751.011
751.062
750.959
751.063
750.958
751.011
782.055
784.868
784.452
784.920
785.076
786.378
784.452
785.285
784.972
786.587
784.399
784.503
784.139
785.285
783.670
784.973
784.555
784.347
784.399
784.920
784.556
784.556
783.566
751.219
751.010
751.010
751.011
751.062
751.010
750.958
780.805
785.284
785.077
782.732
785.337
785.806
784.191
784.139
784.972
785.337
787.108
782.680
784.347
784.451
785.961
782.680
784.868
784.816
785.650
783.982
784.191
784.034
784.295
751.062
750.958
751.062
751.115
751.063
751.011
785.858
783.201
784.712
785.649
785.025
784.868
785.180
782.888
786.223
784.868
784.608
785.129
785.076
782.941
782.576
785.181
785.285
785.858
784.712
785.858
785.545
782.472
784.399
785.284
751.115
751.010
751.063
751.063
751.011
751.115
785.077
780.909
784.764
785.336
783.097
785.440
785.232
785.076
784.764
785.389
785.076
786.743
784.972
785.233
786.170
784.399
784.556
785.649
784.659
784.712
784.035
784.295
785.076
751.167
751.115
750.958
751.011
751.062
751.010
751.062
780.128
784.295
784.659
782.628
786.743
785.961
784.555
782.680
784.816
785.181
784.660
785.232
784.138
782.681
784.347
783.878
782.472
784.191
782.628
782.368
785.389
783.357
785.805
751.115
750.906
751.167
751.010
751.010
751.011
751.010
777.837
783.045
782.055
787.681
783.045
783.357
783.357
783.670
783.878
784.764
786.326
783.045
782.628
786.327
784.503
783.618
783.930
785.025
784.452
783.514
783.461
784.503
783.253
751.271
751.271
750.906
751.062
751.063
751.011
750.959
780.024
778.930
784.712
785.441
786.170
783.722
782.525
784.503
785.337
785.806
784.660
784.295
782.889
785.128
782.524
785.076
784.712
784.764
785.962
784.451
786.482
784.452
783.983
783.722
751.010
750.959
750.959
751.062
751.063
750.959
750.906
781.170
786.118
785.024
784.973
785.493
784.868
784.555
785.232
785.441
784.659
784.295
784.868
785.753
784.608
786.222
784.712
784.451
782.681
784.243
784.764
785.181
784.243
751.167
751.063
750.959
751.115
751.010
751.010
787.733
783.930
781.951
784.608
784.451
785.650
785.076
784.503
784.712
785.389
785.181
786.535
782.785
786.274
784.920
784.399
784.295
785.753
784.972
784.243
784.191
784.504
783.931
751.323
751.063
751.063
751.063
751.063
751.011
750.959
778.721
781.691
785.076
784.921
784.868
783.826
784.295
785.389
786.170
782.941
785.232
785.285
784.816
784.295
784.399
784.295
785.701
782.785
785.128
784.659
784.868
786.170
784.764
751.219
751.167
750.959
750.958
751.062
750.958
750.959
785.389
784.452
783.513
784.712
784.868
785.181
782.732
786.118
784.816
784.920
784.816
784.243
784.920
785.702
783.462
784.399
785.024
784.920
786.534
784.816
784.295
785.753
751.375
750.959
751.114
751.010
751.011
751.062
750.958
777.107
779.242
782.940
785.232
786.066
785.180
784.452
785.962
784.712
784.868
784.920
785.233
785.649
784.451
785.337
785.285
785.493
785.076
784.869
784.920
782.472
784.608
784.399
751.376
751.010
750.906
751.115
750.959
750.958
751.115
780.753
781.743
784.400
785.962
784.972
782.889
786.743
784.504
785.285
786.431
784.764
785.285
785.233
783.253
785.598
785.233
784.191
783.826
784.400
785.753
784.243
782.576
784.191
751.375
751.167
751.062
750.906
751.063
751.063
785.910
785.649
784.868
785.753
785.025
784.608
784.816
782.629
784.607
784.764
785.285
784.816
784.972
785.024
784.295
785.962
784.816
784.555
786.691
782.680
784.660
784.451
784.399
751.376
750.959
751.219
751.011
751.115
751.062
751.167
779.555
778.618
782.472
784.503
785.598
787.108
784.816
784.295
782.784
784.555
785.441
784.712
783.253
784.607
784.816
784.243
782.680
784.608
784.973
784.660
785.233
784.555
785.806
784.243
751.115
751.011
751.010
751.011
751.010
751.011
785.701
781.065
784.608
784.347
784.556
782.889
784.764
785.180
784.973
784.816
785.389
786.796
786.274
784.347
784.816
785.753
785.024
782.368
784.972
784.191
784.503
782.837
784.034
784.764
751.115
751.219
751.011
751.011
750.958
750.959
780.388
786.430
783.618
785.285
785.285
784.452
782.680
785.180
784.347
784.503
782.992
784.503
785.024
785.753
786.014
786.639
784.451
784.503
785.024
784.243
784.452
785.076
784.035
751.115
751.115
751.010
751.010
750.958
751.167
751.010
779.503
785.024
784.399
784.243
784.920
785.181
785.441
784.660
785.128
784.920
786.014
782.628
784.608
784.920
785.546
785.441
784.504
784.399
783.461
783.253
784.191
784.816
784.347
751.062
750.959
751.167
750.958
751.011
750.958
751.063
782.316
784.764
784.608
786.848
782.941
785.753
784.921
784.451
782.680
785.129
786.274
784.711
784.295
784.139
785.388
785.493
783.097
784.816
784.764
786.327
784.660
784.816
784.087
751.062
750.959
750.958
751.011
751.011
751.063
779.451
780.597
783.253
782.628
783.566
783.930
782.836
783.357
786.587
782.992
782.785
784.191
784.868
784.399
785.857
785.806
783.930
784.138
783.774
782.732
783.722
782.993
784.816
783.827
751.166
751.011
751.011
751.010
751.062
750.959
750.959
781.221
778.304
783.149
785.493
782.785
783.253
784.243
783.774
783.045
786.014
782.837
784.503
785.337
783.045
784.243
782.784
785.388
784.816
782.784
786.170
784.868
782.680
783.202
783.878
751.063
751.167
751.011
750.959
751.010
750.907
751.011
778.200
782.159
782.732
783.827
784.555
784.347
782.733
786.170
784.347
783.097
782.836
784.608
783.982
782.733
783.670
784.243
785.753
785.649
784.347
784.243
784.816
784.972
782.524
751.063
751.167
750.906
750.959
750.906
751.063
751.063
786.067
784.139
782.993
783.461
784.504
784.555
784.347
784.399
784.920
784.399
785.441
784.399
784.139
785.024
785.753
784.243
784.451
785.285
783.097
784.191
783.670
782.992
783.305
783.306
751.271
751.167
751.114
750.958
751.011
751.063
787.473
780.181
786.170
784.035
