10044.678
9925.499
9843.617
9907.946
9836.063
9911.904
9827.261
9871.171
9823.407
9842.367
9794.133
9849.867
9723.501
9886.694
9815.437
9932.480
9803.664
9896.278
9841.273
9930.396
9846.846
9972.588
9893.361
9912.686
9783.559
9901.331
9868.932
9905.029
9836.741
9872.734
9882.475
9833.824
9786.944
9869.400
9841.377
9913.155
9842.731
9909.977
9793.455
9923.729
9800.800
9897.216
9826.636
9922.583
9855.805
9910.186
9766.161
9950.919
9754.910
9873.880
9727.825
9909.716
9845.648
9900.081
9769.287
9968.004
9804.810
9891.121
9746.315
9875.235
9938.157
9900.809
9816.374
9913.363
9739.649
9820.802
9778.558
9909.665
9841.325
9964.461
9809.915
9952.168
9836.011
9966.180
9828.615
9916.436
9842.107
9940.397
9802.154
9875.287
9839.710
9858.358
9844.034
9885.757
9735.064
9861.848
9792.049
9815.957
9742.044
9881.277
9772.464
9855.649
9710.531
9872.630
9851.951
9907.894
9810.176
9910.707
9840.753
9904.769
9767.203
9905.289
9844.294
9903.519
9720.532
9861.118
9730.481
9900.706
9794.394
9876.954
9832.054
9906.749
9835.335
9907.842
9783.923
9902.841
9799.914
9907.321
9844.398
9895.497
9761.213
9902.945
9805.488
9900.133
9834.241
9911.019
9819.448
9912.322
9841.794
9865.129
9738.450
9853.774
9816.427
9822.208
9735.430
9852.941
9766.631
9826.948
9795.643
9883.360
9802.676
9923.468
9775.329
9908.102
9848.565
9894.143
9773.610
9952.221
9769.651
9861.015
9711.677
9869.244
9786.840
9862.994
9748.608
9929.198
9702.041
9898.362
9795.018
9886.121
9766.370
9880.652
9769.079
9905.967
9758.140
9904.977
9760.692
9909.353
9748.973
9915.343
9830.022
9897.476
9856.431
9885.392
9819.083
9902.216
9848.462
9865.702
9849.087
9894.820
9761.786
9859.869
9781.319
9906.123
9810.750
9897.477
9776.215
9902.842
9822.209
9901.643
9742.983
9896.695
9724.648
9840.336
9789.966
9944.616
9845.284
9900.967
9729.751
9895.862
9726.991
9938.262
9793.300
9889.091
9750.014
9895.393
9834.502
9907.529
9774.757
9951.388
9774.704
9949.305
9830.282
9960.295
9828.199
9931.959
9815.020
9890.705
9791.372
9858.514
9790.904
9871.120
9765.016
9847.055
9775.433
9875.651
9836.377
9914.301
9804.342
9947.013
9823.511
9953.420
9832.523
9867.005
9711.573
9819.240
9805.697
9910.655
9827.991
9942.325
9831.376
9897.269
9822.105
9885.131
9786.320
9888.986
9719.022
9862.317
9794.498
9900.602
9813.458
9913.051
9793.196
9862.265
9717.146
9859.348
9756.942
9860.702
9836.065
9902.477
9736.003
9902.789
9792.779
9857.681
9810.229
9917.843
9835.075
9897.998
9827.418
9958.004
9825.490
9965.244
9828.511
9880.496
9826.897
9875.183
9799.915
9874.454
9744.753
9901.696
9854.765
9909.093
9751.629
9908.207
9823.824
9902.321
9787.935
9916.020
9752.515
9874.715
9726.262
9888.101
9830.752
9902.946
9764.495
9914.406
9802.103
9858.983
9807.416
9861.588
9765.642
9843.357
9788.299
9902.165
9781.528
9858.254
9798.509
9816.532
9737.722
9896.122
9819.188
9903.259
9917.739
9897.008
9885.862
9967.015
9819.292
9886.070
9771.839
9899.978
9844.816
9921.490
9818.615
9848.149
9793.769
9832.471
9765.328
9849.243
9752.567
9847.577
9696.624
9897.321
9796.321
9866.380
9780.382
9896.852
9827.887
9798.770
9809.083
9832.731
9691.520
9879.923
9783.247
9844.920
9757.047
9834.242
9808.875
9877.527
9789.133
9883.049
9793.092
9908.468
9824.189
9920.604
9798.145
9860.911
9818.563
9905.238
9818.772
9893.154
9844.503
9911.385
9844.659
9896.539
9834.763
9911.594
9836.482
9873.725
9823.928
9868.568
9754.912
9850.702
9838.044
9907.895
9773.715
9904.666
9832.419
9913.208
9771.007
9858.776
9787.675
9875.809
9816.948
9865.755
9723.085
9829.658
9771.058
9829.970
9731.211
9879.299
9851.536
9907.843
9815.021
9849.400
9723.086
9820.907
9757.203
9844.347
9794.186
9941.805
9834.762
9962.015
9842.732
9905.083
9761.006
9973.787
9843.149
9886.330
9732.097
9915.344
9887.893
9900.707
9860.807
9904.665
9805.489
9865.964
9804.552
9880.861
9699.072
9862.786
9780.903
9863.568
9790.644
9808.250
9721.314
9839.660
9815.855
9864.922
9811.428
9911.333
9880.653
9907.062
9787.206
9927.949
9834.138
9911.021
9728.815
9907.634
9874.975
9944.773
9818.772
9961.755
9843.513
9922.532
9786.008
9884.143
9759.079
9887.060
9698.343
9853.619
9778.039
9819.657
9803.042
9824.346
9807.521
9886.018
9817.158
9925.606
9845.025
9902.009
9791.426
9853.463
9837.420
9897.894
9829.658
9909.978
9821.949
9926.699
9839.919
9963.943
9831.637
9910.083
9838.045
9935.971
9814.032
9942.899
9798.665
9921.282
9823.043
9972.277
9834.555
9962.431
9889.560
9909.823
9831.585
9866.381
9829.658
9877.736
9790.956
9860.964
9873.829
9903.312
9829.554
9897.739
9766.319
9830.023
9741.369
9872.007
9749.078
9880.184
9723.919
9935.502
9825.647
9894.456
9792.520
9874.454
9766.996
9859.557
9783.613
9858.360
9811.219
9903.468
9814.762
9917.583
9827.211
9921.647
9872.840
9918.157
9904.509
9901.697
9904.875
9914.719
9832.472
9915.084
9792.572
9871.017
9842.473
9881.018
9874.246
9882.841
9883.831
9915.500
9800.281
9915.552
9816.168
9878.465
9838.931
9823.095
9798.145
9850.182
9717.876
9866.954
9821.949
9963.265
9830.596
9914.823
9867.788
9892.946
9802.833
9910.656
9829.815
9900.551
9791.894
9886.591
9792.572
9888.414
9745.849
9883.154
9944.670
9909.615
9834.816
9929.877
9843.358
9901.853
9842.420
9894.144
9833.410
9955.921
9837.160
9957.901
9780.019
9842.265
9695.270
9831.221
9799.552
9880.497
9830.023
9893.102
9760.329
9940.347
9850.234
9910.812
9768.819
9915.449
9825.127
9962.693
9839.400
9910.084
9835.805
9862.839
9819.137
9919.564
9816.949
9848.567
9864.818
9904.823
9748.557
9838.306
9837.212
9882.164
9762.361
9816.793
9710.325
9905.812
9812.365
9857.787
9790.175
9987.174
9877.893
9956.858
9842.420
9962.901
9817.731
9958.005
9825.648
9909.719
9775.018
9914.459
9809.241
9901.124
9785.384
9920.292
9862.318
9891.331
9839.295
9914.823
9825.857
9888.207
9839.295
9949.619
9828.357
9904.563
9836.326
9911.386
9832.940
9875.029
9832.212
9857.057
9795.124
9862.892
9807.209
9884.248
9887.060
9915.189
9841.847
9890.498
9803.355
9878.310
9745.485
9892.842
9832.472
9947.847
9832.107
9918.783
9812.835
9899.718
9844.556
9911.906
9829.399
9919.408
9831.639
9919.043
9797.052
9920.813
9788.561
9919.043
9843.046
9903.312
9836.170
9927.586
9828.721
9900.447
9780.383
9903.572
9833.618
9925.293
9891.488
9802.364
9806.584
9864.193
9834.920
9968.058
9775.018
9899.406
9828.409
9910.136
9833.514
9907.635
9814.710
9872.059
9746.474
9861.121
9773.404
9879.821
9810.335
9917.168
9809.501
9893.051
9853.777
9959.099
9817.627
9908.521
9789.604
9910.865
9854.766
9909.094
9829.190
9918.314
9846.797
9903.261
9771.476
9911.438
9805.178
9909.511
9816.689
9813.408
9845.443
9892.686
9832.108
9898.520
9836.899
9911.490
9858.881
9913.314
9828.826
9931.648
9952.588
9952.380
9805.126
9877.789
9799.032
9881.800
9774.445
9868.205
9840.077
9917.741
9830.180
9886.332
9873.362
9901.177
9828.513
9916.908
9778.039
9899.770
9779.706
9883.518
9719.075
9852.579
9735.952
9879.977
9867.163
9905.032
9775.279
9868.725
9751.839
9891.332
9824.763
9981.133
9896.593
9901.593
9774.133
9879.612
9778.717
9859.141
9764.914
9916.178
9844.921
9902.167
9795.020
9874.404
9788.823
9889.978
9849.714
9870.757
9795.490
9859.975
9776.842
9862.475
9781.634
9851.172
9726.472
9830.493
9788.041
9919.356
9805.491
9847.005
9809.189
9931.544
9760.122
9853.099
9814.867
9846.067
9761.528
9893.832
9807.782
9908.990
9765.435
9910.032
9788.666
9891.228
9748.506
9867.840
9727.722
9806.428
9801.948
9903.105
9753.038
9900.500
9822.836
9908.052
9843.203
9912.168
9837.004
9907.844
9826.743
9917.585
9839.765
9908.001
9756.214
9917.689
9817.158
9898.208
9746.995
9853.933
9820.544
9894.614
9822.888
9912.272
9766.216
9902.896
9811.376
9877.373
9781.062
9953.162
9836.483
9882.686
9801.689
9876.175
9841.067
9912.897
9834.868
9900.344
9826.274
9957.797
9823.200
9895.447
9886.280
9911.022
9871.174
9905.188
9746.683
9841.380
9790.073
9912.116
9772.154
9956.391
9755.173
9813.929
9757.100
9884.457
9829.608
9912.845
9823.982
9943.994
9874.195
9904.875
9830.806
9897.114
9829.973
9900.969
9825.285
9900.187
9823.305
10012.438
9816.794
9867.945
9843.411
9914.460
9783.562
9913.366
9838.202
9907.428
9889.249
9915.970
9833.879
9943.993
9824.139
9955.349
9799.553
9935.764
9825.753
9806.220
9747.829
9863.153
9784.656
9907.740
9808.096
9918.106
9823.305
9906.230
9824.451
9892.271
9840.495
9911.960
9816.690
9890.760
9835.546
9898.937
9818.930
10002.958
9850.756
9976.289
9777.937
9853.256
9783.301
9861.121
9822.524
9918.939
9828.931
9889.301
9798.771
9889.458
9816.481
9902.949
9842.474
9889.770
9839.088
9968.058
9880.290
9906.022
9851.642
9937.327
9772.988
9937.275
9840.129
9960.975
9824.138
9901.021
9849.298
9940.296
9842.161
10005.042
9843.307
9910.710
9829.347
9942.066
9861.746
9884.718
9870.862
9891.437
9819.555
9908.261
9861.642
9897.844
9845.651
9927.795
9827.160
9918.210
9834.244
9899.667
9808.929
9913.887
9806.012
9855.496
9731.421
9870.237
9768.248
9941.650
9839.452
9899.615
9753.455
9911.752
9860.184
9902.168
9764.914
9889.874
9839.244
9882.894
9798.199
9890.604
9778.822
9905.345
9852.006
9915.919
9762.101
9903.886
9807.366
9876.175
9767.935
9865.705
9754.653
9892.584
9819.868
9893.156
9831.587
9904.719
9785.332
9891.802
9818.461
9868.935
