8636.622
8575.574
8580.158
8543.435
8547.915
8565.000
8572.396
8571.094
8542.966
8546.978
8576.199
8580.314
8577.345
8538.696
8537.706
8572.501
8570.990
8569.792
8540.570
8545.415
8578.856
8578.648
8543.956
8543.175
8545.154
8577.554
8580.522
8543.591
8546.248
8571.355
8575.991
8576.304
8544.217
8544.477
8569.375
8577.188
8580.262
8544.842
8546.353
8576.147
8580.210
8574.637
8544.165
8542.966
8577.605
8575.575
8579.012
8544.738
8542.915
8576.355
8573.647
8537.914
8544.216
8540.362
8572.709
8572.866
8550.259
8546.977
8572.970
8570.626
8579.741
8542.914
8536.716
8566.563
8576.720
8576.720
8544.894
8546.457
8578.908
8572.396
8579.429
8540.467
8544.217
8576.355
8579.064
8578.647
8543.592
8548.124
8570.782
8575.366
8568.490
8544.270
8541.717
8579.742
8576.251
8545.415
8544.842
8576.929
8575.523
8576.720
8545.988
8540.415
8577.501
8578.648
8577.866
8544.269
8537.446
8575.001
8572.189
8571.199
8548.020
8545.154
8578.647
8575.054
8577.189
8543.696
8544.946
8578.491
8575.522
8544.113
8545.571
8578.960
8575.574
8575.574
8549.582
8548.488
8577.971
8578.387
8576.928
8548.905
8548.436
8576.460
8578.596
8570.314
8541.612
8547.967
8577.553
8579.377
8545.519
8548.228
8543.696
8585.731
8578.439
8542.238
8545.102
8576.251
8575.210
8580.679
8545.207
8542.186
8579.949
8579.221
8576.720
8543.905
8547.030
8579.585
8582.137
8578.022
8544.165
8545.884
8577.033
8568.855
8543.227
8538.071
8543.019
8580.158
8579.794
8547.290
8546.404
8568.074
8573.439
8572.762
8540.623
8544.165
8576.720
8576.095
8577.137
8546.769
8544.113
8581.148
8579.377
8579.533
8545.102
8544.165
8575.991
8581.565
8543.123
8536.872
8536.456
8575.730
8571.720
8544.061
8546.821
8574.950
8576.825
8578.023
8538.331
8544.009
8566.407
8575.261
8576.252
8547.915
8550.468
8578.856
8575.887
8580.054
8539.008
8543.227
8574.585
8579.481
8584.326
8545.832
8546.092
8576.356
8578.543
8543.800
8543.540
8547.343
8581.460
8577.085
8545.936
8544.321
8579.168
8581.773
8572.605
8540.780
8550.207
8579.377
8578.023
8581.044
8546.405
8546.301
8574.429
8571.199
8575.262
8546.248
8551.353
8577.919
8578.700
8545.728
8547.082
8572.918
8572.918
8569.949
8541.509
8547.134
8579.585
8575.575
8582.346
8544.113
8538.071
8575.835
8578.544
8575.314
8545.415
8546.249
8577.450
8581.147
8577.710
8544.477
8547.082
8569.272
8583.700
8548.228
8543.592
8543.540
8574.897
8578.231
8548.905
8547.915
8579.741
8581.929
8579.169
8546.561
8545.624
8579.690
8579.585
8576.824
8540.311
8539.998
8578.648
8576.669
8546.613
8548.176
8547.082
8576.095
8575.053
8538.540
8540.624
8566.459
8577.033
8579.846
8545.988
8544.947
8572.293
8576.043
8577.710
8547.446
8544.894
8577.345
8579.898
8580.992
8544.583
8546.770
8579.429
8571.616
8541.978
8537.446
8547.551
8581.617
8575.470
8545.676
8549.895
8568.543
8574.064
8581.721
8546.614
8544.790
8580.106
8575.575
8580.887
8546.509
8541.457
8568.856
8574.689
8569.481
8549.739
8543.540
8578.127
8583.075
8580.732
8539.685
8541.457
8577.138
8580.679
8546.613
8545.050
8574.689
8577.606
8577.554
8537.498
8537.655
8574.793
8571.199
8578.127
8545.416
8547.811
8578.700
8579.013
8577.190
8541.352
8540.884
8571.043
8582.555
8580.835
8547.239
8544.113
8577.450
8577.138
8543.072
8546.041
8576.668
8581.929
8580.471
8547.134
8546.249
8577.919
8575.470
8569.793
8540.415
8542.238
8581.617
8580.731
8580.211
8550.521
8547.239
8570.575
8571.512
8570.366
8540.780
8541.822
8580.783
8583.544
8543.332
8546.405
8544.426
8573.855
8572.084
8540.832
8543.697
8574.377
8576.304
8579.117
8545.520
8546.405
8576.356
8578.596
8577.086
8541.665
8543.020
8580.419
8574.481
8579.325
8537.862
8547.239
8574.013
8576.929
8576.200
8549.010
8546.718
8578.023
8577.606
8544.634
8543.853
8574.793
8579.273
8578.075
8544.218
8546.040
8576.773
8578.387
8570.314
8539.165
8541.301
8575.471
8577.554
8581.722
8543.176
8541.926
8572.710
8575.107
8578.752
8549.010
8548.645
8572.710
8577.502
8547.812
8544.634
8544.947
8569.585
8576.199
8542.655
8541.769
8574.273
8581.096
8577.607
8546.405
8544.062
8574.793
8580.576
8578.544
8546.509
8541.978
8578.127
8583.076
8581.253
8543.071
8543.489
8581.826
8578.596
8544.061
8550.833
8577.450
8578.648
8577.293
8541.978
8540.103
8579.533
8577.502
8577.607
8545.677
8542.447
8579.013
8579.742
8578.804
8536.092
8544.739
8578.544
8574.065
8578.283
8548.437
8545.728
8577.450
8578.336
8545.624
8547.864
8570.106
8575.627
8574.950
8544.739
8546.979
8577.555
8576.669
8575.836
8538.540
8541.196
8572.762
8577.398
8583.649
8548.020
8545.832
8577.450
8575.158
8572.085
8541.822
8545.416
8579.950
8580.420
8549.635
8546.510
8576.096
8573.752
8575.419
8540.103
8543.802
8578.284
8580.576
8582.295
8547.551
8543.801
8573.856
8573.023
8573.752
8540.467
8540.207
8578.909
8578.544
8576.357
8545.208
8540.780
8578.388
8580.732
8544.635
8546.927
8574.586
8578.231
8578.596
8546.875
8543.489
8572.711
8572.241
8572.450
8540.520
8545.572
8577.867
8578.492
8578.544
8543.489
8543.228
8575.888
8572.346
8578.232
8547.707
8545.468
8581.982
8582.503
8547.030
8543.437
8576.043
8580.315
8580.889
8545.624
8548.750
8579.117
8582.242
8579.586
8544.947
8547.082
8576.513
8582.451
8577.711
8544.999
8544.426
8576.981
8576.513
8546.510
8543.176
8547.604
8582.346
8579.326
8544.634
8549.531
8579.690
8575.887
8574.638
8542.291
8540.259
8574.846
8579.169
8576.877
8545.885
8549.739
8578.232
8571.251
8574.378
8540.832
8538.019
8579.221
8576.982
8544.583
8544.843
8544.844
8576.513
8576.357
8543.072
8540.207
8577.398
8581.253
8578.753
8546.146
8545.051
8578.180
8578.752
8577.867
8544.270
8547.760
8577.971
8580.836
8580.993
8544.114
8544.479
8574.326
8577.034
8539.218
8548.438
8578.180
8578.596
8579.482
8547.604
8539.946
8565.939
8574.064
8575.627
8546.927
8544.582
8575.523
8578.909
8578.180
8536.874
8541.718
8572.398
8568.908
8582.243
8548.490
8545.364
8580.576
8578.649
8542.811
8539.582
8539.478
8574.221
8578.180
8545.520
8548.749
8574.846
8579.430
8581.774
8549.114
8546.666
8579.794
8577.971
8580.420
8547.812
8545.833
8572.189
8571.877
8572.137
8539.373
8533.749
8580.211
8580.992
8578.284
8545.000
8542.604
8574.846
8572.242
8539.843
8544.895
8543.333
8578.128
8577.711
8547.239
8540.832
8572.398
8574.742
8577.346
8541.041
8544.740
8580.680
8579.586
8578.857
8546.874
8545.208
8573.232
8573.856
8579.430
8545.573
8544.531
8577.347
8579.794
8543.489
8538.957
8545.572
8578.909
8578.127
8545.104
8543.645
8578.180
8580.472
8574.638
8549.167
8543.750
8579.274
8574.898
8579.690
8547.135
8545.885
8577.764
8578.284
8540.989
8542.656
8540.833
8576.148
8581.357
8546.979
8546.771
8573.440
8575.576
8571.930
8541.458
8542.239
8568.960
8581.044
8578.857
8548.802
8542.135
8573.648
8574.169
8577.139
8541.041
8540.572
8580.159
8583.337
8581.774
8544.478
8543.281
8579.586
8574.378
8540.468
8539.635
8549.427
8578.545
8577.920
8549.740
8543.281
8571.043
8578.753
8581.149
8547.500
8545.624
8581.514
8581.305
8576.774
8541.301
8540.416
8576.565
8577.607
8578.076
8544.166
8549.219
8577.243
8581.097
8545.677
8544.792
8546.771
8580.055
8579.691
8545.677
8548.490
8581.149
8583.441
8576.201
8544.739
8545.208
8576.878
8573.128
8581.097
8549.792
8546.562
8578.909
8577.815
8575.419
8540.728
8542.239
8573.336
8580.941
8545.208
8545.677
8570.158
8573.231
8571.565
8538.697
8537.290
8565.106
8580.367
8576.826
8545.156
8546.666
8574.117
8578.701
8577.503
8548.646
8544.479
8577.659
8580.576
8584.326
8542.760
8544.740
8573.231
8569.637
8542.343
8544.270
8545.052
8578.649
8579.743
8546.980
8548.177
8574.898
8578.544
8577.919
8538.385
8547.188
8580.889
8578.284
8578.493
8545.937
8542.447
8579.274
8578.180
8581.722
8547.968
8545.573
8578.180
8579.534
8544.947
8543.281
8535.363
8571.721
8574.430
8546.615
8544.010
8574.065
8576.409
8575.315
8543.020
8538.853
8576.201
8578.753
8581.253
8546.875
8542.916
8578.649
8580.993
8576.200
8543.646
8541.979
8577.660
8577.139
8582.764
8545.261
8545.052
8575.784
8576.409
8547.292
8545.678
8546.146
8580.680
8580.784
8545.468
8545.990
8576.305
8570.523
8576.461
8542.708
8541.510
8578.180
8580.108
8582.868
8548.959
8548.386
8577.868
8570.940
8539.479
8541.145
8544.167
8577.816
8577.763
8539.374
8544.635
8575.628
8582.191
8582.504
8547.032
8544.271
8579.951
8579.013
8581.045
8545.938
8547.292
8580.524
8578.337
8577.763
8548.177
8548.282
8581.045
8579.014
8546.823
8541.615
8539.114
8574.482
8580.264
8543.958
8546.303
8569.534
8580.108
8575.315
8538.697
8538.905
8570.731
8575.992
8579.014
8546.927
8542.500
8580.889
8585.838
8570.887
8539.583
8540.312
8575.889
8574.691
8580.420
8543.906
8551.824
8576.878
8572.763
8544.167
8542.188
8539.999
8578.753
8582.243
8542.813
8548.907
8578.545
8581.045
8575.680
8536.510
8540.312
8572.138
8581.722
8581.097
8549.375
8549.063
8578.649
8577.190
8582.504
8544.270
8574.899
8577.295
8576.357
8541.511
8544.949
8570.784
8569.326
8578.545
8536.875
8544.428
8578.546
8578.441
8576.722
8546.511
8543.386
8575.316
8578.336
8573.649
8546.146
8543.855
8574.847
8583.025
8575.681
8539.114
8540.781
8576.045
8576.045
8546.772
8546.251
8583.493
8578.962
8579.847
8541.719
8542.291
8573.336
8576.826
8578.858
8544.688
8543.125
8582.712
8575.316
8582.243
8545.469
8544.219
