1606.147
1100.368
1183.085
1450.559
1562.340
1629.691
1564.945
1131.986
1546.610
1444.829
1608.751
1428.526
1200.586
1393.731
1532.077
1143.081
957.750
1626.669
1370.707
1570.935
1137.924
1311.274
1630.056
1643.859
1608.126
1606.511
1279.083
1300.805
1492.021
1546.350
1505.304
1372.739
1607.084
1465.456
1301.013
1640.109
1192.460
1333.412
1193.710
1574.165
1623.857
1560.674
1547.339
1641.671
1687.248
1579.999
1459.205
1274.135
1523.847
1675.164
1498.324
1531.504
1481.343
1280.490
1360.758
1246.632
1446.288
1447.381
1499.886
1453.736
996.608
1541.609
1599.948
1289.814
1216.369
1347.788
1554.318
1532.337
1386.229
1451.965
1314.816
1173.448
1625.003
1273.406
1098.753
1552.391
1485.770
1526.556
1532.911
1460.560
1429.776
1459.987
1624.169
1700.062
1659.329
1567.497
1193.658
1606.355
1479.780
1606.981
1478.634
1325.025
1669.903
1515.565
1241.580
1303.200
1549.422
1348.100
1595.886
1139.643
1648.860
1674.643
1300.857
1346.590
1566.403
1374.249
1590.520
1377.426
1499.522
1264.968
1284.292
1617.346
1665.944
1600.261
1540.411
1066.510
1453.893
1223.974
1685.999
1495.198
1428.682
1544.370
1312.368
1124.642
848.156
1678.081
1107.192
1408.575
1666.153
1380.708
1344.820
1499.574
1684.175
1293.877
1215.640
911.079
1620.002
1693.863
1507.908
1643.338
1550.048
1706.677
1466.393
1366.384
1503.220
1492.073
1617.451
1438.891
1454.517
1556.715
1600.417
1131.152
1550.360
1549.526
801.485
1548.225
1546.766
1700.010
1605.835
1509.627
1421.389
1418.264
1499.418
1360.498
1602.657
1667.715
1480.145
1625.888
1715.324
1576.977
1546.297
1544.943
1606.460
1513.950
989.003
1158.186
1498.740
1582.030
1556.923
1490.198
1642.088
1544.422
1549.526
1682.144
777.628
1350.288
1504.314
1552.912
1540.932
1424.723
1598.854
1545.672
1520.097
1342.788
1154.436
1259.550
1583.957
1337.267
1403.470
1371.228
1582.447
1552.913
1705.844
1659.642
1354.560
1547.859
1335.704
1668.132
1560.517
1316.535
1176.729
1602.240
1504.574
1537.547
989.368
1625.836
1519.836
1589.062
1369.613
1689.071
1598.282
1679.436
1626.774
1643.286
1541.974
1561.195
1437.433
1353.830
1637.973
1590.728
1473.947
1357.581
1028.017
1524.420
1529.160
1515.617
1383.052
1551.767
1600.104
1574.321
1332.058
1249.497
1666.257
1341.746
1550.620
1375.916
1009.995
1617.919
1647.088
692.829
1528.587
1392.219
1347.216
1596.667
1592.448
1599.844
1645.629
1454.883
1499.574
1369.613
1512.075
1433.630
1483.114
1336.797
1162.666
1590.000
1606.303
1730.482
1592.500
1508.013
1373.364
1371.228
1619.013
1424.984
1407.533
1642.818
1435.609
1564.945
1420.191
1148.082
1581.821
1512.648
960.875
1600.730
1471.134
1528.952
1041.664
1583.801
1238.142
1681.258
1591.354
1559.319
822.112
1621.200
1485.979
1383.990
1311.899
1281.635
1599.740
1694.281
1609.949
1334.089
1509.210
1431.703
1560.101
1397.585
1206.368
1529.421
1519.784
1004.995
1616.148
1355.966
1291.168
1202.722
1605.418
1586.457
1619.585
1399.512
871.700
1675.477
953.323
1497.803
1274.083
1651.151
1419.618
1272.156
1536.661
1522.545
1449.361
1626.149
1597.031
1478.113
1385.448
1538.015
1700.219
1426.233
1343.204
1659.694
1519.368
1492.281
1619.898
1298.668
1050.728
1540.932
1566.924
1534.004
1700.062
1053.592
1541.818
1447.642
1486.083
1397.533
1211.889
1407.533
1629.169
1313.722
1620.888
957.802
1640.578
1654.797
1249.706
1496.188
949.051
1653.235
1598.074
1423.681
1466.915
1677.404
1429.463
1582.290
1325.443
1172.458
1583.644
1421.962
1586.770
1542.599
1473.061
1593.750
1578.123
1672.872
1566.456
1565.935
1572.810
1713.710
1522.649
1613.283
1583.176
1235.434
1469.206
1684.331
1438.266
1470.405
1525.358
1670.893
1215.848
1665.945
1479.468
1619.429
1220.588
1466.549
1328.098
1655.631
1518.066
1405.450
1583.853
1501.085
1502.804
1485.563
1619.794
1332.995
1527.493
1673.549
1575.832
1691.468
1540.724
1632.504
1442.120
1385.031
1519.315
1679.332
1591.458
1570.258
1471.862
1711.730
1523.951
1259.394
1258.196
1314.660
1489.365
1352.268
1437.276
1563.069
1390.449
1354.299
1140.476
1462.331
1355.341
1353.779
1227.620
1521.034
1423.733
1387.324
1607.657
1335.235
1287.887
1447.746
1317.108
1463.841
1474.572
1563.799
1607.084
1591.146
1639.796
1565.726
1163.083
1742.670
1445.871
1480.353
1383.781
1643.442
1233.142
1666.413
922.174
1304.920
1390.084
1426.389
997.546
1483.114
1493.584
1601.511
1642.609
1668.392
1563.382
1749.130
1386.803
1318.515
1586.041
1527.754
1625.524
1391.178
1563.851
1459.570
1392.012
1455.142
1505.304
1530.358
1588.854
1481.447
1519.941
1679.852
1664.382
1521.503
1306.221
1419.566
1274.239
1618.284
1522.337
871.544
1565.570
1512.753
1550.673
1593.281
1676.830
1336.538
1578.436
1439.776
1307.524
1323.984
1558.434
1467.592
1492.229
1569.320
1567.237
1272.520
1063.489
1599.844
1660.319
958.428
1408.107
1658.652
1665.372
1490.406
1584.478
1473.790
1618.596
1487.281
1635.577
1387.272
1413.680
1448.371
1357.581
1425.557
1352.684
1613.388
1597.448
1441.704
1314.243
1578.019
1188.606
1150.529
1636.879
1555.517
1266.061
1164.802
1370.082
1523.118
1387.479
1546.505
1345.028
1646.619
1292.783
1510.304
1516.347
1655.526
1286.116
1472.748
993.899
1612.554
1527.962
1565.986
1586.144
1312.159
1424.567
1515.722
1547.704
1449.725
1452.122
1136.257
1703.917
1561.871
1579.270
1562.184
1590.103
998.431
1569.945
1266.009
1584.843
1391.386
1024.684
1673.237
949.676
1389.511
1572.706
1453.476
1401.960
1599.792
1253.508
1543.381
1650.423
1421.597
1652.922
1413.524
1271.896
1402.898
1513.534
1433.109
1574.008
1314.191
1613.543
1509.836
1600.470
969.678
1573.279
1632.608
1575.987
1554.059
1540.828
1427.067
1626.357
1620.002
1388.417
1531.816
1458.320
1497.126
1511.814
1346.382
1696.468
1363.779
1268.926
1455.976
1250.122
1646.672
1548.954
1360.706
1109.171
1623.180
1519.993
1393.262
1594.166
1129.277
1667.924
1604.949
1173.813
1261.686
1512.075
1355.393
1525.879
1632.816
1474.102
1495.095
1348.257
1433.630
1576.769
1112.349
1094.118
1540.099
1387.636
1548.016
1396.908
1277.781
1540.567
902.640
1269.707
1499.470
1129.433
1508.689
1566.404
1496.500
1388.157
1011.870
1405.502
1540.151
1370.447
1550.204
1347.580
1517.232
1620.002
1705.896
1344.715
1352.684
1659.642
1611.981
1054.843
1450.142
1682.561
1589.583
1322.421
1583.697
1717.877
1415.920
1536.557
1470.040
1419.306
1586.562
1267.833
1412.117
1421.493
1599.792
1695.479
1596.615
1570.154
1421.597
1699.802
1444.933
1605.522
1515.877
1637.088
1199.909
1651.307
1644.536
1420.243
1660.214
1024.423
1315.129
1210.275
1313.357
1160.843
1251.685
1575.415
1066.458
1118.600
1515.982
1395.345
1615.106
1539.943
1666.830
1404.617
1524.004
1265.436
1541.557
1618.128
1133.132
1031.455
1726.315
1646.464
1694.437
1519.628
1010.933
1178.448
1569.112
1596.094
1714.438
1508.689
1503.324
1265.489
869.461
1555.256
1202.827
1467.644
1469.467
1513.065
1493.219
1301.117
1584.374
1503.168
1450.247
1678.081
1530.045
1595.521
1445.662
1433.474
1615.888
1597.552
1370.603
1347.319
1429.411
1427.067
1355.184
1564.372
1604.428
1610.991
1416.754
1265.958
1664.017
1319.453
1518.065
1237.413
1693.499
1612.085
1620.888
1454.049
1491.865
1582.239
1325.495
1379.666
1139.018
1316.900
1623.232
1546.037
1226.005
1431.234
1506.033
1438.422
1636.723
1582.915
1594.739
1570.831
1470.665
1581.821
1464.154
1336.746
1569.425
1311.743
1617.346
1610.887
1476.134
1383.938
1697.926
1566.456
1406.440
1369.718
1666.934
262.995
1656.777
1470.249
1287.366
1575.259
1449.413
1339.455
1068.491
1688.655
1486.865
1378.365
1612.658
1676.778
1581.874
1516.711
1545.412
1259.394
1518.274
1403.471
1373.936
1687.874
1568.800
1408.784
1551.402
1472.280
1388.990
1425.243
1559.841
1197.617
1641.984
1292.991
1355.341
1587.864
1026.247
1604.116
1598.334
1426.181
1431.078
1285.959
1345.027
1626.045
1430.348
1345.392
1659.955
1673.184
1579.634
1630.264
1636.931
1706.261
1003.849
1621.721
1490.146
1429.723
1129.225
1708.501
1406.648
1359.144
1382.166
1635.265
1336.902
1496.970
1540.046
1575.259
1540.255
1313.306
1438.370
1404.773
1084.794
1527.598
1568.383
1532.598
1051.978
1457.331
1437.589
1450.403
1440.453
1217.307
483.797
1538.536
1591.458
962.490
1446.079
1558.799
1569.320
1208.764
1539.578
1500.720
1566.507
1588.958
1019.423
1653.079
1186.574
1711.001
1385.865
1482.854
1549.787
1422.795
1034.216
1548.121
1416.493
1658.704
1458.997
1137.872
1034.633
1587.499
1283.616
1314.191
1507.336
1537.130
1492.855
1366.801
1674.123
1583.957
1000.150
1443.267
1565.153
1385.969
1496.241
1279.188
1285.491
1526.921
1198.294
1460.976
1332.214
1089.274
1464.779
1433.526
1304.034
1250.019
1600.990
1447.954
1498.584
1233.350
1393.001
1718.710
1557.184
1645.214
1342.423
890.035
893.786
1645.735
1384.719
1520.253
1182.668
1174.907
1699.698
1553.277
1453.372
1604.637
1771.684
1568.434
1133.653
1608.179
1512.804
1331.381
1312.733
1572.237
1510.304
1418.159
1439.204
1579.373
1625.680
1363.155
1418.212
1453.476
1228.350
1307.211
1198.503
1614.272
1539.421
1506.033
1648.547
976.502
1265.958
1550.048
928.476
1358.622
1469.571
1625.367
1486.917
1202.514
1739.701
1315.650
1592.552
1493.479
1699.021
1461.289
1611.825
1620.992
1569.841
1511.450
1316.067
1484.885
1633.493
1674.747
1561.820
1460.560
1685.999
