2030.929
1796.738
1797.103
1819.657
1842.212
1777.049
1867.005
1806.218
1853.932
1821.637
1897.425
1838.045
1858.463
1774.444
1867.995
1836.482
1835.232
1848.931
1784.862
1857.786
1867.892
1822.106
1877.580
1780.851
1847.056
1832.732
1802.416
1963.578
1800.853
1874.507
1802.676
1807.365
1823.199
1800.645
1840.180
1816.168
1864.297
1806.635
1833.929
1809.813
1838.201
1780.591
1825.074
1936.700
1825.492
1815.074
1841.534
1902.895
1871.069
1808.823
1842.993
1830.232
1814.240
1828.982
1787.050
1812.469
1794.655
1785.592
1871.433
1825.074
1751.890
1779.809
1817.574
1782.310
1807.782
1768.923
1936.232
1759.078
1823.147
1789.654
1760.433
1782.205
1866.120
1836.170
1848.254
1752.984
1717.876
1808.198
1775.695
1826.585
1869.714
1935.763
1783.196
1737.201
1862.474
1828.148
1803.927
1812.104
1802.468
1837.889
1856.067
1827.783
1803.874
1857.786
1826.377
1846.900
1816.115
1775.383
1827.367
1770.694
1860.964
1797.311
1889.508
1816.741
1787.259
1839.139
1846.952
1785.904
1808.302
1815.751
1784.810
1868.360
1801.166
1829.502
1797.051
1818.512
1840.076
1879.403
1869.194
1883.622
1786.164
1791.529
1791.998
1844.451
1784.810
1833.930
1762.204
1775.278
1766.215
1763.714
1784.290
1839.868
1824.866
1838.878
1868.621
1815.647
1883.570
1756.266
1851.848
1887.893
1815.959
1806.844
1863.203
1818.147
1794.395
1900.134
1781.268
1815.542
1867.371
1894.091
1779.601
1827.106
1805.750
1849.035
1865.495
1793.665
1840.649
1835.753
1881.226
1822.835
1789.967
1855.494
1807.000
1840.910
1802.156
1780.227
1862.734
1812.365
1864.297
1801.531
1874.871
1819.554
1832.576
1811.688
1812.938
1835.596
1824.814
1783.612
1783.560
1838.357
1828.200
1859.922
1829.294
1811.427
1874.454
1858.567
1837.524
1861.224
1829.138
1843.306
1768.454
1786.217
1814.345
1864.089
1777.257
1858.255
1873.673
1812.834
1841.066
1821.273
1775.226
1772.622
1814.397
1800.541
1780.487
1791.060
1772.778
1905.604
1773.455
1793.405
1770.330
1753.817
1990.768
1831.742
1780.018
1823.199
1783.717
1812.730
1803.406
1810.594
1765.277
1785.852
1833.096
1838.358
1784.342
1779.550
1804.344
1811.532
1789.707
1813.147
1861.953
1801.323
1868.985
1870.287
1821.272
1861.745
1812.730
1825.492
1790.696
1823.668
1875.653
1801.896
1824.710
1946.284
1883.570
1862.474
1858.308
1793.873
1834.450
1834.659
1825.543
1858.932
1814.397
1806.792
1834.503
1794.447
1856.901
1790.487
1916.489
1822.627
1858.411
1805.333
1867.215
1797.364
1797.572
1851.900
1842.577
1832.888
1838.513
1822.158
1802.260
1847.369
1806.062
1874.298
1818.616
1796.582
1769.913
1839.138
1814.656
1814.813
1823.825
1823.669
1791.738
1862.682
1830.804
1882.372
1790.592
1822.471
1851.484
1825.283
1805.125
1815.595
1828.930
1829.450
1868.308
1816.949
1770.538
1794.708
1812.626
1806.375
1786.686
1853.619
1769.809
1765.434
1786.685
1834.972
1824.814
1776.424
1798.406
1789.810
1845.649
1929.407
1853.984
1846.795
1845.128
1820.491
1837.993
1841.899
1843.722
1796.479
1804.656
1771.059
1786.685
1775.278
1793.613
1806.636
1825.439
1797.572
1781.269
1845.806
1785.019
1787.727
1818.616
1820.647
1752.099
1889.143
1856.536
1847.786
1859.922
1810.021
1834.242
1867.319
1812.053
1807.000
1853.619
1849.504
1819.970
1873.934
1854.192
1850.442
1860.182
1804.343
1836.743
1764.913
1797.572
1782.935
1853.463
1772.674
1804.343
1820.960
1817.730
1803.406
1784.498
1878.570
1806.844
1862.474
1835.440
1808.458
1880.966
1828.356
1830.908
1810.125
1863.985
1788.040
1827.106
1803.770
1774.497
1785.592
1793.092
1764.288
1770.173
1826.117
1773.142
1790.071
1762.568
1846.639
1832.575
1831.638
1825.492
1794.655
1823.981
1801.583
1837.264
1829.294
1913.312
1801.740
1819.033
1786.425
1847.212
1802.260
1831.742
1827.835
1811.583
1822.887
1815.855
1808.979
1776.268
1801.687
1852.994
1800.697
1798.405
1863.725
1833.982
1852.264
1831.013
1830.179
1797.260
1847.004
1773.299
1782.050
1802.260
1752.255
1757.672
1779.080
1834.763
1791.634
1780.331
1818.146
1797.676
1811.792
1822.626
1814.448
1789.081
1794.186
1802.312
1856.744
1837.003
1825.491
1885.706
1789.030
1856.172
1827.784
1823.408
1777.101
1820.335
1811.532
1861.588
1814.240
1810.542
1813.928
1853.879
1875.808
1804.500
1882.528
1826.012
1860.287
1839.868
1792.311
1834.659
1868.672
1825.179
1819.657
1783.456
1842.732
1819.345
1759.547
1836.586
1807.469
1809.969
1804.239
1763.298
1809.813
1877.840
1836.065
1775.904
1815.647
1773.298
1840.024
1731.003
1812.834
1795.749
1801.739
1797.311
1782.362
1961.234
1798.301
1800.541
1784.289
1749.754
1813.719
1835.336
1756.682
1802.625
1834.607
1851.900
1821.897
1795.593
1872.996
1817.626
1804.916
1843.254
1822.157
1893.988
1805.073
1846.379
1776.788
1820.439
1804.708
1801.062
1858.046
1812.833
1850.130
1851.275
1824.450
1853.410
1845.754
1794.863
1824.294
1924.616
1833.044
1892.686
1825.388
1862.110
1822.575
1814.240
1936.648
1808.511
1846.223
1862.891
1824.189
1836.587
1928.523
1827.783
1806.479
1839.035
1821.793
1830.908
1823.251
1786.946
1916.282
1876.694
1812.938
1824.033
1786.894
1799.708
1808.354
1800.437
1784.498
1810.750
1823.824
1799.134
1813.198
1813.250
1809.969
1850.338
1789.654
1776.789
1875.757
1860.234
1823.981
1808.094
1766.267
1758.818
1776.008
1784.445
1732.305
1858.567
1812.730
1817.158
1885.706
1824.814
1847.525
1831.169
1782.727
1844.087
1794.343
1828.356
1784.342
1841.535
1781.372
1867.891
1841.951
1840.493
1852.942
1827.835
1849.765
1815.855
1814.553
1829.346
1854.088
1801.375
1871.798
1812.677
1799.968
1871.850
1864.245
1798.406
1842.941
1811.948
1837.680
1786.633
1882.112
1823.303
1845.910
1836.794
1838.722
1799.968
1785.383
1885.549
1834.972
1817.522
1804.343
1808.875
1784.706
1819.345
1805.646
1825.492
1844.452
1838.722
1841.795
1810.282
1819.553
1833.722
1767.726
1828.616
1795.749
1784.654
1755.485
1797.780
1763.454
1850.390
1785.331
1812.105
1805.645
1777.362
1796.061
1844.660
1800.958
1826.533
1853.515
1904.458
1828.512
1833.617
1828.721
1820.230
1799.135
1808.823
1846.066
1854.192
1806.323
1825.074
1821.897
1870.184
1824.710
1846.847
1817.053
1797.468
1859.036
1749.599
1860.807
1797.624
1823.512
1826.169
1881.330
1856.119
1818.095
1846.535
1874.768
1838.306
1865.235
1785.696
1811.323
1875.392
1854.921
1863.203
1810.594
1784.759
1738.243
1825.543
1804.448
1814.605
1823.043
1767.308
1806.687
1887.476
1842.003
1844.244
1787.572
1877.059
1765.121
1796.530
1805.437
1785.487
1758.922
1829.190
1830.908
1843.306
1742.463
1786.790
1837.940
1792.103
1839.399
1809.813
1771.268
1762.412
1775.487
1854.141
1785.540
1840.024
1789.498
1817.053
1801.999
1810.125
1790.905
1812.053
1825.700
1845.754
1910.709
1869.194
1797.572
1836.638
1844.244
1837.732
1836.742
1807.521
1777.309
1793.144
1833.461
1833.513
1918.365
1820.283
1867.527
1816.688
1823.460
1809.448
1805.020
1889.039
1807.156
1825.752
1873.517
1910.656
1827.523
1871.798
1844.295
1819.866
1833.149
1863.412
1814.761
1825.231
1806.479
1822.418
1774.653
1863.203
1789.967
1890.289
1850.962
1874.194
1821.428
1816.011
1799.812
1775.435
1811.844
1794.499
1837.107
1809.084
1754.755
1785.748
1834.972
1822.471
1767.257
1806.427
1745.327
1825.075
1805.802
1765.642
1821.429
1880.705
1794.134
1793.874
1745.535
1768.298
1806.010
1837.159
1804.239
1830.544
1838.878
1812.939
1825.856
1816.480
1816.532
1760.901
1838.045
1877.163
1795.437
1883.622
1876.330
1822.054
1821.897
1835.753
1818.408
1793.561
1790.332
1923.782
1835.909
1896.383
1855.755
1793.249
1794.603
1771.736
1803.562
1770.955
1787.571
1790.749
1772.049
1771.580
1761.944
1761.110
1770.850
1817.782
1752.411
1780.019
1888.258
1825.803
1777.882
1827.471
1821.377
1893.259
1809.031
1789.342
1885.288
1794.968
1842.264
1808.771
1868.569
1798.875
1888.831
1885.185
1781.581
1844.191
1809.187
1791.426
1776.267
1806.635
1788.144
1839.868
1811.584
1804.239
1850.233
1847.056
1842.212
1791.269
1834.815
1787.571
1814.188
1795.488
1834.295
1822.157
1786.060
1817.730
1860.911
1863.308
1784.341
1859.244
1825.440
1766.319
1730.743
1801.530
1811.532
1757.776
1825.440
1753.870
1814.084
1804.551
1770.226
1784.707
1816.637
1826.898
1836.014
1813.824
1815.178
1793.457
1815.282
1851.483
1812.678
1814.188
1774.132
1816.064
1794.238
1909.249
1831.273
1861.120
1804.291
1782.935
1825.023
1797.989
1776.007
1836.586
1836.482
1866.120
1854.713
1845.493
1848.254
1822.366
1802.312
1813.668
1875.757
1924.564
1788.352
1865.026
1791.426
1961.859
1791.113
1829.867
1867.683
1820.178
1928.523
1850.911
1794.812
1878.153
1801.948
1854.974
1797.572
1810.854
1824.241
1748.661
1824.501
1863.099
1834.816
1826.898
1865.860
1738.347
1832.471
1781.425
1792.623
1832.627
1831.846
1763.871
1761.839
1809.812
1808.563
1730.326
1850.546
1890.654
1770.017
1814.293
1798.249
1776.424
1883.101
2041.086
1771.059
1833.044
1843.462
1759.234
1853.984
1780.122
1787.155
1748.922
1825.283
1846.275
1872.891
1805.125
1814.240
1821.532
1881.851
1839.086
1811.115
1847.577
1838.618
1828.461
1835.336
1823.147
1845.389
1826.429
1785.227
1834.398
1789.967
1810.803
1826.481
1854.505
1784.706
1805.229
1831.638
1937.169
1892.842
1765.121
1807.781
1825.595
1784.393
1796.166
1883.049
1821.324
1852.994
1822.835
1825.127
1811.062
1814.553
1811.324
1827.523
1846.744
1835.023
