132.252
75.737
76.362
75.892
75.737
75.945
75.632
75.997
75.633
75.788
75.684
75.789
75.685
75.945
75.997
75.893
104.698
75.164
105.583
76.466
76.050
75.789
75.893
75.893
75.893
75.893
75.841
75.841
75.789
75.788
75.893
75.737
75.789
75.685
75.840
75.685
75.840
75.580
75.893
75.684
75.736
76.154
75.945
109.021
76.101
103.969
75.737
75.788
75.788
75.841
75.840
75.841
75.997
75.841
75.737
75.893
75.841
75.789
75.736
75.893
75.841
75.893
75.684
75.789
75.685
75.789
75.633
75.892
75.736
75.945
75.736
75.997
108.500
75.997
105.427
75.945
75.841
75.789
75.789
75.840
75.789
75.789
75.788
75.841
75.841
75.788
75.841
75.841
75.840
75.736
75.841
75.633
75.841
75.736
75.841
75.632
75.945
75.633
75.893
75.580
75.788
75.840
75.841
76.309
76.049
105.011
75.945
105.739
75.893
75.788
75.997
75.841
75.841
75.841
75.893
75.893
75.892
75.893
75.945
75.788
75.789
75.840
75.633
75.841
75.685
75.736
75.736
75.789
75.528
75.841
75.997
75.893
75.997
76.049
108.969
75.945
108.709
75.945
75.841
75.841
75.893
75.789
75.893
75.945
75.841
75.893
75.737
75.841
75.788
75.684
75.789
75.788
75.841
75.684
75.841
75.632
75.841
75.632
75.841
75.789
75.945
75.789
75.945
109.594
76.049
103.917
75.997
75.840
75.840
75.893
75.789
75.789
75.789
75.945
75.841
75.841
75.893
75.893
75.632
75.893
75.684
75.893
75.684
75.841
75.684
75.893
75.580
75.789
75.684
75.893
109.022
75.945
109.751
75.997
104.385
75.893
112.459
75.789
75.788
75.840
75.893
75.841
75.737
75.841
75.840
75.788
75.789
75.789
75.841
75.997
75.840
75.632
75.788
75.788
75.893
75.632
75.841
75.789
75.945
76.049
75.997
109.490
75.893
106.417
75.945
112.355
75.893
75.789
75.892
75.789
75.789
75.789
75.737
75.737
75.997
75.945
75.789
75.945
75.736
75.893
75.840
75.997
75.893
75.893
75.736
75.893
75.685
75.788
76.049
76.101
106.782
75.945
106.885
75.945
75.840
75.684
75.789
75.841
75.840
75.893
75.893
75.893
75.736
75.737
75.840
76.205
76.049
76.258
75.788
75.632
75.736
75.633
75.893
75.528
75.893
75.685
75.893
75.841
75.945
109.125
75.841
106.886
75.997
75.841
75.893
75.840
75.892
75.893
75.737
75.893
75.841
75.841
75.945
75.893
75.788
75.841
76.205
75.841
75.737
75.788
75.789
75.892
75.632
75.841
75.581
75.841
75.736
75.841
75.581
76.049
111.001
75.945
105.114
76.049
75.945
75.892
75.789
75.840
75.841
75.789
75.997
75.893
75.789
75.840
75.841
75.997
75.840
75.789
75.840
75.737
75.788
75.737
75.841
75.633
75.736
75.944
75.893
76.206
75.997
107.355
75.997
103.500
75.945
75.841
75.841
75.789
75.737
75.789
75.789
75.893
75.997
75.893
75.737
75.841
75.945
75.893
75.737
75.893
75.736
75.841
75.684
75.841
75.788
75.893
75.945
75.997
108.500
75.892
106.677
75.945
75.841
75.893
75.841
75.841
75.841
76.258
75.893
75.789
75.841
75.840
75.893
75.789
75.841
75.840
75.737
75.684
75.841
75.685
75.893
75.580
75.841
76.101
75.788
76.049
75.893
107.615
75.737
106.834
75.841
111.573
75.788
75.893
75.893
75.840
75.737
75.788
75.841
75.841
75.841
75.789
75.945
75.789
75.789
75.789
75.685
75.840
75.632
75.789
75.632
75.736
75.737
75.840
76.309
75.945
108.656
76.310
106.417
75.841
75.893
75.789
75.788
75.841
75.945
75.893
75.893
75.893
75.841
75.789
75.737
75.840
75.841
75.789
75.841
75.737
75.841
75.633
75.841
75.632
75.736
75.841
75.736
75.893
75.893
108.343
75.841
107.667
75.893
75.840
75.841
75.892
75.789
75.788
75.945
75.841
75.789
75.893
75.841
75.840
75.736
75.789
75.789
75.841
75.632
75.841
75.632
75.789
75.580
75.840
75.632
75.789
75.945
75.841
109.386
75.945
104.542
75.841
75.788
75.945
75.737
75.841
75.789
75.841
75.788
75.840
75.841
75.841
75.788
75.789
75.840
75.945
75.892
75.737
75.893
75.632
75.841
75.633
75.945
75.685
75.841
75.685
75.788
75.841
75.840
109.334
75.893
103.448
75.997
75.841
75.841
75.788
75.841
75.840
75.789
75.841
75.893
75.840
75.893
75.893
75.841
75.893
75.789
75.945
75.841
75.736
75.633
75.945
75.737
75.841
75.632
75.789
103.499
75.893
104.490
75.841
75.997
75.893
75.997
75.788
75.893
75.893
75.841
75.788
75.841
75.789
75.788
75.893
75.893
75.841
75.788
75.685
75.893
75.789
75.840
75.685
75.841
75.789
75.840
76.310
75.788
107.979
75.893
108.188
75.893
110.376
75.840
75.893
75.788
75.841
75.841
75.840
75.893
75.841
75.893
75.789
75.893
75.893
75.893
75.945
75.737
75.789
75.841
75.892
75.685
75.841
75.581
75.737
75.633
75.841
75.893
75.840
108.657
75.893
104.907
75.945
75.789
75.841
75.893
75.945
75.788
75.893
75.841
75.789
75.841
75.893
75.841
75.997
75.893
75.841
75.841
75.737
75.789
75.789
75.736
75.840
75.789
75.737
75.789
75.841
75.789
108.813
75.789
109.334
75.893
107.771
75.789
75.892
75.893
75.841
75.892
75.789
75.789
75.841
75.893
75.893
75.789
75.789
75.685
75.788
75.736
75.737
75.580
75.736
75.633
75.840
75.580
75.841
76.362
75.893
109.594
75.788
110.636
75.789
104.334
75.840
75.841
75.893
75.893
75.789
75.737
75.893
75.893
75.737
75.945
75.841
75.788
75.789
75.788
75.632
75.789
75.633
75.841
75.632
75.841
75.633
75.893
75.841
75.841
109.125
75.789
106.781
75.841
75.893
75.788
75.841
75.788
75.788
75.893
75.893
75.789
75.841
75.789
75.736
75.736
75.893
75.841
75.840
76.257
75.841
76.205
75.893
75.736
75.893
75.581
75.841
75.789
75.893
76.361
75.841
106.938
75.840
105.010
75.841
75.789
75.893
75.789
75.841
75.789
75.789
75.841
75.737
75.789
75.945
75.945
75.736
75.893
75.736
75.685
76.153
75.893
75.789
75.840
75.633
75.841
75.685
75.789
75.737
75.841
109.385
75.789
105.322
75.840
75.789
75.788
75.841
75.841
75.841
75.945
75.945
75.737
75.893
75.893
75.841
75.840
75.841
75.892
75.841
75.685
75.840
75.685
75.892
75.580
75.893
75.841
75.841
75.893
75.944
104.906
75.788
107.771
75.945
75.788
75.840
75.945
75.841
75.892
75.789
75.788
75.841
75.945
75.841
75.841
75.736
75.841
75.737
75.945
75.736
75.789
75.684
75.841
75.685
75.893
75.685
75.893
75.997
75.893
105.896
75.892
104.177
75.893
75.945
75.893
75.789
75.840
75.893
75.893
75.892
75.841
75.893
75.789
75.789
75.840
75.893
75.737
75.945
75.841
75.789
75.632
75.892
75.580
75.893
75.788
75.789
76.310
75.841
108.500
75.945
106.469
75.737
75.737
75.945
75.893
75.737
75.893
75.789
75.789
75.737
75.893
75.945
75.840
75.789
75.893
75.789
75.789
75.789
75.841
75.684
75.893
75.737
75.841
75.737
75.840
76.206
75.841
109.073
75.789
104.854
75.841
75.840
75.893
75.841
75.789
75.893
75.893
75.893
76.153
75.788
75.841
75.893
75.736
75.841
75.945
75.840
75.737
75.892
75.684
75.893
75.633
75.736
75.788
75.892
75.789
75.788
108.448
75.841
107.458
75.840
106.625
75.997
75.893
75.892
75.841
75.841
75.945
75.789
75.841
75.945
75.892
75.840
75.841
75.684
75.684
76.206
75.788
75.788
75.841
75.684
75.737
75.632
75.841
75.528
75.789
75.320
75.789
108.865
75.789
103.604
75.788
75.841
75.685
75.788
75.893
75.893
75.789
75.840
75.736
75.737
75.737
75.789
75.789
75.789
75.685
75.789
75.685
75.841
75.632
75.789
76.101
75.789
75.736
75.893
76.518
75.841
109.594
75.893
103.343
75.840
75.789
75.736
75.789
75.684
75.893
75.737
75.892
75.893
75.737
75.841
75.840
75.737
75.736
75.632
75.841
75.737
75.841
75.633
75.840
75.632
75.789
75.997
75.841
75.945
75.789
109.906
75.841
102.718
75.737
75.736
75.737
75.841
75.893
75.840
75.788
75.841
75.684
75.789
75.789
75.841
75.945
75.788
75.736
75.841
