154989.101
306408.061
118772.531
89063.525
107319.169
136157.049
32869.317
124810.103
30354.903
153554.849
21543.622
18065.001
172452.746
162144.184
416282.860
160773.685
143820.095
6567.155
15290.302
64991.479
330393.558
153601.631
199944.407
52595.055
153009.177
159657.801
125920.168
17018.961
39599.146
430823.316
98299.124
333365.944
5559.296
27913.052
273415.950
45931.384
212176.033
41002.566
29725.834
7304.467
50787.380
1365.811
433814.251
35420.977
4098.944
63930.808
68981.043
178837.140
132432.637
49015.697
57969.441
337133.883
134891.787
26670.848
644580.220
278510.635
25368.169
211111.464
147656.220
109395.432
118550.341
17700.541
63652.085
51604.183
17444.578
8267.531
30246.721
168288.980
41916.358
206958.561
265931.645
283062.236
28555.826
43861.810
964.261
120351.409
70179.396
42512.875
92008.103
198004.404
33816.032
220899.309
181186.451
112082.630
117161.723
209854.375
76189.415
20924.088
23845.781
72009.681
146424.235
17871.652
60895.828
130475.794
56763.653
92169.373
67497.000
34704.609
5759.368
276990.094
15102.683
36095.058
18704.130
448114.576
74685.417
101200.471
26276.230
113870.259
53733.669
244488.675
35499.168
275815.038
45190.903
132487.040
63277.994
90141.521
91415.762
58318.964
66814.019
109207.511
26362.436
88743.467
10371.176
133013.550
53796.593
65839.133
16203.260
73479.728
199794.133
44746.121
279799.972
87726.390
113167.903
46009.058
179514.589
56175.839
56252.983
11318.041
181546.925
68216.503
310829.281
103405.278
158405.015
27392.487
3235.214
104746.403
138421.644
41775.257
45918.426
26319.049
15143.105
69217.124
53956.612
673.244
59141.602
23458.871
192258.712
76833.135
28589.012
7007.721
165308.981
45121.473
213446.584
115574.971
85444.609
67497.790
51749.208
59682.854
24191.548
309198.200
279923.863
269305.265
210160.067
247918.580
512051.417
12354.029
345172.691
103154.640
116747.073
17044.804
23965.851
81006.573
264108.724
157727.620
10086.984
334463.365
252222.142
181005.698
588970.740
225940.756
2238.086
258759.666
65658.189
259951.450
14884.800
22007.377
35953.909
107297.295
333046.474
61852.660
2602.080
319636.506
248359.743
31029.518
79635.091
62495.537
321942.314
84477.392
65519.116
116793.598
23919.806
51021.176
272815.235
47697.100
185660.705
113940.299
511.822
301667.300
4805.734
39881.380
102153.199
7533.452
50255.113
42770.156
117351.262
18179.345
202558.677
43996.423
8470.991
72655.395
163625.983
108940.016
14161.657
31952.318
34100.342
140171.015
137682.542
32374.132
294360.395
111857.390
136761.096
296545.768
129205.615
144266.424
259399.295
25100.081
152495.204
11804.237
101983.084
4405.539
27278.369
97467.118
4510.706
131352.652
22416.536
123907.230
35745.455
32622.595
6213.686
4893.973
277797.157
467123.034
286457.342
57613.500
221700.948
43586.647
166620.719
12129.166
179211.548
220507.606
232051.611
164007.392
74628.619
10419.988
97359.874
155145.216
196594.728
5908.240
174896.909
106190.956
31926.955
157091.973
4748.959
56253.473
144157.519
110465.650
375192.062
17358.642
382276.460
195364.507
178070.146
237137.076
184444.995
215224.754
193330.769
34355.530
30480.460
49005.780
293093.392
344079.941
370692.991
59197.571
786.536
172562.162
98911.809
207890.810
55454.023
5643.319
120218.863
128152.355
39054.017
102920.696
125519.129
64078.992
253883.956
49.900
172887.562
228541.502
86946.723
36498.192
13261.363
225759.773
118445.671
49546.202
40626.987
508887.825
51721.209
105627.271
143584.150
289593.487
162185.000
14749.011
236636.584
75000.962
24205.936
85263.227
46445.897
404194.884
18166.746
117165.185
67774.986
39321.025
148644.655
92043.326
135708.325
75696.032
13484.564
8894.369
160044.222
177162.009
410408.323
82330.962
186566.434
53607.441
67972.092
36079.144
38827.384
127341.405
11551.143
108049.861
17296.503
175898.660
127873.284
287.946
484117.978
360085.699
106917.409
115969.608
22899.768
156499.090
87233.585
147716.866
68579.759
464407.030
81886.548
50539.380
183261.066
63709.278
51000.989
206515.921
239167.178
275882.849
311866.101
79162.320
164448.790
12474.517
399935.926
19171.535
232383.909
187555.145
287905.349
226300.499
112080.065
66983.097
139675.457
305808.899
33359.556
147124.113
144287.166
26744.474
253785.571
35596.810
131751.496
112545.999
54498.840
5780.312
13821.057
29667.160
180222.344
90943.912
20031.361
35265.996
17831.872
31002.709
1804.450
136218.453
43447.016
52580.786
3843.454
35491.487
442657.843
133928.541
33078.958
149238.236
15531.644
360081.070
13948.154
119606.548
206517.926
149868.666
268807.285
47104.047
53406.234
86022.073
264502.067
137042.499
46357.255
17313.071
1460.353
269690.034
23944.667
98528.367
87770.425
155616.948
82227.324
128989.983
206861.826
89716.089
25035.401
339554.316
337561.149
72778.419
248831.726
26483.618
90011.798
334506.218
280019.873
12371.436
38234.420
221746.438
35438.257
214737.357
96187.308
269257.456
179987.138
189935.784
253543.089
62488.860
634295.739
71439.750
326106.862
140075.525
186931.219
292759.024
54853.417
91012.634
159397.343
113020.288
68760.683
362134.459
142111.879
68718.911
8350.570
609596.497
18685.971
83770.562
8724.304
101145.154
343443.188
7792.806
304105.842
224791.503
2067.861
44598.286
83454.283
17098.835
22743.250
56002.024
5328.394
56927.481
184107.360
506313.184
81002.270
266563.737
66001.196
48899.340
263953.322
259303.484
230805.551
358092.791
65353.060
189230.324
442738.503
120179.399
270632.174
75479.381
50521.222
122726.423
3693.753
31229.200
109743.675
48528.890
39715.565
98713.048
68805.385
447860.119
390051.507
19340.518
3248.291
76187.579
117890.426
263938.029
21270.085
20356.452
48288.398
415699.118
86701.857
14842.675
118267.862
255910.256
360430.291
2822.885
56524.999
19772.540
152881.309
103539.419
251545.712
142131.750
21544.071
178942.705
72170.932
280597.879
89242.060
106023.939
755687.883
105432.633
105894.085
166153.209
5995.910
365848.769
61176.352
63868.965
578684.868
94354.501
515.103
503368.673
94242.356
156101.069
280719.263
34494.269
43546.785
42347.707
401161.994
80825.500
304405.899
16019.043
81063.597
88607.421
278646.772
301436.598
204262.281
149546.099
155875.584
28563.211
51686.713
152118.754
157415.324
85284.281
29296.930
40409.600
409857.357
10591.681
114677.887
128513.540
38801.732
244591.465
42172.172
231204.505
19029.605
181322.397
21996.047
17641.446
42670.087
83552.445
240119.149
53120.036
310077.998
247302.104
3273.035
63106.187
88936.837
203388.303
79552.360
132107.549
49021.398
122073.476
132980.761
153526.507
136277.967
2337.629
138323.640
49850.389
4029.725
65956.683
44565.851
81162.939
36936.913
47838.938
272588.698
262278.662
49746.838
16354.860
11940.566
85578.538
23849.255
49877.163
89830.628
105837.590
890642.921
286626.880
36144.232
641114.810
25065.366
425379.328
341033.465
18890.271
108346.596
49989.365
122200.010
95248.987
37626.829
113336.365
68160.658
33627.576
13353.416
75988.210
62212.720
86921.125
335670.596
245217.138
47462.395
178903.382
18365.636
5535.813
95233.987
38178.916
171101.252
52675.625
270239.693
131786.233
22668.930
184073.954
108090.429
129524.602
15914.402
817820.378
73330.345
80869.536
447290.880
44726.864
48142.830
221238.038
293100.167
174045.567
261831.369
133043.762
48685.698
23415.933
25959.156
17008.939
34467.506
128260.315
203918.919
275872.673
10300.040
139346.581
816307.782
544817.060
86996.717
1189612.473
21507.724
238467.022
26248.510
18997.212
191925.649
57767.964
10091.999
18694.369
15055.984
85821.654
133414.539
121546.791
152494.470
74680.021
209843.330
134578.772
93885.431
165555.829
386667.532
72189.617
616037.351
174720.814
42756.152
148501.211
532869.875
41238.450
85681.646
55456.018
243366.696
15675.058
38486.924
239159.087
155951.595
155775.536
571913.229
199560.754
67209.331
103284.452
83029.405
78624.694
52327.269
376459.507
131015.563
328231.816
83208.436
1026773.638
133982.949
251741.980
38999.218
355222.812
69328.922
13572.922
8856.773
27540.363
516808.430
70347.411
187131.660
223954.098
52101.834
20911.314
24404.684
7355.320
143498.647
15719.700
182284.459
101901.927
297758.995
198917.533
56555.042
26051.568
7978.612
76935.626
102474.278
202691.403
262957.545
15332.786
453492.370
208042.098
31573.790
5897.206
5632.596
60847.348
361385.539
183194.090
251401.032
264637.307
57079.523
47656.027
57972.895
4141.457
215002.853
220768.122
174206.683
301.801
102313.590
42121.306
385940.253
215687.616
160865.766
193854.022
54931.289
4317.828
37932.866
92837.225
123531.501
274129.832
95517.444
220456.484
40685.226
147251.070
27720.905
111989.200
362017.506
51648.045
64934.690
140575.090
274068.637
209372.772
261972.633
47683.638
45508.993
676609.808
97641.932
242605.489
135384.106
150723.770
86375.229
43089.324
155682.913
41806.643
44373.359
19293.707
146211.912
9193.110
57725.586
12724.194
59622.806
47349.440
63601.071
1052.345
319824.702
68306.751
71531.189
185376.261
162735.084
133565.178
93335.619
75427.884
112560.049
26134.967
268176.034
48412.307
62736.454
102444.502
259371.301
311571.333
130638.220
41998.332
159993.668
299365.477
338979.403
265045.625
36782.652
36964.962
237444.887
228972.789
128338.827
23692.900
347075.118
145015.555
190334.901
247675.035
131219.171
75952.265
69352.487
34454.294
34978.149
77869.124
285012.019
42647.826
47106.347
83258.261
120470.333
28722.521
158923.154
198403.840
258224.019
293472.667
47312.411
555531.137
637455.788
156213.825
120354.440
34975.130
193424.286
5567.903
67304.734
186243.566
35540.864
558854.564
2287.105
31221.889
144387.330
97121.014
567754.271
576767.476
38127.011
69475.581
454158.535
144536.047
57582.250
93155.411
9558.513
49669.527
131732.312
104881.486
592701.438
39479.909
196466.326
54897.033
286133.002
15366.077
49446.328
44132.044
323972.593
135905.288
168607.537
15723.145
367562.711
128094.503
163137.927
298694.798
61474.051
331770.262
110664.210
238563.593
151095.572
107375.235
69572.523
212906.481
449162.190
79076.763
159970.895
103720.545
82426.631
75051.618
465.777
28153.407
70097.004
282416.400
285559.168
57977.608
82892.096
87749.043
47887.478
157419.756
31394.568
220509.963
94108.852
59428.068
101372.343
41995.687
46407.329
104266.750
181121.885
56018.245
3833.875
22071.650
74861.809
272344.875
62943.162
335075.415
76341.387
186300.848
248682.182
107150.065
3088.905
12639.450
182952.545
376094.865
551891.537
250564.985
257841.344
91938.066
228609.336
20497.430
1581.774
500075.706
128210.003
38293.912
86335.003
72409.849
408530.132
178159.102
6284.956
196187.378
5891.948
59403.174
64438.995
85541.747
