2006.556
1398.526
3282.466
2936.129
3237.774
3269.809
3235.951
2301.326
2000.567
3236.628
2935.452
2934.098
3271.111
3234.701
2936.546
2935.504
2935.348
3237.045
2934.567
3236.368
2635.161
2935.921
3237.670
2937.587
2674.801
2930.452
2600.106
3237.357
3271.007
3236.733
3236.264
2936.337
3236.108
2935.139
3270.382
3236.525
2936.390
3238.399
2936.129
3236.524
2937.432
3240.066
2935.088
3269.808
2302.315
3237.670
2935.921
3236.524
3271.580
2938.682
3236.837
3238.399
3238.295
2935.661
3271.267
3236.264
3236.576
2935.504
2936.233
3238.035
3267.830
2934.671
2904.615
2635.839
2636.620
2937.744
2936.390
2935.348
3236.993
2935.921
2602.033
3270.174
2936.858
2937.275
3236.159
3237.201
3236.368
2635.579
2935.244
3238.295
2935.087
2935.295
2935.765
3236.420
2935.504
2935.973
2936.129
3236.629
3269.496
3236.368
2935.765
2935.087
2602.294
3269.652
2936.389
3237.566
2302.785
2935.974
2334.246
3237.045
2934.880
2935.608
3237.462
3236.993
2635.735
3237.305
3237.253
3269.549
3235.951
3236.785
3236.889
3269.549
3237.305
2634.745
3237.930
2936.703
2935.400
3237.305
2976.654
3234.285
2936.390
2936.130
3236.263
3270.955
3236.368
2603.284
3238.503
2935.765
3236.837
2634.797
2933.108
3236.837
2934.931
3237.566
3237.878
2634.380
2933.733
3236.732
3236.212
3304.968
3236.368
3237.409
2935.348
3237.670
3270.174
3235.743
2936.546
2936.130
3236.680
3236.681
3270.225
3234.285
3236.576
2937.379
2935.765
3236.055
2635.474
3237.201
3237.254
2979.414
3271.632
2934.827
3237.514
3235.743
3235.899
2936.233
3264.600
3237.462
3236.368
2936.025
3236.733
3236.368
3237.410
2938.577
3236.472
3237.045
2936.077
3236.211
3269.601
3237.357
3238.348
3236.576
3271.267
3235.430
3236.629
2935.504
2936.390
3280.018
3269.392
2933.838
2935.348
3236.889
3236.732
3236.263
3269.079
2601.460
3267.986
2902.845
3269.027
3237.254
2936.702
3236.368
2936.285
2934.723
3237.670
2935.661
3267.048
3236.993
3235.586
3237.410
3268.090
2938.056
3236.941
2935.036
2936.181
3237.306
2634.588
2903.782
3236.732
3236.784
3236.628
3266.944
3234.857
3237.983
3237.357
3270.018
3238.660
3235.847
3238.295
3269.965
2930.088
3235.847
3236.837
3238.451
3269.497
3237.305
3237.879
3237.253
3269.705
3237.826
3236.212
3238.399
2935.556
3269.184
3237.045
3237.514
2934.046
3236.368
3270.174
3236.889
2936.129
3234.753
2635.890
2935.505
3236.993
3236.524
3236.576
3269.184
3237.149
3236.160
3236.004
3269.965
2936.442
2931.806
3236.941
3237.097
3237.826
3270.382
2300.857
2935.921
2603.179
2935.713
2936.077
3270.381
3235.274
3236.628
3236.993
3268.975
3236.524
3236.420
2936.077
2973.529
2637.037
3236.577
2936.547
2936.390
3237.566
3237.045
3270.538
3236.837
2935.140
3236.524
3236.681
3269.028
3235.482
3236.628
2937.327
2936.390
3236.784
2936.182
2934.462
3237.930
3270.695
3237.670
2632.817
3236.316
3236.107
2937.797
2935.139
2937.380
2936.442
3235.639
3237.462
3270.590
3236.785
2937.640
3235.795
2936.807
2936.389
3236.785
3270.381
3235.014
3235.379
3238.295
3269.132
3237.566
2936.234
3235.951
2635.995
3236.733
3237.566
2937.535
3236.108
3271.371
3234.128
3237.045
3237.253
3269.132
2935.869
3234.597
3237.618
2936.755
3235.483
2935.608
3269.132
2601.460
2935.504
3236.993
2676.676
3236.212
2936.025
3269.549
3238.608
3235.639
3238.712
2935.713
2335.600
3236.785
2938.473
3236.472
3236.785
2937.015
2936.702
3237.149
2634.537
3237.045
3270.850
3237.098
3236.472
3236.107
2936.494
3269.965
3237.410
3237.878
2634.797
3234.597
3236.993
3261.891
3235.066
3237.201
3237.775
2936.337
3237.097
3269.236
3236.055
2635.214
2932.222
2935.973
3237.358
3237.774
3235.899
3270.851
3236.472
3238.347
3236.472
2935.608
2935.713
3264.339
3235.326
2936.234
2935.921
3237.149
3236.629
3236.889
3313.823
2935.921
3236.941
3237.774
3236.420
2936.025
2936.129
3270.278
2931.233
3236.003
2601.200
3267.777
3236.577
3236.888
3236.681
3269.809
2603.023
2938.369
2936.546
2936.077
3237.878
3266.996
3237.254
2634.172
2602.241
3237.150
3234.597
2935.973
3236.732
2935.869
2633.442
2903.418
3269.288
3238.295
3236.316
3270.538
3236.107
2936.442
3236.628
3236.524
3237.149
3314.865
3237.462
3236.941
2634.953
3236.524
2934.879
2635.057
3237.410
2637.610
3237.410
2934.046
3235.951
3236.993
2935.869
2635.109
2935.765
2936.494
2601.460
2902.949
3271.163
3235.847
3236.993
3238.348
3271.579
3238.244
3238.920
3267.204
3237.045
3235.899
3234.545
2635.838
2935.348
2937.119
3236.316
2636.880
2936.650
2603.387
2936.755
3236.941
3237.774
2301.273
2936.182
3236.264
2936.285
2935.296
3237.410
3272.257
2935.661
2937.224
3237.305
2935.504
3238.816
3235.899
3271.216
3238.035
2934.411
2602.554
3269.809
3237.931
3236.837
3238.399
3269.756
3238.087
2934.671
3239.650
3280.956
3236.472
2301.534
2935.765
2936.963
2937.588
1999.733
3237.410
2938.161
2000.723
3237.514
2636.204
3238.348
3271.007
3238.347
3236.056
2937.224
3237.462
2935.921
3236.628
3236.941
3236.681
2936.025
2936.650
3236.837
3234.492
3272.465
2602.085
2635.109
2302.055
2635.318
3236.680
3237.410
3271.215
3237.305
3237.513
3237.149
3271.372
3239.858
2636.724
3238.452
3237.306
3235.951
2939.880
3270.017
2935.556
2903.783
3237.514
3237.723
2935.608
3236.368
3237.878
3269.653
2935.244
2937.171
2000.253
2938.317
3236.785
2935.400
2936.599
2602.189
3269.965
2937.692
2935.348
2602.450
2936.129
3237.253
3270.799
3236.160
2632.349
2302.211
3237.514
3236.577
2936.442
2637.609
3237.827
3237.566
2334.141
3237.722
3236.941
3269.340
2931.963
3236.524
3237.201
2937.223
3234.857
3236.941
2936.285
2937.640
3270.538
3236.004
2938.108
3237.253
3236.993
2635.369
2937.535
3236.420
2937.953
3235.379
3269.079
2936.337
2935.192
2938.733
2903.470
2935.139
3268.507
3237.045
2632.818
2903.991
2904.356
3269.809
3236.680
3236.472
3236.889
3271.059
2602.138
3269.340
3238.868
3236.680
3236.994
2634.797
2937.952
3236.316
3236.107
3274.705
3236.316
2938.317
2936.233
2300.753
2636.464
3234.857
3236.941
2938.005
2936.598
2935.608
3266.319
2904.303
3269.497
2936.077
2935.712
2935.556
2902.897
3236.368
3236.264
3236.733
2637.349
3237.201
3236.056
2938.004
3269.705
3236.056
2938.266
2935.765
3237.202
2935.921
3237.097
3236.889
3237.201
2936.390
2936.338
3236.628
2936.911
2935.765
3237.722
3236.577
2936.234
3312.574
2932.847
2903.574
2634.797
2635.266
2601.981
2334.402
3236.316
3236.941
2936.026
3238.921
2936.806
2937.276
2334.558
2935.712
2936.285
2903.158
2901.960
2935.139
2335.131
2935.765
3239.181
3238.348
3237.306
3269.809
3233.919
3237.254
2935.035
3235.952
3268.350
3235.743
3236.836
3236.994
3268.247
3238.399
3236.993
3236.993
2936.077
3269.236
2937.067
2936.598
3236.159
3236.941
2936.338
2936.078
2938.265
3236.368
2933.577
2938.005
2935.191
2936.494
3237.201
2935.921
3237.357
3268.872
2937.015
3237.722
3237.097
3236.889
2635.057
3235.223
3270.069
2939.723
3236.837
3236.785
2937.796
3237.097
2634.953
2935.400
2935.764
2934.932
3238.139
3237.878
2935.296
2636.724
2936.130
3236.107
3238.035
2937.119
2934.359
3237.045
2936.129
3269.756
2937.536
3236.993
2602.242
3269.445
3236.680
2635.214
2601.877
3271.267
3236.889
2603.648
3270.174
3237.149
3237.567
2937.432
3236.368
3269.184
2604.273
2636.933
3236.993
3236.524
2935.400
2937.640
2978.269
2935.505
2634.849
3235.586
3236.368
3270.590
2935.504
2935.921
2934.514
3237.305
2972.019
3237.358
2935.713
2936.963
2935.609
3238.712
3236.889
3269.548
2938.057
3236.056
2602.658
3270.381
3237.046
3237.409
2936.651
3236.941
2938.004
3270.538
3236.628
3238.400
3238.035
3271.424
3236.784
3236.993
2936.338
2936.338
2936.702
3237.202
2934.775
3269.184
2902.897
3309.501
3239.024
2938.109
3237.826
3237.202
2935.452
3269.757
3236.889
3236.472
3236.941
2935.661
3270.746
3237.827
3237.201
3237.826
3269.131
3236.368
2973.269
2936.181
2936.599
2935.921
2601.929
2937.797
2936.962
2936.651
3269.184
3237.618
2935.191
3237.410
3236.108
2936.390
3237.566
3270.278
3236.420
2302.993
3265.382
3235.847
3236.889
3237.254
2935.973
3236.993
3283.768
3236.264
2636.464
2934.671
2937.067
2936.181
2902.585
2937.431
2635.943
2936.859
2936.234
3237.774
2637.870
2634.641
2902.793
2935.348
3269.652
3236.368
3237.201
2001.556
3238.764
2937.431
3270.226
3234.076
3238.920
3237.514
2936.077
3269.861
3236.108
2935.556
3237.566
3237.722
3269.288
2935.817
2601.669
3234.545
2936.494
2936.703
3271.892
2935.765
3237.931
3237.045
2634.381
3236.785
3237.826
2936.859
2937.431
3236.316
3269.965
3234.545
2936.129
3237.150
2635.735
2936.181
3237.462
3237.514
3236.472
2634.537
3236.732
2936.442
2635.734
3237.722
3238.087
3309.188
3237.879
2936.129
2634.953
2934.306
3236.524
2936.234
3238.087
3236.837
2935.921
2936.390
3236.837
2935.452
3271.944
3236.316
3238.087
3237.827
3269.392
3238.139
2629.536
3236.732
2602.242
2935.504
3271.164
2935.816
3238.296
2938.682
3235.847
3236.889
3269.445
3236.785
3237.358
2935.244
2935.869
3237.410
3236.994
2937.067
3270.017
3237.670
3236.785
3234.076
2935.660
3271.632
3236.159
2936.494
3234.441
3238.087
2936.598
3269.340
3234.753
2301.169
3236.681
2936.911
3269.705
3236.472
2938.109
2935.608
3237.462
2936.962
3237.098
2935.921
2935.505
2935.609
3237.826
3269.549
3237.149
3236.785
2936.338
3237.201
3267.986
2000.514
3237.462
2934.983
2936.962
