130662.293
134681.292
134628.891
133602.173
134022.685
132659.320
131428.726
133614.937
135463.717
130668.337
131144.636
130435.189
133110.304
129775.437
133920.595
135717.026
128405.403
131316.322
133011.701
133066.187
130456.915
129992.336
133580.354
132917.631
132093.017
134549.619
129435.822
129742.000
132181.257
132347.680
133433.623
133513.736
130182.514
132731.729
134165.937
130518.800
131566.093
132770.225
129063.706
133396.955
134746.414
131648.497
134657.917
133420.866
131977.803
133439.722
128799.254
131360.346
134898.463
131298.725
128497.819
129857.539
130656.267
131072.610
134344.556
129743.622
130099.700
131759.295
132252.524
130684.865
128796.185
132605.788
135893.568
132110.061
133540.206
134995.667
132626.626
134287.262
129942.709
134323.569
128833.534
132725.490
131722.681
134475.044
134672.876
129611.740
132995.207
129757.432
131017.299
131319.570
130150.702
129135.392
131526.155
133358.110
129290.564
129851.038
133203.824
131352.700
132586.838
129070.127
135231.167
129806.921
130260.561
132067.410
130156.904
129673.054
132317.853
130108.048
128741.294
129660.137
130861.977
131277.280
134364.415
134292.900
131348.644
128469.134
135574.539
134308.318
132552.619
131800.460
135736.327
139708.345
135631.943
135683.199
133184.873
129229.057
133217.429
127819.851
137188.352
128725.726
134837.594
131243.949
133627.368
128351.730
131277.703
134255.714
131663.317
133557.989
132230.510
134270.039
130897.094
133368.021
130073.990
129530.134
132328.908
132599.560
132477.204
131777.967
131673.893
129512.790
135276.342
132542.734
131167.334
130839.853
134051.480
129189.634
134983.136
133449.492
132796.771
129742.035
136248.007
131616.653
129584.415
140027.868
131185.828
132637.538
131698.903
130910.958
133466.426
132094.984
130789.540
130399.240
132322.768
136634.351
132194.476
130198.909
131638.795
134479.030
130832.098
129809.130
131854.546
136562.472
134859.383
130416.642
137471.835
134496.951
132399.968
136996.943
130475.919
132027.432
131746.674
134350.792
129461.495
129615.730
127988.950
130493.371
129761.319
132561.811
136606.231
135758.281
133233.442
130519.938
133228.858
129274.187
130963.735
131544.679
129382.324
132960.500
130957.119
128674.388
132092.859
129771.428
132064.213
132817.935
138654.881
132374.870
131057.393
134741.984
131985.351
132114.845
134146.926
129322.687
130828.933
134820.328
134895.439
130614.641
133152.088
133306.062
132531.921
137146.556
135350.801
131959.675
129951.451
131533.018
135788.451
133092.188
130088.811
133920.762
134852.210
129962.860
129528.545
129414.161
129686.846
138538.419
132022.498
131398.686
129258.052
132767.105
130278.520
131125.899
130337.173
139920.646
132889.307
132360.712
129215.029
133538.384
129677.108
135323.098
131378.427
132058.600
133299.247
130061.262
128862.860
129580.797
137470.766
131885.356
132258.363
134908.736
129892.185
131100.016
128780.354
134454.211
138914.613
131198.205
132489.429
131164.659
132950.570
130179.508
129804.678
132637.050
134242.735
133211.693
130099.658
131821.499
130754.412
128971.263
130879.164
130771.031
133429.634
134535.787
132126.116
129920.528
129824.112
131781.758
133130.750
137373.160
129804.945
131510.482
133151.899
131819.420
136512.031
131368.749
128815.471
134160.858
136272.062
131515.120
134012.978
136186.949
134250.137
130438.815
129011.900
134557.359
130563.203
133578.093
131200.507
131932.613
132030.383
131156.234
133411.932
129449.341
134556.788
131184.258
131686.860
131905.998
129856.416
130948.611
131884.696
135112.367
131605.657
131154.205
130626.078
132054.869
133962.826
131474.604
135629.297
130617.902
136617.002
135111.432
132977.829
131576.386
128651.975
129720.365
137566.526
129906.738
133568.933
129243.234
131818.286
129141.350
132999.451
134350.056
132292.972
133541.433
134665.557
132236.508
129091.398
133741.664
131953.929
133789.168
131267.766
133330.945
135140.920
135328.856
130814.701
131355.850
133969.188
132050.036
133427.519
135391.833
129443.156
131550.246
133361.785
129799.236
130243.968
133168.016
134315.893
132012.064
130618.068
132961.069
129694.175
130898.672
129227.408
134994.089
129093.593
133037.223
132266.468
132656.509
130370.600
130701.727
130357.108
130556.139
128622.193
131191.048
131179.329
135699.894
129078.022
132714.173
137485.075
131493.268
129427.224
128222.987
129616.204
132898.361
128987.755
134696.877
132941.387
131385.811
130989.833
131107.346
131664.644
130847.269
133629.584
133729.177
131630.474
131634.381
131377.843
128990.050
128623.660
130328.312
130946.604
133182.926
132583.177
130550.106
130524.062
132484.731
131915.924
130815.707
136345.906
135131.563
132825.652
131102.247
128783.262
133728.975
131214.291
133031.300
135819.135
128842.071
135779.756
128988.805
133309.559
130787.375
134842.840
132377.381
133999.786
130411.452
128221.281
129708.152
133518.020
133574.848
130108.349
132501.302
128491.987
131953.850
130437.342
130277.171
132060.530
132573.082
130458.231
131806.702
135693.295
128746.078
132660.540
129389.635
130485.215
131186.693
133379.364
134894.518
130129.450
129035.536
129654.143
131621.322
129523.765
132762.740
130466.308
134767.371
127895.162
129562.259
131681.174
129291.817
130834.057
130613.566
130234.933
129787.023
134892.022
130542.622
130957.300
130560.802
132029.545
132286.030
129643.989
128871.515
131052.519
133502.822
128761.870
130249.522
129724.677
130110.185
132921.044
130136.177
135099.183
128410.899
133546.371
131930.477
131626.175
129695.509
129304.792
131615.132
130092.738
129335.631
133844.058
130581.175
134756.652
130794.894
137395.775
132412.038
131192.176
136222.168
128587.379
130601.439
131848.754
131229.211
131317.814
132124.146
133896.985
136858.902
130609.566
131694.469
130953.300
133050.597
128796.048
130375.742
135702.900
130330.842
133293.540
130420.643
133182.435
131446.737
134167.016
134160.714
134049.765
130964.919
133831.253
130381.943
128193.751
128886.062
132285.368
133399.805
132261.668
135496.217
131621.238
130163.589
131015.707
131975.754
129055.978
136731.866
133506.381
131498.623
132621.603
129600.773
132994.817
132886.526
129899.868
132433.096
130357.623
129858.874
134979.605
132196.614
132320.376
132175.415
133508.624
131694.480
130023.946
132764.799
132330.014
135858.760
133460.703
131906.223
131877.209
128959.933
127856.800
133617.648
135934.707
133384.238
131907.215
129812.521
129696.208
132375.596
137424.861
134078.583
135599.936
135367.464
133027.956
131004.000
134025.766
134043.112
131802.727
132630.051
129490.095
131077.394
134736.570
130146.466
129141.311
132112.292
130718.451
132039.733
130012.234
131272.051
130722.465
131575.155
133369.036
130436.132
134559.939
133146.045
133328.201
131165.376
135843.874
132296.273
135876.170
133734.857
133889.665
129647.617
133518.639
131683.816
129482.393
134194.073
135287.101
132873.521
133400.502
132068.389
131776.692
130385.613
131067.661
130676.267
132190.849
129362.435
131648.711
130124.494
135009.316
133841.072
129615.692
134970.041
131520.990
133365.502
134328.466
132077.873
130762.738
134761.376
131861.913
129025.894
134305.808
134683.035
131413.171
136451.707
133535.054
132137.776
133408.844
136373.105
134379.724
131291.076
131273.419
132910.878
134986.924
130997.662
135415.614
129270.298
130796.756
133937.183
133021.725
129695.447
132570.012
130911.145
131815.300
128460.060
138296.275
131873.692
132517.665
134355.457
134356.239
135520.940
169867.943
129135.705
131259.570
130714.722
133417.550
136246.485
133957.553
133346.501
134537.092
128698.215
128958.659
130051.167
129405.163
128743.169
133431.460
131326.557
137374.781
134838.272
131119.559
130617.684
128985.279
130281.140
131056.532
130150.605
130319.374
131398.600
130872.713
129713.219
135656.170
130780.411
133094.659
129736.346
133090.493
130268.798
130482.571
129326.775
131896.361
129554.402
129879.800
129460.748
134555.228
130879.696
128900.223
134797.284
131649.307
128982.575
135192.221
131755.933
129830.997
130963.405
133291.820
135754.780
132218.898
131814.169
129905.797
129342.043
129107.852
135041.429
134231.814
132170.301
132283.698
129993.933
129172.391
132206.713
128096.136
131970.594
134617.325
130070.504
131541.592
135154.671
129976.017
133478.251
131871.264
133147.696
130237.763
129413.096
130903.769
135200.928
131695.935
131549.983
133304.902
129039.778
136218.585
134023.518
131058.370
132741.981
129329.653
133099.727
129566.396
130669.217
132592.174
130990.864
131801.313
131867.415
130506.442
130143.748
128854.606
130851.737
130396.848
132320.743
132706.721
131789.856
134360.433
131543.164
133018.628
131164.636
131464.979
134928.616
134779.592
129091.926
134716.200
133935.807
136803.133
131226.155
131280.327
129865.235
128981.969
136185.258
133687.867
130538.169
133121.715
136140.723
128981.916
130117.556
130926.544
133918.257
135429.922
131747.410
131500.197
134874.813
131318.877
132923.105
130187.096
134788.609
128368.732
132056.975
132845.284
130912.379
130236.790
131674.385
131796.377
131614.327
129992.650
130422.069
134389.403
138186.981
130772.576
131346.072
131331.383
131672.512
129092.455
137868.252
129585.996
133489.575
129693.665
133288.721
131474.264
127471.666
133477.959
132909.307
132957.021
132083.808
130532.711
130401.239
131629.282
128507.660
131391.654
134654.957
130123.869
128858.114
132331.856
129067.094
130118.296
129217.786
129658.613
135017.600
133057.297
129432.446
132987.602
129270.033
129006.256
128166.899
131896.136
129277.639
133683.717
129034.022
131194.452
134808.989
131835.610
131663.562
130294.619
129837.960
128931.773
134842.588
131572.669
128004.022
128547.046
128515.324
131940.676
132324.102
130009.542
129447.713
131818.790
131469.119
132209.716
132221.643
133319.205
131900.623
132944.480
133489.900
134544.957
129856.819
128855.258
134682.106
134873.534
129344.893
132480.736
132162.214
128403.755
135265.032
131431.827
133872.338
131782.437
130856.144
131399.846
128835.415
128932.666
130478.970
128924.175
131164.928
134626.064
132339.319
129141.074
131793.221
132274.729
131728.788
133047.465
129479.444
131023.509
129106.333
131645.083
129880.579
129718.843
127538.672
129605.603
130522.365
133373.961
129566.330
127828.651
130069.350
158290.166
132636.177
132449.336
135202.431
132348.388
131856.358
131123.522
130961.892
132502.987
128615.661
131347.193
130505.440
130236.662
130168.322
134323.072
132208.011
131989.082
132691.187
128097.121
132432.671
130864.021
131315.629
130506.900
132159.830
132736.610
129003.049
128684.631
133672.436
132579.459
130831.154
129322.510
130088.161
134954.860
131212.914
134769.790
129672.651
129945.127
131044.563
128158.589
128943.618
132800.370
129640.879
127366.322
128566.550
128506.023
131008.780
129124.680
134617.329
131925.179
130755.527
130210.054
130071.341
133373.556
130157.080
132393.195
133963.827
130328.870
128387.576
129822.047
130503.055
132827.199
128409.662
129304.910
132979.561
134939.085
132379.968
131237.767
129570.460
131847.778
129456.959
133207.398
129385.964
136698.070
127832.366
131667.292
136018.417
130454.772
135332.513
132331.581
130472.327
134384.761
128822.262
