84717.569
62533.464
62329.068
62288.490
62015.755
61805.421
61610.714
61423.871
61258.125
61189.211
61152.489
61092.587
61076.335
61012.683
61008.047
60960.178
60974.607
61037.373
61043.624
61027.789
60935.384
60952.365
61028.206
60977.993
60929.603
60973.513
60978.149
60953.355
60949.136
60957.209
60940.228
60956.845
60889.911
60954.344
60942.781
61042.844
61046.907
60954.971
60957.523
60896.162
60950.387
60924.499
60983.411
60988.151
60914.758
61032.166
60976.171
60978.983
61055.762
61047.480
60940.854
61013.779
60982.735
61072.795
61024.041
60953.252
60911.582
60826.572
60875.588
60916.791
60950.388
60819.228
60964.920
60939.085
60940.647
60958.774
60969.556
61013.571
60953.461
60982.891
60964.400
61016.020
60929.917
60938.408
60999.404
60947.732
60973.411
60945.909
60912.416
60988.986
60998.570
60990.497
60912.208
60933.407
60885.382
60843.971
60973.777
60959.140
60912.469
60872.152
60972.058
60935.908
61043.993
60953.827
61012.270
60937.835
60958.150
61021.646
60940.544
60939.138
60950.807
60966.225
60927.940
60961.433
61003.156
60972.371
61022.376
60975.340
60982.581
60953.151
61023.210
60897.103
60936.847
60951.068
60964.037
60971.850
60958.204
60968.309
60960.339
60972.476
60972.059
60949.714
60957.266
60868.559
60888.874
61011.334
60951.797
60951.693
60926.586
60973.830
60936.900
60976.904
61022.742
60986.176
60976.176
60875.801
60909.345
60980.968
60938.307
60996.907
60917.315
60969.560
60980.708
60930.963
60960.549
60985.551
60977.790
60888.041
60927.422
60937.370
60905.127
60851.893
60972.009
60826.421
60886.844
61029.880
60914.867
60962.373
61039.725
60937.057
60915.389
60967.061
60870.332
60893.511
60896.377
60911.170
60891.012
60875.229
60955.862
60897.784
60936.329
60923.776
60947.216
60930.391
61055.248
61000.138
60898.096
60931.589
60947.528
60891.949
60998.524
61035.455
60963.781
60961.854
60923.620
60953.155
60904.972
60946.331
60921.797
60985.710
60968.729
60962.895
60941.747
60953.415
60998.316
60853.249
60857.833
60929.246
60929.716
61037.643
60932.008
60978.210
60959.458
60929.663
60897.108
60934.403
60854.760
60958.885
60997.482
60900.598
60899.972
60901.431
60919.663
60934.613
60951.073
60919.247
60933.363
60893.619
60915.705
60940.602
60919.090
60934.978
60999.463
60921.226
60917.371
60910.079
60988.941
60958.782
60927.217
60864.606
60918.934
60929.300
61020.195
60987.535
60862.210
60922.268
60960.658
60953.990
60927.269
61000.245
61011.965
60983.316
61006.027
60962.117
60906.122
60998.631
61022.436
61086.192
60977.900
60914.404
60912.737
60981.494
60946.855
60911.174
60943.834
60999.881
60977.066
60953.366
60909.559
60891.173
60916.801
60986.651
60936.281
60957.586
60907.581
60926.073
60846.585
60926.750
60928.677
60862.107
60998.788
60899.351
60913.467
60917.686
60921.072
60920.082
60946.909
61024.104
61000.612
60997.538
60937.741
61088.590
60935.762
60958.681
60958.212
60998.841
60935.709
60946.335
60891.278
60974.620
60947.430
61007.332
60872.162
61000.822
60965.401
60869.245
60876.955
60884.507
60933.679
60923.313
60870.443
60910.552
60946.389
60873.777
60845.805
60901.175
60838.877
60887.372
60898.103
60930.867
60951.286
60990.717
61014.105
60954.203
60961.964
60943.473
60941.754
60893.103
60887.321
61068.642
60998.947
60989.207
60977.538
60935.191
60949.776
61003.271
61041.556
61017.335
60927.430
60939.670
60936.753
60917.637
60942.901
60930.190
60911.335
60941.598
61047.078
60922.742
60866.330
60890.708
60939.828
60976.967
60966.966
60920.503
60971.862
60941.130
60974.519
61018.638
60882.739
60978.061
60971.602
61050.568
60996.969
60932.952
60941.963
60937.536
60968.477
60942.642
60933.734
60984.052
60947.589
60929.202
60931.078
60950.767
60911.388
60900.293
60982.073
60963.268
60941.287
60968.165
60961.393
60858.310
60927.588
60938.788
60953.268
60965.561
60885.813
60890.293
60939.152
60899.565
60930.870
60960.821
60999.055
61007.023
60942.330
60839.610
60878.729
60916.546
60892.898
60979.001
60955.144
60946.967
60958.582
61029.995
60988.481
60966.030
60937.486
60832.163
60863.833
60920.713
60897.378
60939.621
60984.365
60885.502
60980.616
60977.647
61007.181
61020.986
60919.151
60947.904
60925.246
60920.610
60926.392
60981.658
61005.202
60956.187
60949.519
60965.406
60991.503
61077.397
60993.691
60963.584
61003.953
61112.297
60920.975
60879.669
60912.537
60995.619
60954.625
60950.666
60945.926
60836.592
60969.835
60996.400
60971.189
60988.587
60956.188
60973.326
60980.409
60953.948
60965.876
60987.494
61020.622
60999.162
60911.496
60974.211
60931.863
60953.063
60876.024
61016.924
60933.738
60977.702
60910.299
60897.954
60998.381
60964.003
60980.722
60934.937
60842.844
60926.394
60945.927
60878.733
60908.059
61018.279
61023.488
60966.919
60942.281
60908.737
60983.536
60941.136
60972.025
61015.675
60966.660
60958.534
60957.804
60944.157
61003.330
60996.819
61076.202
60981.818
61074.587
61085.161
61170.066
60961.400
61009.738
60888.163
60918.583
60932.750
60911.759
60909.414
60903.424
60881.547
60946.763
60963.171
61001.196
60965.827
61006.404
60950.982
61036.198
60938.325
60942.232
60895.664
60916.083
60991.507
60961.400
60920.146
60937.700
60986.715
60956.451
60903.113
60898.842
60918.322
60990.622
60941.450
60959.004
60924.470
60887.851
60892.957
60895.196
60883.841
60930.668
60954.473
61010.625
60973.641
60949.733
60969.058
60961.401
60950.619
60913.740
60860.505
60899.154
60968.330
61040.108
61011.407
60960.829
60972.601
61027.503
61036.306
60968.329
60932.701
61000.625
60963.745
60932.232
60923.689
60941.452
60952.443
60987.498
60988.801
60945.932
60878.060
60904.782
60928.847
60974.476
60924.836
61009.637
61030.472
61009.428
61063.392
60932.910
61088.030
61027.190
60944.370
60930.826
60944.162
60860.820
61000.626
60957.913
60947.443
60962.705
60920.826
60960.414
61001.199
60970.207
60947.026
60956.455
60915.982
60879.363
60961.612
60939.943
60933.588
60980.364
61038.026
60951.976
60996.147
60921.556
60956.195
60951.195
60955.362
60995.835
60978.229
61000.939
60971.197
61054.486
60998.856
60969.321
60998.284
61033.391
60962.863
60956.091
60948.435
60908.951
60905.462
60974.844
60923.380
61007.868
61071.000
61000.679
60914.212
60948.956
60939.736
60970.364
60988.127
60885.668
61005.108
61030.423
60972.083
60915.984
60953.227
60946.612
60917.964
60959.426
60883.898
60944.425
60968.073
60943.174
60903.587
60942.810
60947.967
60954.166
61002.921
60936.560
60989.639
60979.950
61000.212
60966.250
60984.117
60952.135
60989.013
60840.560
60947.915
60893.013
60883.482
60921.662
60902.911
60873.741
60924.788
60899.161
60866.293
60937.446
60857.230
60968.647
60984.587
60931.144
60978.805
60994.639
60938.020
60940.519
60939.165
60936.769
60947.604
61032.717
61041.156
61025.269
60960.314
61042.509
60933.749
60945.365
60989.432
61012.194
60954.532
60921.247
60874.264
60957.344
60985.942
60904.579
60941.354
60904.580
61024.644
60958.284
60955.314
60921.039
60973.128
60859.888
60980.681
60966.878
60986.099
60909.319
60862.648
60908.695
60967.503
60989.536
60973.702
60959.274
61047.251
60919.686
61035.011
60948.387
60927.343
60898.121
60935.365
60989.798
60907.393
60929.531
61018.343
60994.121
60974.380
60911.665
60994.069
60950.368
60919.270
60929.011
60903.956
60955.941
60898.799
60992.038
60878.641
60952.190
60953.336
61014.593
60914.322
60982.714
60972.140
60981.047
60921.146
60875.464
61004.801
60948.128
60942.294
60949.169
60874.422
60954.379
60912.239
60885.205
60942.190
60884.111
60988.862
60997.769
60914.739
60937.294
60927.866
60957.453
60920.417
60987.924
60919.845
61003.811
61029.231
61052.306
61002.301
61003.915
61069.339
60927.866
60938.336
60895.311
60969.277
60914.948
60967.455
60978.966
61002.823
60937.556
61002.562
60919.637
61016.209
60932.920
60913.542
60945.161
60918.959
60954.797
61002.614
60972.090
60929.743
60908.803
60993.031
61008.710
61012.251
60925.055
60934.535
61026.160
61018.346
60950.266
60945.214
60982.248
60911.407
60906.459
60950.161
60902.084
60799.000
60903.230
60942.610
60907.033
60965.945
61022.409
60968.550
60935.734
60907.606
60910.627
60969.904
60972.821
60996.104
60997.771
61078.769
60928.754
60951.569
60967.144
60937.454
60985.792
60950.371
60952.194
60944.329
60955.789
60923.494
60924.431
60985.792
60977.457
60977.041
60995.949
60983.344
60976.104
61068.613
60945.528
60946.362
60917.556
60971.260
61006.471
60879.323
60947.872
60985.011
60999.961
61027.829
60946.206
60898.023
60950.320
60938.861
60953.029
60940.424
60956.102
60986.211
60928.965
60910.734
60970.219
60963.551
61003.816
60967.093
61074.657
61048.560
61028.089
60983.189
60914.693
60932.663
60928.965
60976.053
61016.786
60943.498
61003.869
61036.737
60996.785
60985.012
61002.619
60986.263
60973.762
61047.467
60970.845
61036.008
60957.666
60986.888
60992.774
61019.809
61015.797
61009.235
60971.366
61012.829
61027.362
61033.560
60963.397
60919.434
60973.398
60948.552
60934.331
61036.633
60997.723
60929.592
60966.574
60980.481
61012.933
60885.473
60937.196
60921.310
60974.909
61003.558
60921.779
60947.355
60963.033
60988.609
60991.526
60956.313
61003.975
61008.246
60991.421
60942.249
60979.337
61008.038
60896.412
60942.146
60968.086
60935.895
61019.289
60894.641
61034.343
60882.973
60918.811
60963.294
60987.827
61079.712
61045.699
60996.839
60946.053
60919.905
60867.191
60850.575
60985.328
60970.639
61034.917
61010.800
60899.695
60944.490
61011.893
60895.319
60971.472
60907.247
61072.837
60926.624
61008.716
60947.512
60979.183
61013.457
60992.308
60978.557
61005.018
61008.092
60915.947
60962.045
61012.832
61022.260
60929.959
60978.870
60978.141
60941.783
60954.388
60965.588
60917.406
60981.110
60952.097
60924.334
60954.180
61094.768
60953.920
60941.680
60972.881
61119.719
61012.572
60990.851
60948.659
60907.562
60979.027
60951.890
60969.392
60952.827
60907.510
61011.791
60995.748
61057.682
60959.963
61019.292
60852.296
60961.683
60907.718
60994.342
60953.817
60934.856
60916.313
60950.432
60979.289
60936.524
60956.265
60976.945
60972.309
60960.328
60852.818
60942.201
60983.717
60906.208
60993.666
60870.528
60978.038
61049.348
61003.355
60956.058
61046.327
60972.623
60935.274
60935.535
