510.365
502.395
526.670
496.822
522.242
521.877
493.124
520.470
514.116
494.374
519.012
487.238
488.072
515.991
488.436
517.606
517.762
490.155
516.772
487.655
489.686
520.314
489.634
490.311
521.460
488.748
521.773
521.460
489.426
522.085
488.905
489.738
521.461
487.343
488.592
522.606
489.790
521.616
522.607
489.686
522.815
488.332
488.488
522.086
490.155
522.137
522.866
489.113
519.741
519.429
490.416
523.128
489.113
489.999
521.252
489.738
522.658
524.690
490.311
520.991
524.012
489.634
524.117
488.748
489.373
522.606
491.197
521.460
523.909
488.540
523.648
525.419
491.353
522.085
490.780
486.196
525.263
490.259
523.128
523.023
489.686
521.825
518.596
491.301
524.117
492.030
488.280
520.679
490.364
524.482
523.492
488.123
523.231
516.408
490.363
523.179
490.832
491.248
524.898
489.478
489.373
521.304
489.374
522.710
520.106
489.634
524.377
491.769
491.509
522.033
489.426
491.301
519.741
488.019
521.408
520.106
489.322
521.564
489.165
488.488
523.596
487.290
490.311
522.190
488.905
520.106
520.002
488.279
521.460
490.207
487.811
521.252
489.582
521.877
521.148
488.384
522.294
515.783
487.863
522.033
488.280
492.707
522.294
489.426
520.784
521.981
488.696
522.502
515.209
490.363
522.555
489.270
489.061
522.763
489.373
522.294
520.887
488.176
521.356
514.793
490.363
521.512
488.749
488.436
521.929
490.780
522.814
524.377
487.551
522.033
489.426
489.843
521.669
488.175
489.217
522.971
489.373
521.617
523.544
488.123
522.190
488.540
490.571
524.534
486.978
489.426
519.012
489.166
522.971
522.294
491.769
523.127
518.439
489.374
520.888
490.260
487.915
522.866
490.051
525.575
523.388
488.748
521.251
527.295
490.155
524.638
488.489
488.280
520.314
489.426
521.095
518.022
488.071
521.356
489.269
489.582
521.304
489.113
490.468
520.523
487.447
519.741
522.658
488.280
518.804
490.311
491.926
521.981
490.988
491.770
521.252
491.926
521.095
523.596
487.498
521.669
488.957
489.530
517.293
489.321
522.086
520.835
489.687
521.877
518.908
488.436
524.377
487.967
488.592
523.387
487.758
523.127
523.127
490.520
520.262
520.158
490.103
523.544
488.279
488.176
522.815
488.644
520.418
518.596
487.499
521.721
516.251
491.614
521.825
486.613
489.843
520.001
490.416
521.199
519.898
488.332
522.241
489.478
486.665
521.981
489.998
488.540
520.210
490.259
521.252
522.033
490.936
519.637
489.791
491.196
521.512
488.228
488.540
523.648
488.071
520.262
520.418
490.051
521.981
490.259
489.529
520.054
491.822
489.009
522.815
491.197
522.189
523.023
486.769
522.293
489.113
488.800
524.742
487.707
491.197
523.075
490.624
520.991
523.960
489.478
520.627
491.353
487.967
522.398
488.176
490.416
524.637
488.436
521.460
521.460
488.749
520.627
488.801
488.332
521.825
490.676
523.283
520.106
490.416
521.460
523.596
488.279
523.596
491.509
489.270
521.565
490.728
523.075
522.607
488.489
521.408
514.481
488.592
521.982
488.748
489.790
524.221
489.582
521.304
522.814
489.426
519.637
518.856
487.707
521.200
487.603
489.217
521.356
490.520
523.700
522.918
488.488
522.815
518.856
488.697
521.668
490.520
490.103
521.564
488.384
520.679
517.450
493.020
520.679
488.540
491.510
523.700
488.749
490.103
524.481
488.540
524.950
522.710
489.165
523.648
514.012
488.801
522.398
489.947
490.467
522.138
488.489
521.773
521.773
488.071
521.095
521.461
487.290
519.898
488.852
489.791
521.825
488.384
522.293
524.534
487.395
523.232
527.034
487.446
522.710
490.467
489.842
522.763
488.020
521.617
521.409
488.748
521.981
488.853
487.082
520.679
489.686
489.686
522.658
488.800
521.877
521.825
490.833
520.523
489.478
489.374
521.772
491.197
489.738
521.825
488.488
522.346
522.658
489.790
523.596
488.488
489.738
521.512
490.572
489.165
520.314
489.217
525.054
524.378
488.540
523.856
490.624
488.696
521.252
488.801
489.321
521.721
489.322
519.428
520.419
486.144
522.867
488.280
490.155
522.971
490.415
524.012
521.720
489.895
523.075
521.356
489.270
519.428
489.113
487.811
523.336
491.301
490.468
521.825
486.353
524.116
521.929
488.176
523.076
490.467
489.269
523.388
489.999
492.239
521.720
489.894
522.137
524.690
488.384
521.877
489.790
491.353
523.544
488.748
488.748
520.158
488.124
519.793
523.335
487.915
521.564
488.488
488.697
523.336
489.425
521.825
521.929
489.217
523.857
519.898
490.051
520.574
489.946
487.811
521.095
487.967
522.815
522.294
489.946
520.210
523.804
490.155
522.346
490.155
486.926
519.220
489.530
524.690
521.096
489.582
522.346
515.574
487.499
521.148
489.426
486.873
522.190
487.863
523.179
522.242
487.603
521.929
487.915
486.509
523.076
487.499
488.332
525.419
488.905
522.502
524.689
490.155
523.335
488.384
489.999
520.366
488.696
490.260
523.127
488.332
521.512
520.731
487.499
520.419
488.853
489.738
523.127
489.530
490.884
518.908
491.457
522.867
520.366
490.207
522.606
488.801
489.529
521.668
488.540
489.322
523.701
487.706
520.575
522.658
488.384
521.148
488.957
490.415
521.617
488.072
487.551
521.408
488.488
522.085
519.325
489.842
524.273
489.635
490.051
523.440
488.540
521.043
523.335
488.436
522.814
525.159
487.863
520.940
487.967
487.238
522.086
490.051
522.710
522.502
489.009
520.262
519.845
488.957
520.106
488.228
488.436
523.700
489.113
522.554
523.179
490.207
520.001
517.189
488.540
522.450
489.790
488.384
520.679
487.863
522.502
520.470
489.478
524.012
523.439
489.998
521.773
488.696
488.801
521.461
490.989
522.555
521.304
487.654
524.325
488.592
486.144
521.252
488.644
489.582
524.221
487.550
522.606
523.127
488.853
521.356
490.051
488.957
523.648
489.790
489.062
520.627
488.800
522.398
523.439
487.707
519.897
525.679
489.842
522.918
489.322
488.332
523.127
489.478
520.888
523.335
489.999
522.658
489.322
489.165
521.981
489.738
489.426
523.284
489.113
522.555
521.095
490.259
521.304
488.696
489.114
519.533
488.071
488.332
522.555
489.634
523.179
521.669
489.895
520.835
488.489
488.956
522.710
491.092
489.791
522.971
490.416
522.138
519.533
489.426
522.710
488.957
490.051
523.544
488.696
487.447
523.284
490.103
524.013
521.981
490.155
523.857
489.738
490.624
520.158
486.353
523.700
521.669
488.019
521.460
523.127
487.967
521.200
488.019
489.738
523.387
489.790
523.491
523.232
490.780
521.929
518.387
490.519
522.242
489.165
486.977
522.711
489.217
523.752
521.825
488.645
525.055
519.064
489.634
521.981
487.603
488.801
522.971
487.967
524.221
521.669
491.718
524.950
520.887
491.718
524.065
488.645
486.769
522.710
489.634
519.325
521.461
489.842
522.866
519.898
491.144
522.086
489.009
488.593
521.252
489.322
519.898
520.991
490.155
524.534
514.064
489.686
523.179
488.332
488.905
522.398
489.009
523.648
521.617
486.873
525.211
517.919
488.801
522.554
487.394
488.956
521.304
489.113
520.366
518.960
488.853
520.054
487.655
488.801
522.085
489.114
486.196
520.991
488.124
522.710
520.210
488.697
519.533
489.425
489.686
522.033
488.749
488.852
523.179
487.499
523.388
522.971
488.384
520.939
491.718
488.332
521.929
491.874
488.489
520.419
489.009
520.836
522.763
488.228
524.013
489.061
489.739
519.533
488.905
523.336
521.148
491.978
525.784
515.261
488.853
523.388
488.384
487.811
524.638
491.040
525.367
522.502
490.415
522.242
523.179
489.322
521.929
490.207
490.259
521.877
488.020
489.478
520.991
488.801
519.533
524.273
488.749
523.648
490.988
490.364
523.232
487.447
489.530
522.242
488.019
522.190
524.481
489.113
522.606
489.374
490.676
520.418
488.123
521.356
524.065
486.144
520.471
518.179
489.842
522.971
486.561
489.634
522.814
488.488
523.700
520.887
488.905
524.481
517.605
488.696
520.419
488.176
491.717
521.825
492.187
520.731
523.701
489.843
522.138
514.949
489.165
519.689
489.999
489.687
521.773
487.498
522.241
517.449
488.540
524.794
490.572
488.071
520.054
489.009
489.425
524.325
489.686
520.784
519.949
488.801
519.950
488.852
489.425
520.783
488.697
490.936
520.367
491.561
521.252
521.356
489.895
519.846
487.863
486.092
522.815
491.457
521.877
521.252
488.593
523.857
521.668
491.405
522.502
488.436
489.634
522.137
486.196
488.488
522.189
489.686
521.147
522.033
489.061
519.012
489.686
491.562
522.138
489.634
489.686
522.919
491.562
522.502
521.877
489.113
522.606
490.363
