1644628.631
1644296.860
1644250.219
1644061.845
1644244.240
1644185.046
1644233.363
1644200.424
1644407.037
1644200.485
1644225.883
1644232.528
1644046.446
1644030.381
1644148.131
1644318.025
1644093.655
1644078.631
1644383.018
1644498.527
1644620.235
1644610.161
1644417.305
1644634.962
1644655.047
1644647.209
1644644.062
1644580.127
1644649.171
1644647.432
1644468.691
1644450.071
1644589.908
1644561.703
1644548.657
1644502.380
1644748.109
1644626.094
1644507.048
1644499.835
1644426.626
1644409.362
1644914.701
1644522.137
1644508.309
1644629.129
1644452.682
1644661.063
1644419.919
1644724.042
1644624.422
1644557.619
1644493.473
1644633.305
1644453.991
1644553.925
1644614.790
1644564.082
1644449.044
1644501.419
1644506.708
1644927.090
1644527.229
1644357.864
1644509.259
1644524.443
1644405.394
1644454.800
1644548.220
1644665.290
1644496.443
1644745.088
1644376.377
1644442.658
1644567.542
1644545.949
1644633.379
1644704.142
1644517.167
1644504.846
1644516.748
1644676.111
1644431.578
1644498.746
1644617.583
1644581.876
1644509.653
1644532.126
1644520.380
1644559.938
1644498.184
1644533.526
1644551.207
1644578.628
1644712.834
1644641.182
1644448.998
1644582.786
1644571.870
1644424.950
1644431.329
1644519.902
1644549.721
1644455.150
1644466.735
1644611.202
1644520.381
1644674.533
1644523.032
1644779.433
1644614.074
1644305.158
1644533.694
1644601.275
1644444.822
1644375.253
1644477.943
1644364.671
1644289.112
1644360.235
1644379.008
1644518.263
1644473.750
1644395.533
1644605.940
1644397.139
1644499.098
1644895.983
1644340.738
1644374.981
1644412.141
1644983.213
1644991.774
1645331.520
1644470.877
1644558.041
1644516.756
1644378.376
1644538.412
1644796.535
1644673.990
1644773.864
1644623.765
1644695.250
1644468.840
1644721.856
1644502.529
1644944.836
1644447.094
1644573.116
1644524.382
1644666.499
1644541.140
1644474.643
1644479.350
1644692.882
1644477.045
1644444.196
1644314.305
1644603.002
1644461.494
1644534.647
1644600.975
1644721.058
1644459.747
1644728.284
1644506.195
1644470.534
1644541.185
1644457.287
1644228.220
1644367.263
1644341.601
1644571.384
1644394.456
1644308.788
1644559.354
1644672.195
1644535.637
1644676.503
1644383.728
1644530.430
1644514.508
1644659.332
1644625.597
1644510.238
1644648.863
1644860.727
1644973.568
1645157.512
1644994.959
1645435.804
1645420.143
1645204.982
1645423.874
1645262.939
1645145.911
1644880.378
1644863.780
1645197.009
1645196.660
1645312.003
1645128.561
1644663.216
1644712.822
1645039.747
1645462.779
1645021.446
1645199.553
1645222.280
1645149.893
1645382.330
1645158.416
1644992.165
1644933.632
1645070.799
1644520.807
1644683.861
1644607.515
1644653.942
1644906.954
1644867.747
1644770.929
1644701.510
1644457.281
1644414.843
1644553.415
1644584.111
1645039.331
1644832.137
1645219.745
1644563.596
1645317.443
1645245.210
1645060.622
1645010.059
1644794.530
1644997.119
1645230.284
1645144.924
1644665.825
1645049.005
1645003.338
1644732.960
1644971.958
1644843.677
1645043.557
1644662.437
1644905.393
1645172.051
1644962.042
1644948.202
1644773.354
1644932.394
1645036.952
1644994.149
1645326.020
1644929.639
1644683.532
1644601.870
1644675.330
1644681.802
1644769.220
1644805.750
1644540.005
1645092.890
1644548.262
1644540.931
1645080.377
1644776.348
1645026.023
1645530.310
1644896.505
1644984.392
1644731.201
1645530.310
1644888.484
1645049.348
1645132.286
1645217.151
1644926.561
1644954.128
1644839.181
1645334.924
1645475.212
1645258.952
1645263.079
1645520.411
1645066.678
1645372.608
1645227.188
1645090.468
1645154.549
1645036.476
1644946.480
1645184.225
1644943.118
1644821.815
1645240.466
1645322.987
1645185.432
1645413.385
1645204.573
1645251.674
1645285.178
1645467.294
1645128.884
1645278.808
1645145.107
1645101.729
1645393.282
1644980.125
1644843.559
1645303.359
1645133.406
1644961.732
1644966.848
1644977.381
1645249.870
1645442.298
1645385.429
1645435.600
1644917.484
1645388.014
1645135.342
1645158.586
1644957.845
1645063.128
1645115.593
1644869.380
1645206.198
1645327.941
1645870.197
1644980.998
1645260.571
1644913.460
1645227.516
1644982.292
1645262.332
1645225.568
1645249.019
1645332.268
1645269.043
1645370.470
1645158.322
1645227.143
1645379.513
1645194.712
1645019.339
1645136.236
1645187.868
1645148.394
1645359.676
1645020.381
1644660.456
1645155.154
1645302.264
1645327.120
1645023.399
1645199.054
1644972.528
1644723.642
1644906.658
1644961.072
1644890.555
1644848.462
1644840.320
1645143.784
1644734.059
1644864.465
1644590.658
1645433.183
1644943.819
1644837.408
1644913.794
1644809.247
1645231.191
1644837.340
1644776.079
1644690.069
1644702.646
1644690.089
1644963.988
1644708.266
1645090.787
1645069.765
1645017.859
1645125.306
1645099.020
1645128.997
1645231.436
1645064.515
1644752.444
1645010.249
1644855.566
1644846.484
1644845.880
1644887.249
1644815.250
1644724.268
1644841.682
1644575.818
1644727.552
1644601.518
1644707.856
1644631.033
1644682.252
1644880.931
1645083.707
1644619.377
1644492.663
1644928.838
1644659.523
1644537.229
1644779.848
1644715.080
1644950.353
1644672.213
1645137.159
1644854.273
1644717.343
1644951.173
1644983.565
1644638.916
1644481.256
1644370.876
1644495.583
1644623.663
1644453.382
1644412.196
1644323.901
1644515.518
1644407.503
1644334.412
1644471.916
1644821.631
1644816.303
1644670.302
1644607.796
1644404.589
1644566.891
1644664.806
1644401.124
1644495.613
1644580.915
1644800.545
1644838.209
1644806.779
1644619.250
1644636.176
1644914.296
1644708.228
1644879.689
1644817.784
1644812.981
1644988.082
1644873.464
1644765.532
1644765.822
1645034.563
1644743.755
1644776.854
1644961.840
1644570.138
1644757.306
1644802.337
1644895.036
1644736.243
1644825.185
1644876.000
1644700.172
1644665.203
1644405.521
1645106.263
1644931.181
1644037.804
1644348.987
1644637.011
1644607.543
1644666.836
1644359.032
1644640.885
1644655.803
1644599.468
1644441.186
1644610.335
1644484.667
1644434.671
1644843.580
1644393.924
1644653.116
1644577.721
1644452.250
1644596.123
1644588.801
1644378.322
1644733.827
1644646.442
1644323.713
1644321.122
1644499.063
1644379.160
1644374.227
1644358.346
1644337.876
1644529.158
1644455.767
1644428.577
1644561.729
1644334.938
1644380.205
1644314.429
1644654.606
1644532.571
1644638.313
1644465.638
1644185.415
1644548.984
1644320.731
1644409.601
1644482.674
1644518.450
1644345.583
1644595.226
1644690.123
1644519.595
1644355.352
1644692.301
1644449.210
1644504.983
1644497.220
1644438.200
1644462.458
1644429.696
1644498.024
1644428.420
1644369.147
1644376.111
1644484.855
1644412.141
1644516.610
1644280.903
1644402.105
1644255.616
1644402.545
1644297.162
1644496.323
1644446.989
1644511.561
1644339.339
1644450.748
1644640.326
1645135.082
1644468.462
1644425.987
1644471.440
1644490.545
1644755.175
1644456.854
1644210.621
1644544.735
1644429.919
1644548.136
1644551.079
1644689.045
1644492.806
1644696.022
1644557.249
1644589.306
1644474.218
1644728.857
1644498.236
1644637.024
1644691.018
1644521.493
1644708.621
1644670.050
1644390.673
1644516.235
1644664.393
1644441.998
1644656.474
1644495.855
1644561.348
1644385.739
1644495.555
1644469.480
1644502.999
1644367.482
1644667.424
1644571.397
1644560.159
1644663.837
1644720.578
1644633.917
1644671.654
1644520.458
1644788.513
1644635.506
1644732.503
1644563.597
1644598.569
1644664.001
1644588.385
1644571.787
1644654.302
1644589.418
1644853.411
1644670.071
1644593.209
1644806.621
1644551.971
1644587.776
1644449.177
1644659.149
1644519.520
1644590.571
1644498.646
1644444.176
1644423.865
1644564.043
1644295.801
1644345.444
1644313.214
1644425.364
1644507.716
1644566.329
1644537.109
1644537.371
1644601.297
1644672.709
1644719.851
1644664.231
1644559.897
1644671.370
1644870.611
1644484.170
1644666.848
1644699.926
1644427.086
1644442.929
1644811.812
1644440.267
1644574.922
1644724.461
1644985.991
1644718.318
1644768.837
1644582.517
1644355.314
1644737.474
1644600.275
1644531.049
1644520.832
1644335.818
1644701.261
1644538.373
1644596.715
1644346.998
1644596.334
1644292.299
1644466.679
1644626.217
1644434.897
1644539.061
1644774.961
1644822.981
1644554.561
1644213.278
1644516.108
1644656.316
1644687.878
1644613.850
1644691.395
1644671.078
1644674.971
1644534.739
1644676.412
1644436.845
1644659.874
1644517.145
1644721.209
1644618.900
1644720.251
1644535.478
1644749.447
1644751.777
1644509.237
1644817.331
1644699.073
1644907.773
1644773.013
1644648.816
1644672.032
1644393.870
1644592.253
1644573.540
1644369.184
1644784.512
1644494.213
1644517.634
1644327.544
1644559.115
1644418.769
1644558.864
1644335.551
1644377.928
1644444.268
1644590.360
1644614.296
1644694.753
1644548.784
1644680.021
1644677.921
1644766.397
1644956.753
1644439.608
1644765.654
1644558.526
1644959.171
1644781.577
1644680.190
1644740.176
1644807.031
1644843.937
1644612.750
1644845.086
1644515.659
1644719.873
1644757.244
1644374.375
1644707.034
1644532.146
1644524.886
1644571.371
1644674.893
1644344.790
1644538.944
1644639.289
1644427.267
1644572.353
1644836.517
1644582.873
1644553.047
1644709.286
1644505.123
1644699.015
1644239.782
1644179.380
1644537.713
1644442.993
1644367.848
1644461.939
1644259.029
1644215.032
1644636.550
1644372.017
1644301.976
1644235.691
1644240.086
1644691.340
1644497.440
1644396.043
1644620.297
1644561.879
1644726.285
1644439.556
1644470.675
1644432.249
1644551.236
1644879.567
1644432.717
1644314.496
1644646.157
1644622.367
1644691.299
1644559.167
1644569.389
1644451.273
1644564.891
1644392.856
1644663.318
1644465.290
1644343.417
1644580.228
1644728.325
1644564.470
1644469.060
1644619.137
1644413.300
1644524.677
1644493.851
1644336.718
1644365.846
1644346.479
1644313.055
1644264.570
1644490.278
1644355.385
1644407.637
1644398.377
1644410.214
1644466.476
1644527.119
1644528.379
1644418.324
1644410.316
1644350.319
1644423.197
1644428.003
1644587.764
1644463.905
1644596.430
1644752.439
1644430.490
1644839.497
1644459.310
1644443.381
1644636.115
1644658.309
1644628.941
1644651.762
1644487.532
1644540.881
1644531.666
1644868.627
1644486.832
1644330.778
1644457.827
1644451.064
1644782.711
1644343.248
1644261.789
1644450.611
1644374.412
1644457.028
1644277.222
1644606.478
1644341.143
1644396.879
1644654.046
1644577.425
1644473.094
1644599.518
1644397.781
1644380.906
1644834.182
1644438.676
1644346.066
1644515.460
1644735.583
1644657.820
1644637.663
1644578.697
1644487.496
1644410.247
1644548.905
1644527.032
1644427.021
1644861.957
1644579.224
1644654.906
1644557.553
1644659.855
1644380.034
1644664.801
1644601.826
1644449.152
1644573.904
1644352.162
1644391.433
1644497.747
1644420.756
1644547.432
1644260.426
1644468.200
1644464.760
1644450.226
1644423.761
1644438.291
1644527.046
1644694.140
1644642.102
1644562.507
1644624.434
1644646.623
1644383.728
1644514.203
1644383.043
1644425.540
1644507.522
1644580.338
1644429.535
1644442.449
1644594.125
1644725.223
1644617.189
1644790.011
1644799.275
1644685.042
1644825.152
1644662.732
1644599.911
1644506.768
1644755.847
1644558.166
1644616.808
1644658.577
1644799.417
1644526.882
1644616.884
1644822.989
1644588.165
1644427.884
1644490.849
1644630.904
1644563.340
1644529.368
1644331.318
1644288.964
1644646.123
1644692.679
1644525.416
1644561.449
1644452.837
1644432.930
1644359.890
1644315.034
1644539.993
1644571.024
1644549.245
1644512.406
1644423.635
1644638.544
1644703.745
1644535.540
1644531.676
1644727.098
1644508.889
1644843.546
1644779.776
1644799.298
1644702.558
1644622.432
1644655.550
1644523.962
1644576.505
1644785.317
1644585.700
1644661.943
1644434.567
1644749.061
1644564.343
1644697.259
1644596.349
1644623.006
1644372.864
1644509.423
1644297.880
1644483.248
1644569.647
1644730.797
1644738.646
1644255.615
1644448.173
1644353.720
1644454.652
1644464.847
1644588.436
1644546.126
1644659.142
1644549.167
1644577.801
1644850.571
1644601.154
1644571.190
1644628.418
1644638.349
1644919.560
1644483.510
1644741.799
1644759.859
1644520.130
1644680.441
1644732.982
1644550.445
1644828.841
1644591.613
1644575.550
1644565.534
1644828.822
1644844.898
1644684.086
1644903.358
1644578.203
1644726.639
1644646.246
1644683.784
1644485.726
1644674.734
