3832.404
3493.100
3487.267
3506.696
3549.044
3552.638
3520.186
3509.352
3497.996
3492.267
3549.199
3525.604
3525.291
3522.322
3487.526
3480.599
3506.852
3528.573
3527.531
3536.386
3501.591
3503.101
3495.444
3549.304
3546.699
3536.386
3523.572
3499.924
3508.519
3500.757
3551.335
3537.584
3524.874
3495.028
3488.673
3491.225
3545.293
3515.342
3529.302
3537.896
3505.914
3500.184
3516.123
3528.833
3547.532
3533.468
3506.747
3500.601
3509.300
3544.511
3533.417
3534.563
3520.499
3491.850
3510.342
3520.655
3544.824
3541.959
3496.695
3502.998
3511.332
3488.933
3554.200
3535.865
3513.779
3512.998
3503.778
3508.571
3523.781
3537.949
3524.197
3497.007
3502.007
3494.767
3488.048
3522.062
3525.812
3532.271
3510.863
3509.351
3499.767
3521.020
3534.667
3528.364
3540.553
3477.265
3491.955
3497.215
3524.093
3529.822
3530.656
3504.299
3483.203
3497.736
3535.500
3531.386
3515.603
3530.291
3500.497
3519.301
3498.257
3525.239
3527.427
3520.186
3500.653
3509.352
3502.685
3531.750
3529.042
3560.086
3517.113
3494.455
3501.435
3490.965
3538.574
3526.854
3537.584
3493.517
3498.048
3501.747
3534.667
3526.802
3523.728
3492.580
3494.038
3482.839
3491.799
3527.740
3529.614
3540.918
3500.497
3487.944
3500.965
3521.071
3541.021
3525.030
3535.813
3521.020
3508.363
3492.788
3530.552
3512.530
3532.792
3506.695
3506.227
3503.883
3513.311
3531.073
3516.280
3536.802
3495.236
3500.029
3502.529
3534.459
3533.937
3525.239
3502.476
3496.278
3501.331
3503.622
3531.802
3539.512
3538.365
3502.789
3514.092
3490.653
3528.937
3540.605
3538.314
3518.259
3505.654
3520.134
3543.106
3527.218
3538.365
3510.759
3490.704
3512.425
3547.116
3547.324
3540.813
3554.721
3510.081
3516.593
3529.614
3550.658
3535.709
3542.011
3477.838
3498.205
3498.466
3537.583
3538.573
3532.271
3482.057
3512.113
3503.257
3522.687
3527.583
3526.749
3531.281
3496.121
3500.810
3494.403
3521.436
3528.156
3546.178
3490.183
3499.194
3493.934
3517.842
3531.750
3525.917
3521.645
3504.039
3495.132
3501.903
3532.428
3523.676
3521.385
3493.570
3496.330
3506.331
3494.299
3526.125
3531.281
3534.302
3511.748
3522.895
3501.122
3538.469
3535.813
3530.083
3515.811
3494.871
3511.019
3523.624
3531.750
3535.865
3527.010
3496.069
3492.631
3502.893
3536.229
3540.449
3528.052
3507.737
3497.997
3512.946
3545.085
3531.386
3530.761
3511.696
3507.685
3504.821
3546.752
3528.156
3528.052
3537.324
3505.446
3499.403
3499.559
3528.313
3532.062
3543.157
3519.926
3521.384
3503.310
3553.731
3546.491
3542.949
3496.903
3496.382
3514.352
3514.144
3549.304
3534.876
3500.445
3493.569
3487.110
3495.914
3546.387
3533.365
3528.677
3499.716
3489.194
3514.248
3528.834
3539.459
3537.584
3500.601
3489.610
3499.142
3495.757
3532.323
3533.156
3521.697
3488.986
3483.673
3495.966
3529.563
3524.822
3526.646
3526.229
3492.736
3505.289
3490.496
3524.770
3528.989
3525.603
3539.615
3500.654
3506.383
3505.185
3547.897
3540.137
3534.147
3511.748
3509.040
3486.798
3526.437
3529.406
3538.001
3503.935
3517.738
3495.080
3541.595
3553.783
3524.458
3501.695
3513.259
3525.291
3537.220
3534.302
3535.709
3535.032
3504.196
3504.351
3505.289
3534.510
3530.448
3534.511
3521.854
3522.322
3519.718
3548.314
3553.262
3536.543
3510.654
3507.581
3510.029
3542.741
3539.095
3525.499
3520.030
3500.236
3493.153
3535.813
3540.397
3534.667
3498.986
3520.655
3495.444
3536.386
3540.813
3552.169
3503.726
3497.216
3499.976
3504.247
3554.825
3528.937
3533.573
3514.196
3520.135
3499.090
3534.771
3546.752
3422.104
3504.299
3501.956
3503.466
3486.173
3536.178
3528.938
3546.543
3488.517
3476.068
3491.642
3518.467
3528.573
3524.510
3539.094
3498.465
3508.102
3489.350
3536.490
3535.032
3534.459
3497.892
3493.674
3505.706
3538.782
3518.051
3524.405
3538.834
3507.998
3508.571
3499.456
3531.958
3533.990
3526.333
3506.123
3509.561
3496.903
3522.114
3522.635
3520.291
3516.227
3496.643
3482.370
3488.882
3538.261
3520.864
3532.896
3537.428
3504.716
3492.423
3500.393
3536.594
3552.430
3543.730
3498.883
3509.404
3493.153
3542.376
3533.781
3528.416
3503.258
3499.143
3498.935
3507.685
3552.637
3526.437
3534.823
3490.652
3516.176
3497.423
3540.865
3527.062
3551.804
3512.321
3507.164
3515.290
3547.220
3538.887
3542.168
3501.070
3504.508
3505.133
3541.021
3532.792
3540.032
3503.206
3508.415
3502.841
3545.137
3538.209
3525.969
3521.332
3494.872
3497.528
3483.881
3512.269
3538.990
3517.634
3497.580
3499.195
3487.579
3495.601
3517.165
3525.760
3548.210
3500.549
3503.518
3502.424
3531.177
3533.938
3529.458
3534.407
3495.132
3500.133
3487.944
3527.166
3533.729
3516.540
3499.872
3507.008
3492.423
3503.206
3551.439
3542.585
3539.199
3483.933
3493.674
3504.924
3529.823
3539.147
3532.948
3517.842
3504.924
3506.696
3535.813
3544.460
3539.251
3521.489
3509.821
3501.174
3495.341
3547.637
3535.813
3529.771
3500.132
3491.694
3506.383
3535.292
3558.940
3547.481
3506.591
3511.280
3507.165
3527.010
3530.604
3544.564
3517.270
3504.351
3503.414
3541.334
3533.990
3539.980
3548.992
3511.696
3506.956
3513.363
3538.938
3540.761
3538.522
3500.810
3509.769
3526.698
3540.813
3522.634
3533.365
3509.873
3506.695
3519.561
3532.584
3552.273
3547.169
3527.479
3518.884
3506.070
3538.157
3536.907
3534.824
3499.403
3500.757
3505.550
3537.897
3519.041
3525.604
3507.946
3503.206
3503.987
3529.041
3517.165
3527.010
3519.613
3508.779
3488.621
3493.361
3530.916
3525.969
3524.718
3529.771
3499.716
3486.693
3501.903
3532.063
3544.043
3536.855
3501.591
3502.945
3496.903
3530.969
3532.115
3538.365
3531.385
3510.238
3510.706
3506.904
3532.948
3531.958
3540.293
3504.195
3500.705
3492.840
3544.928
3526.854
3535.084
3504.299
3502.529
3492.840
3526.905
3535.344
3530.396
3527.114
3503.883
3519.405
3509.404
3546.074
3545.085
3546.960
3502.841
3510.550
3517.426
3558.003
3528.833
3520.030
3516.384
3502.320
3502.789
3525.708
3533.261
3544.772
3500.393
3512.113
3493.049
3525.447
3535.240
3531.385
3533.469
3500.861
3505.133
3494.871
3527.843
3539.928
3543.366
3505.185
3512.061
3502.632
3540.293
3537.948
3538.626
3509.509
3499.507
3516.592
3547.533
3558.992
3537.948
3508.363
3506.904
3508.362
3528.834
3411.061
3531.646
3543.782
3506.071
3505.706
3500.862
3522.426
3530.291
3534.302
3532.531
3498.465
3503.623
3509.196
3547.846
3541.230
3545.501
3509.144
3517.947
3500.185
3546.179
3541.387
3543.730
3505.654
3503.362
3508.935
3540.449
3544.147
3537.324
3508.259
3514.769
3498.622
3539.564
3529.302
3531.177
3547.637
3509.196
3511.227
3546.022
3535.396
3528.416
3543.574
3511.227
3517.478
3541.751
3548.991
3554.512
3548.940
3500.966
3516.957
3536.438
3544.251
3513.102
3517.843
3495.653
3511.227
3496.747
3548.106
3540.241
3528.676
3497.736
3495.757
3492.320
3498.778
3541.022
3532.844
3523.104
3496.070
3512.061
3515.290
3527.844
3541.491
3528.208
3506.227
3492.111
3504.872
3533.521
3530.240
3519.978
3543.627
3522.583
3515.811
3496.017
3537.428
3535.084
3522.374
3488.048
3508.363
3508.310
3519.145
3545.971
3543.053
3508.727
3513.727
3503.362
3487.163
3409.707
3529.354
3516.488
3526.280
3481.485
3495.601
3481.016
3523.729
3525.292
3540.553
3535.709
3504.872
3489.246
3500.028
3528.416
3533.782
3522.635
3491.434
3489.350
3489.558
3534.094
3546.022
3530.917
3540.969
3492.059
3488.152
3500.132
3537.740
3547.220
3513.884
3487.110
3499.351
3505.706
3542.012
3531.281
3517.894
3537.636
3496.174
3506.904
3509.248
3530.865
3521.228
3533.833
3509.769
3495.809
3510.133
3541.543
3543.679
3543.054
3502.164
3512.425
3506.904
3536.386
3529.511
3540.866
3536.699
3506.227
3512.530
3485.704
3542.741
3537.220
3534.354
3483.256
3505.549
3504.612
3528.469
3526.229
3533.000
3554.044
3498.778
3519.665
3529.407
3527.739
3542.897
3547.637
3506.019
3488.464
3511.487
3532.792
3522.531
3532.271
3503.779
3502.997
3516.228
3521.436
3534.667
3540.032
3509.144
3509.665
3496.643
3538.730
3533.157
3550.762
3543.002
3508.102
3398.925
3498.049
3529.979
3527.479
3522.947
3551.023
3495.549
3500.133
3487.944
3535.813
3526.490
3535.397
3501.278
3490.861
3474.349
3473.880
3523.260
3519.353
3532.062
3511.904
3489.715
3513.259
3529.146
3536.178
3537.845
3536.647
3490.132
3511.435
3491.069
3545.397
3520.135
3541.490
3483.568
3499.403
3508.310
3534.094
3530.604
3530.812
3524.666
3515.811
3485.131
3499.195
3544.824
3531.906
3523.312
3503.101
3493.986
3491.173
3525.291
3539.719
3540.501
3536.699
3497.007
3507.060
3491.642
3532.583
3530.969
3546.179
3507.477
3500.341
3509.717
3533.626
3542.168
3547.064
3488.829
3494.819
3501.226
3489.038
3542.377
3537.636
3531.178
3512.009
3497.893
3492.476
3542.167
3522.166
3530.552
3492.788
3495.497
3499.767
3545.398
3529.302
3551.127
3552.482
3506.695
3502.164
3557.534
3536.699
3554.825
3562.795
3533.574
3527.270
3561.180
3553.367
3541.855
3519.197
3423.458
3502.737
3554.617
3532.740
3530.292
3538.522
3518.259
3509.665
3538.157
3546.648
3550.763
3527.166
3496.539
3512.946
3498.778
3525.708
3538.573
3540.084
3502.841
3504.143
3512.060
3535.083
3528.781
3516.748
3524.458
3485.443
3500.549
3476.172
3543.366
3538.314
3538.366
3495.549
3498.414
3510.394
3546.074
3530.864
3548.106
3502.529
3500.966
3527.844
3572.952
3553.887
3545.137
3518.259
3512.425
3518.207
3557.638
3549.096
3553.263
3535.084
