25.993
25.315
25.367
25.211
25.315
25.211
25.263
25.315
25.211
25.159
25.315
47.609
25.315
25.367
25.263
25.263
25.263
25.315
25.263
25.263
25.315
25.211
25.315
25.420
25.211
51.568
25.471
25.262
25.263
25.367
25.263
25.315
25.211
25.262
25.367
25.314
25.367
25.263
25.263
25.315
24.846
25.367
25.367
25.263
25.263
25.211
25.211
25.315
25.784
25.367
25.263
25.315
25.315
25.263
22.867
25.367
25.315
25.315
25.367
25.315
25.262
25.210
25.263
25.315
25.263
25.315
25.315
25.368
45.994
24.846
25.210
25.315
25.367
25.315
25.211
25.315
25.263
25.315
25.263
25.210
25.367
25.263
51.463
25.367
25.315
25.211
25.315
25.263
25.315
25.211
25.263
25.315
25.315
25.315
25.314
25.315
22.971
25.314
25.159
25.211
25.419
25.315
25.367
25.262
25.263
25.263
25.367
25.315
25.159
25.210
47.557
25.471
25.419
25.211
25.367
25.315
25.263
24.898
25.472
25.211
25.263
24.065
25.367
25.315
49.849
25.368
25.315
25.211
25.368
25.367
24.273
25.472
25.419
25.419
25.315
25.263
25.367
25.315
25.211
19.793
25.263
25.315
25.263
25.315
25.367
25.211
25.367
25.262
25.315
25.315
25.263
25.263
25.211
45.212
25.263
25.263
25.315
25.368
25.263
25.211
25.263
25.367
25.315
25.315
25.210
25.263
25.263
50.786
25.315
25.315
25.315
25.367
25.263
25.263
25.367
25.211
25.210
25.315
25.419
25.315
25.367
24.533
25.523
25.315
25.367
25.315
25.315
25.315
25.263
25.367
25.315
25.315
25.315
25.263
25.263
57.193
25.315
25.315
25.315
25.315
25.263
25.315
25.315
25.367
25.315
25.315
25.263
25.263
25.315
54.588
25.210
25.315
25.211
25.315
25.315
25.315
25.211
25.315
25.315
25.263
25.263
25.367
25.263
25.210
25.211
25.315
25.368
25.211
25.419
25.263
25.315
25.315
25.262
25.367
25.211
25.263
25.159
25.263
25.419
25.211
25.211
25.315
25.315
25.263
25.263
25.211
25.419
25.263
25.211
25.315
25.262
25.315
23.387
25.367
25.315
25.315
25.367
25.263
25.263
25.315
25.159
25.315
25.263
25.263
25.315
25.367
20.367
25.211
25.315
25.315
25.315
25.367
25.210
25.263
25.315
25.315
25.263
25.367
25.315
25.263
24.690
25.315
25.211
25.315
25.471
25.315
25.211
25.315
25.211
25.315
25.367
25.263
25.314
25.367
23.439
25.367
25.263
25.367
25.263
25.262
25.263
25.263
25.315
25.211
25.263
25.315
25.367
25.367
24.377
25.367
25.367
25.315
25.263
25.263
25.367
25.315
25.211
25.263
25.263
25.367
25.315
25.263
52.088
25.367
25.210
25.315
25.315
25.211
25.263
25.419
25.367
25.211
25.263
25.211
25.315
25.315
56.828
25.315
25.315
25.315
25.211
25.315
25.263
25.211
25.210
25.315
25.367
25.315
25.211
25.211
25.159
25.263
25.315
25.367
25.263
25.315
25.263
25.263
25.315
25.211
25.211
25.367
25.315
25.315
53.183
25.367
25.211
25.315
25.315
25.367
25.315
25.315
25.211
25.315
25.315
25.263
25.315
25.367
60.266
25.106
25.367
25.263
25.263
25.367
25.315
25.367
25.315
25.315
25.315
25.263
25.419
25.263
61.360
24.742
25.315
25.315
25.211
25.315
25.263
25.315
25.262
25.315
25.211
25.263
25.263
25.210
25.315
25.367
25.315
25.315
25.367
25.315
25.315
25.367
25.263
25.315
25.315
25.367
25.211
25.367
25.367
25.471
25.315
25.210
25.210
25.211
25.262
25.210
25.262
25.262
25.315
25.367
25.315
25.315
25.315
25.159
25.211
25.367
25.314
25.315
25.263
25.367
25.263
25.315
25.367
25.262
25.367
25.263
25.263
19.220
25.315
25.211
25.263
25.211
25.419
25.419
25.315
25.263
25.367
25.315
25.211
25.315
25.315
25.524
25.367
25.263
25.263
25.367
25.315
25.315
25.263
25.367
25.263
25.315
25.263
25.211
25.263
22.919
25.315
25.211
25.315
25.315
25.367
25.263
25.315
25.315
25.263
25.315
25.419
25.263
25.263
54.641
25.263
25.262
25.263
25.263
25.211
25.262
25.367
25.419
25.314
25.211
25.315
25.367
25.315
56.204
25.263
25.315
25.315
25.211
25.263
25.211
25.315
25.315
25.367
25.263
25.211
25.367
25.315
55.266
22.190
25.367
25.315
25.211
25.367
25.315
25.315
25.315
25.315
25.315
25.211
25.367
25.263
25.368
25.315
25.315
25.315
25.315
25.158
25.315
25.262
25.315
25.315
25.315
25.158
25.367
25.367
53.703
25.315
25.263
25.367
25.263
25.315
25.159
25.367
25.262
25.263
25.315
25.367
25.263
25.263
57.193
25.315
25.367
25.211
25.263
25.367
25.419
25.262
25.263
25.419
25.419
25.315
25.315
25.158
25.263
25.419
25.315
25.263
25.262
25.315
25.367
25.367
25.315
25.315
25.315
25.315
25.315
25.368
25.367
24.846
25.263
25.367
25.315
25.211
25.315
25.315
25.314
25.367
25.211
25.263
25.315
25.419
25.367
22.919
25.263
25.263
25.211
25.315
25.315
25.263
25.211
25.263
25.263
25.263
25.263
25.315
25.315
24.586
25.211
25.367
25.211
25.211
25.419
25.263
25.263
25.367
25.211
25.211
25.315
25.315
25.315
55.631
25.315
25.263
25.367
25.315
25.315
25.211
25.263
25.367
25.314
25.367
25.211
25.211
25.367
23.908
25.315
25.315
25.315
25.315
25.263
25.315
25.263
25.315
25.263
25.315
25.367
25.367
25.210
24.638
25.315
25.315
25.211
25.315
25.315
25.315
25.315
25.210
25.262
25.263
25.315
25.367
25.263
55.057
25.314
25.263
25.315
25.210
25.211
25.315
25.367
25.315
25.315
25.211
25.263
25.315
25.315
53.130
24.325
25.211
25.263
25.263
25.211
25.315
25.211
25.210
25.367
25.367
25.263
25.315
25.367
25.367
25.211
25.315
25.262
25.211
25.211
25.211
25.367
25.263
25.263
25.367
25.211
25.315
25.315
25.263
20.940
25.419
25.315
25.211
25.315
25.210
25.210
25.211
25.367
25.315
25.367
25.263
25.263
62.819
25.367
25.315
25.263
25.211
25.315
25.210
25.315
25.315
25.211
25.263
25.315
25.315
25.211
25.263
25.315
25.263
25.263
25.211
25.263
25.263
25.263
25.315
25.315
25.315
25.367
25.419
25.210
25.315
25.315
25.315
25.367
25.315
25.263
25.263
25.158
25.263
25.211
25.419
25.419
25.315
25.315
25.263
22.711
25.315
25.263
25.263
25.262
25.367
25.315
25.315
25.315
25.315
25.315
25.315
25.159
25.263
24.481
25.367
25.263
25.367
25.263
25.368
25.263
25.315
25.263
25.263
25.263
25.263
25.315
25.315
52.037
25.106
25.263
25.263
25.315
25.263
25.315
25.367
25.315
25.315
25.263
25.263
25.315
25.210
54.849
25.315
25.315
25.263
25.367
25.368
25.315
25.315
25.263
25.315
25.263
25.263
25.367
25.210
53.755
25.315
25.419
25.263
25.315
25.315
25.367
25.367
25.367
25.367
25.263
25.315
25.262
25.315
55.839
25.263
25.211
25.211
25.315
25.367
25.314
25.315
25.263
25.211
25.262
25.367
25.211
25.315
60.735
20.940
25.367
25.210
25.315
25.367
25.315
25.315
25.315
25.315
25.210
25.315
25.315
25.315
25.263
25.471
25.315
25.315
25.419
25.263
25.263
25.315
25.315
25.211
25.211
25.263
25.263
25.263
25.367
19.377
25.315
25.419
25.315
25.263
25.315
25.315
25.367
25.367
25.263
25.263
25.315
25.211
25.263
24.273
25.263
25.315
25.262
25.263
25.315
25.315
25.315
25.315
25.315
25.159
25.315
25.315
25.367
25.367
25.263
25.315
25.367
25.367
25.367
25.367
25.315
25.315
25.419
25.315
25.315
25.211
25.263
22.971
25.367
25.419
25.367
25.263
25.159
25.315
25.263
25.315
25.263
25.263
25.262
25.367
25.419
51.724
25.211
25.263
25.367
25.367
25.315
25.211
25.159
25.367
25.263
25.315
25.211
25.211
25.315
56.777
25.263
25.263
25.367
25.211
25.314
25.263
25.210
25.263
25.315
25.367
25.263
25.368
25.315
59.589
20.575
25.315
25.263
25.263
25.262
25.419
25.315
25.315
25.263
25.315
25.315
25.315
25.263
25.263
25.471
25.262
25.367
25.315
25.262
25.263
25.263
25.420
25.263
25.315
25.315
25.263
25.263
54.016
25.419
