92.770
92.353
92.145
92.196
92.353
122.564
92.196
92.248
92.300
92.196
92.301
92.145
138.087
92.145
92.197
92.249
92.197
92.197
92.249
133.763
92.248
92.353
92.249
92.301
92.249
92.145
123.762
92.145
92.144
92.197
92.145
92.301
92.196
92.196
92.509
92.249
92.144
92.196
92.144
92.197
92.197
92.457
92.300
92.197
92.249
92.249
92.197
92.249
120.116
92.145
92.249
92.249
92.197
92.197
92.249
119.178
92.196
92.197
92.249
92.196
92.197
92.249
113.918
92.405
92.196
92.144
92.248
92.196
92.249
92.197
92.248
92.248
92.196
92.144
92.196
92.248
92.196
92.717
92.196
92.197
92.197
92.249
92.144
92.249
125.377
92.196
92.196
92.248
92.145
92.249
92.197
126.575
92.196
92.144
92.301
92.249
92.249
92.197
92.509
92.144
92.248
92.300
92.145
92.144
92.196
125.273
92.249
92.144
92.249
92.248
92.248
92.196
120.220
92.196
92.353
92.145
92.197
92.301
92.196
119.127
92.301
92.197
92.249
92.197
92.249
92.145
92.197
92.196
92.196
92.196
92.196
92.144
92.196
92.144
92.300
92.197
92.197
92.301
92.196
92.196
92.301
125.533
92.249
92.197
92.249
92.249
92.249
92.144
124.699
92.196
92.092
92.249
92.144
92.248
92.196
125.116
92.145
92.145
92.145
92.093
92.249
92.145
122.460
92.197
92.249
92.093
92.197
92.145
92.093
92.144
92.405
92.144
92.248
92.248
92.248
92.613
92.196
92.301
92.248
92.248
92.144
92.196
92.197
92.249
125.586
92.145
92.145
92.196
92.197
92.301
92.144
123.918
92.248
92.249
92.197
92.197
92.197
92.144
125.064
92.197
92.145
92.197
92.301
92.144
92.197
125.585
92.300
92.144
92.300
92.197
92.353
92.197
123.554
92.196
92.248
92.248
92.196
92.196
92.300
127.512
92.144
92.144
92.352
92.197
92.144
92.196
92.249
92.457
92.249
92.197
92.248
92.092
92.196
92.197
124.700
92.301
92.249
92.249
92.301
92.196
92.196
125.533
92.249
92.197
92.249
92.197
92.144
92.196
123.919
92.197
92.249
92.301
92.145
92.197
92.144
120.376
92.196
92.301
92.249
92.145
92.144
92.196
92.196
92.353
92.197
92.353
92.197
92.249
92.144
92.300
92.405
92.144
92.145
92.249
92.249
92.145
92.144
124.960
92.249
92.145
92.196
92.144
92.300
92.197
129.128
92.196
92.196
92.197
92.197
92.144
92.249
129.387
92.249
92.145
92.197
92.249
92.249
92.144
127.825
92.301
92.249
92.197
92.197
92.197
92.197
121.731
92.144
92.301
92.196
92.196
92.301
92.197
92.249
92.457
92.197
92.197
92.249
92.197
92.249
92.196
92.353
92.352
92.249
92.249
92.197
92.197
92.249
126.262
92.301
92.249
92.145
92.197
92.249
92.145
125.481
92.145
92.197
92.249
92.249
92.248
92.196
121.106
92.144
92.248
92.144
92.196
92.248
92.196
122.876
92.300
92.196
92.300
92.144
92.197
92.196
92.249
92.352
92.197
92.249
92.197
92.197
92.249
92.248
92.561
92.196
92.301
92.145
92.144
92.144
92.248
125.116
92.093
92.249
92.145
92.144
92.196
92.196
126.679
92.196
92.248
92.249
92.301
92.196
92.196
127.095
92.301
92.248
92.248
92.145
92.092
92.196
127.564
92.197
92.197
92.197
92.197
92.197
92.145
125.273
92.197
92.301
92.197
92.197
92.145
92.301
127.252
92.249
92.249
92.300
92.144
92.145
92.196
92.249
92.353
92.248
92.197
92.249
92.196
92.144
92.144
125.377
92.301
92.248
92.248
92.197
92.249
92.092
124.596
92.145
92.144
92.248
92.249
92.144
92.353
125.325
92.196
92.248
92.248
92.144
92.144
92.197
119.387
92.196
92.196
92.144
92.145
92.197
92.196
92.249
92.145
92.145
92.145
92.196
92.196
92.092
92.145
92.353
92.301
92.300
92.144
92.144
92.197
92.145
124.960
92.249
92.248
92.248
92.196
92.248
92.248
125.324
92.197
92.197
92.196
92.144
92.249
92.145
128.242
92.249
92.144
92.145
92.249
92.301
92.144
125.637
92.248
92.248
92.248
92.301
92.197
92.249
125.221
92.301
92.197
92.197
92.197
92.248
92.196
92.144
92.249
92.145
92.145
92.197
92.196
92.248
92.353
92.248
92.248
92.145
92.249
92.249
92.249
92.197
123.710
92.248
92.300
92.092
92.144
92.249
92.197
125.221
92.144
92.197
92.197
92.249
92.144
92.248
125.220
92.144
92.144
92.144
92.093
92.144
92.248
119.907
92.197
92.249
92.249
92.249
92.301
92.249
92.353
92.301
92.197
92.249
92.144
92.300
92.196
92.248
92.509
92.196
92.248
92.301
92.301
92.144
92.196
125.064
92.144
92.248
92.248
92.145
92.197
92.196
124.647
92.144
92.145
92.249
92.145
92.301
92.249
126.992
92.248
92.197
92.249
92.197
92.145
92.145
127.461
92.352
92.249
92.249
92.197
92.145
92.249
123.814
92.145
92.197
92.249
92.145
92.197
92.301
92.196
92.457
92.144
92.196
92.145
92.197
92.197
92.249
92.509
92.249
92.144
92.248
92.249
92.197
92.249
119.699
92.249
92.145
92.249
92.248
92.248
92.249
125.064
92.249
92.092
92.249
92.145
92.249
92.249
119.179
92.145
92.300
90.322
92.248
92.249
92.197
92.197
92.301
92.196
92.248
92.144
92.197
92.249
92.197
92.405
92.196
92.196
92.248
92.144
92.248
92.196
124.752
92.300
92.196
92.196
92.248
92.249
92.301
122.980
92.197
92.196
92.197
92.144
92.144
92.301
120.585
92.145
92.197
92.144
92.249
92.197
92.248
125.950
92.352
92.248
92.144
92.248
92.300
92.248
121.470
92.249
92.197
92.196
92.248
92.144
92.353
92.248
92.197
92.249
92.405
92.197
92.249
92.301
92.145
92.509
92.144
92.197
92.145
92.197
92.144
92.196
123.554
92.248
92.300
92.249
92.145
92.249
92.249
123.710
92.145
92.248
92.248
92.196
92.249
92.197
123.814
92.196
92.249
92.249
92.301
92.145
92.249
128.242
92.197
92.197
92.248
92.144
92.249
92.144
92.144
92.613
92.145
92.196
92.248
92.249
92.197
92.196
126.418
92.144
92.301
92.249
92.144
92.196
92.248
127.096
92.196
92.144
92.145
92.197
92.144
92.145
118.866
92.300
92.144
92.248
92.196
92.196
92.248
121.262
92.457
92.248
92.145
92.301
92.249
92.248
92.145
92.249
92.092
92.196
92.301
92.248
92.145
92.301
92.457
92.248
92.196
92.248
92.300
92.196
92.197
92.457
92.196
92.144
92.300
92.248
92.196
92.249
127.669
92.249
92.144
92.144
92.249
92.248
92.300
127.929
92.248
92.300
92.145
92.092
92.248
92.196
122.407
92.248
92.145
92.093
92.249
92.197
92.196
124.335
92.457
92.301
92.196
92.197
92.197
92.092
92.300
92.405
92.144
92.197
92.197
92.248
92.144
92.249
92.457
92.249
92.144
92.092
92.144
92.301
92.196
125.064
92.144
92.197
92.249
92.145
92.092
92.248
124.856
92.196
92.301
92.248
92.301
92.248
92.248
121.314
92.509
92.301
92.196
92.248
92.248
92.196
126.522
92.301
92.249
92.248
92.248
92.248
92.196
92.196
92.249
92.144
92.196
92.249
92.197
92.249
92.249
92.509
92.197
92.249
92.145
92.145
92.249
92.197
92.300
92.301
92.145
92.249
92.301
92.197
92.197
125.325
92.249
92.145
92.249
92.249
92.145
92.092
124.908
92.145
92.196
92.196
92.144
92.144
92.249
122.408
92.301
92.249
92.301
92.197
92.249
92.145
127.200
92.300
92.092
92.301
92.301
92.197
92.197
92.249
92.353
92.144
92.248
92.144
92.144
92.197
92.145
122.616
92.249
92.248
92.196
92.197
92.249
92.144
124.388
92.144
92.196
92.249
92.300
92.092
92.144
124.803
92.197
92.353
92.196
92.301
92.249
92.197
122.720
92.249
92.248
92.196
92.249
92.301
92.249
92.300
92.144
92.248
92.301
92.093
92.301
92.197
92.249
92.405
92.196
92.145
92.248
92.300
92.197
92.197
92.249
92.196
92.196
92.248
92.144
92.249
92.197
125.585
92.249
92.249
92.144
92.196
92.196
92.300
125.064
92.665
92.145
92.197
92.248
92.196
92.197
119.856
92.301
92.248
92.144
92.196
92.248
92.196
122.459
92.301
92.092
92.197
92.197
92.249
92.144
92.248
92.352
92.144
92.248
92.352
92.144
92.196
92.144
92.352
92.300
92.196
92.196
92.196
92.197
92.197
