31.618
31.982
31.982
31.931
31.930
32.086
32.034
31.930
31.983
31.982
31.982
31.982
60.995
31.982
32.035
31.982
32.035
31.878
31.878
32.034
32.034
31.982
31.982
31.930
32.086
59.277
32.034
32.034
32.087
31.982
32.035
31.930
32.034
32.087
31.931
32.086
32.034
32.034
67.298
30.160
31.878
31.982
31.878
32.034
32.035
32.034
32.087
31.982
32.139
31.878
32.035
68.704
31.982
31.931
32.035
32.034
31.878
32.034
32.035
31.982
31.930
31.982
31.982
32.035
59.850
31.982
31.878
32.086
32.034
31.982
32.034
31.983
32.035
31.930
31.931
31.878
31.982
68.340
32.190
31.982
32.035
31.930
32.086
31.983
32.035
36.670
31.878
31.982
31.983
31.930
31.983
31.930
31.930
31.982
31.879
32.086
32.034
31.983
31.930
31.982
32.035
31.982
31.982
32.138
31.930
32.034
31.879
31.982
31.930
32.087
31.982
31.982
31.930
32.035
31.982
31.982
32.243
32.034
31.982
32.035
31.982
32.086
31.983
31.930
31.930
31.983
31.982
31.930
31.982
31.514
31.930
31.983
31.930
32.087
32.034
32.087
32.035
31.930
31.930
31.931
31.930
32.034
34.795
31.982
31.930
31.930
31.983
31.931
31.983
31.982
31.982
31.930
32.034
31.982
31.982
36.774
32.035
32.035
32.034
32.086
32.139
32.086
31.983
31.982
32.034
31.878
32.034
31.930
32.138
31.879
31.931
32.086
31.930
36.618
32.035
31.982
31.982
32.035
31.983
31.982
63.079
31.983
32.087
31.982
31.930
31.982
31.878
31.930
31.982
31.982
31.878
31.982
31.930
60.787
32.347
31.878
31.982
31.982
31.982
31.982
31.930
32.087
32.087
31.982
31.982
31.982
66.934
32.086
31.982
31.878
32.035
32.035
31.930
31.982
31.982
32.034
31.982
31.930
31.982
65.527
31.982
31.982
31.982
31.982
31.983
31.878
31.982
31.930
31.982
31.930
32.034
32.034
67.402
32.035
31.982
32.034
31.982
31.982
31.982
31.878
32.087
32.034
32.035
31.983
32.034
64.433
31.565
32.138
32.034
32.034
31.983
32.035
31.878
31.930
31.930
31.982
32.034
31.983
63.443
36.774
31.983
31.982
31.983
32.034
31.983
32.086
31.982
31.930
31.983
31.982
32.034
30.420
31.878
32.035
31.982
31.982
31.983
31.930
31.930
31.878
31.931
32.086
31.930
31.930
28.857
31.930
32.035
31.983
31.982
32.138
32.034
32.087
32.139
31.983
32.034
32.034
32.087
31.878
31.982
31.930
31.982
32.034
32.035
31.930
31.931
31.930
31.983
32.034
31.878
31.982
27.295
32.087
31.983
36.618
32.034
36.723
31.982
36.670
36.618
31.982
36.618
32.138
36.671
32.295
36.670
31.982
36.619
32.034
32.086
36.567
32.034
36.566
31.982
36.618
32.034
67.662
32.034
36.566
32.034
36.618
32.034
36.670
32.034
36.618
31.982
36.619
32.034
32.034
32.086
32.034
36.618
31.983
36.618
31.983
36.775
32.034
31.878
36.670
32.087
36.723
59.693
36.722
36.670
31.982
36.566
32.086
36.566
31.982
32.035
36.618
31.982
36.618
36.618
25.836
32.035
31.930
32.034
31.930
32.034
31.878
31.930
32.086
32.087
32.035
31.930
31.878
28.388
32.086
31.982
31.982
32.087
32.035
32.034
32.034
31.982
31.982
31.982
32.035
31.983
36.982
32.087
31.982
32.034
31.982
31.982
31.982
31.982
32.035
32.035
31.982
32.034
31.878
29.847
31.878
32.034
31.982
31.983
31.983
31.931
31.878
32.087
31.878
32.034
31.982
32.035
30.315
31.982
31.982
31.982
31.930
31.982
32.035
32.087
31.983
31.982
31.983
31.982
31.930
36.931
31.878
31.983
31.982
31.982
32.087
31.982
31.878
32.086
32.035
32.035
31.982
32.034
32.086
31.982
31.982
32.087
31.982
31.930
32.399
31.982
32.034
31.930
32.034
32.034
31.930
36.775
31.930
32.034
31.983
32.035
31.930
31.982
31.930
32.034
31.983
31.982
32.034
32.035
32.295
31.878
31.982
32.035
32.035
31.982
31.930
31.878
32.035
31.931
31.930
32.086
31.983
35.212
31.982
31.930
32.034
32.086
31.878
31.982
32.034
31.982
32.034
32.086
31.930
31.930
31.982
31.982
31.982
31.982
31.982
31.931
31.982
32.034
32.035
31.982
32.087
32.034
31.930
32.920
31.983
32.035
32.086
31.982
32.034
36.671
31.982
32.034
36.670
31.982
36.566
61.673
36.670
36.618
31.982
36.722
32.035
36.671
32.035
32.086
36.670
32.034
36.670
31.930
34.742
36.618
32.086
31.983
36.670
32.034
36.671
36.566
32.035
36.670
32.087
31.982
66.516
32.504
32.034
32.034
36.618
32.035
36.566
32.035
36.618
32.086
36.566
31.983
36.566
30.419
31.982
32.086
36.567
31.982
36.670
31.878
36.566
31.878
36.566
31.930
36.670
36.514
32.191
36.618
31.982
31.930
36.566
31.982
36.618
31.982
36.618
36.722
32.034
36.618
62.193
32.139
36.618
32.138
36.618
32.034
36.618
31.982
36.670
32.087
36.618
31.982
36.618
32.190
31.982
31.930
32.086
31.983
31.982
32.034
32.087
32.034
31.930
31.982
32.035
69.382
31.982
31.982
31.930
32.034
31.982
31.982
32.034
32.035
32.087
31.982
31.930
31.982
66.361
31.930
31.983
31.983
31.983
32.139
31.930
31.930
31.982
31.982
31.930
31.930
31.930
67.506
32.086
32.035
31.930
31.982
32.034
31.982
32.034
32.139
31.930
31.930
31.982
31.878
66.986
30.003
32.086
32.034
31.982
32.035
31.878
32.034
32.086
32.087
32.035
32.035
31.930
66.933
31.930
31.982
31.982
31.982
32.034
32.034
31.982
31.983
31.983
31.931
31.982
31.982
68.288
31.930
31.982
32.035
31.983
31.931
31.931
31.930
32.035
31.982
32.034
31.982
32.086
26.982
31.930
31.879
31.983
31.931
31.983
32.034
31.982
31.982
32.087
32.034
31.982
32.034
59.746
32.138
31.930
32.035
31.982
31.982
31.930
32.087
31.931
31.930
31.982
32.034
32.034
60.944
32.087
31.931
31.930
32.035
31.983
32.086
31.982
31.982
32.034
31.983
31.930
32.034
59.225
31.982
31.982
32.087
31.983
31.930
31.931
31.879
31.930
31.982
31.982
32.035
32.087
60.788
32.243
31.983
31.930
31.930
31.982
32.087
32.035
31.930
31.931
31.930
31.982
31.878
67.402
32.347
32.035
32.034
31.878
31.982
31.982
32.087
32.035
32.034
32.034
31.982
32.086
61.881
36.618
31.983
31.983
36.566
31.930
36.567
32.035
36.619
32.035
36.670
31.982
32.034
31.983
31.878
32.034
32.034
32.035
31.983
32.035
31.878
31.930
31.930
31.983
31.878
32.034
35.264
32.035
31.982
31.930
31.983
31.983
31.983
31.982
31.982
31.982
31.878
31.982
32.138
32.034
32.035
31.982
31.982
32.034
32.034
31.982
32.087
32.087
31.982
31.930
31.878
31.982
31.566
36.618
31.982
32.086
36.618
32.087
36.566
32.035
36.670
32.034
36.722
31.983
70.736
32.035
31.983
32.035
32.034
32.034
31.930
31.878
31.930
31.878
32.035
31.983
31.931
66.777
31.930
31.878
31.930
32.139
31.983
31.878
31.931
32.138
31.982
32.035
31.982
31.983
65.631
32.139
31.878
31.878
32.034
32.035
32.034
31.983
32.086
31.930
31.983
32.034
31.982
28.440
32.035
31.930
32.034
31.930
31.982
31.982
31.930
32.034
31.982
31.983
31.983
31.931
34.847
31.930
31.878
31.982
32.086
31.931
32.035
32.086
31.982
32.087
31.931
32.034
31.982
28.336
31.983
31.931
31.982
31.878
32.034
31.930
31.878
31.930
32.034
31.982
31.982
31.930
28.909
32.295
32.035
31.878
31.983
31.983
32.035
31.930
32.034
31.982
31.982
32.034
31.982
27.450
31.931
31.982
31.982
31.982
31.982
31.982
31.982
31.982
32.034
31.878
31.982
32.034
61.829
31.983
31.930
31.930
31.930
31.982
31.982
32.086
31.982
31.982
32.035
32.035
32.034
57.453
32.034
31.930
36.670
31.931
31.982
32.034
32.035
31.982
32.034
32.034
31.983
32.035
26.044
36.983
32.034
31.983
32.086
32.034
32.087
32.034
31.930
31.878
31.983
31.931
32.086
27.711
32.034
32.035
31.930
32.086
31.982
31.931
31.982
32.034
31.879
32.086
31.930
31.982
25.888
31.982
31.878
31.982
31.878
31.878
32.035
32.034
