25.107
24.481
47.088
25.315
24.534
24.482
24.430
24.377
24.481
24.482
24.586
24.585
24.430
24.482
24.482
24.534
24.429
24.586
24.481
24.534
24.430
24.429
24.482
24.482
24.482
24.482
24.481
24.429
24.429
24.481
24.533
24.117
24.533
24.533
24.534
24.378
24.482
24.534
24.585
24.481
24.534
24.430
24.534
24.533
24.429
50.474
24.430
24.377
24.482
24.429
24.586
24.534
24.482
24.481
24.482
24.481
24.481
24.429
24.481
24.430
24.013
24.534
24.638
24.481
24.481
24.482
24.482
24.482
24.534
24.586
24.482
24.429
24.482
24.430
21.200
24.378
24.481
24.481
24.429
24.378
24.429
24.534
24.482
24.534
24.481
24.377
24.429
24.481
23.908
24.533
24.585
24.534
24.534
24.429
24.429
24.534
24.534
24.429
24.430
24.429
24.481
24.429
46.775
24.534
24.533
24.533
24.482
24.481
24.429
24.534
24.482
24.533
24.585
24.377
24.377
24.585
24.429
20.054
24.482
24.482
24.481
24.481
24.534
24.534
24.534
24.481
24.481
24.378
24.534
24.377
24.482
18.908
24.534
24.481
24.586
25.003
24.534
24.481
24.481
24.430
24.429
24.950
24.377
24.482
24.429
59.381
24.586
24.534
24.377
24.481
24.533
24.430
24.429
24.481
24.482
24.586
24.482
24.429
24.534
24.482
24.533
24.534
24.482
24.586
24.481
24.481
24.378
24.533
24.585
24.430
24.482
24.377
24.378
24.534
19.116
24.637
24.430
24.637
24.534
24.482
24.377
24.533
24.482
24.534
24.481
24.429
24.430
24.585
23.596
24.429
24.430
24.481
24.533
24.481
24.534
24.482
24.482
24.585
24.377
24.430
24.533
24.482
58.079
24.430
24.377
24.534
24.429
24.585
24.482
24.430
24.429
24.534
24.586
24.534
24.534
24.586
24.429
23.388
24.482
24.482
24.482
24.481
24.481
24.534
24.482
24.482
24.533
24.534
24.429
24.482
24.377
19.169
24.533
24.430
24.533
24.378
24.377
24.482
24.377
24.482
24.586
24.481
24.534
24.534
24.482
59.276
24.429
24.430
24.482
24.481
24.482
24.482
24.429
24.482
24.481
24.585
24.481
24.482
24.429
24.430
24.430
24.481
24.481
24.586
24.429
24.481
24.481
24.586
24.482
24.586
24.586
24.377
24.482
24.429
21.617
24.429
24.482
24.429
24.482
24.534
24.534
24.482
24.585
24.533
24.534
24.482
24.429
24.534
23.387
24.690
24.482
24.429
24.481
24.482
24.482
24.585
24.481
24.482
24.482
24.481
24.482
24.430
51.151
24.534
24.481
24.482
24.586
24.534
24.533
24.430
24.481
24.533
24.482
24.586
24.482
24.429
24.534
23.961
24.533
24.585
24.534
24.430
24.533
24.534
24.429
24.481
24.482
24.481
24.533
24.430
24.482
54.172
24.482
24.533
24.481
24.534
24.430
24.533
24.534
24.482
24.377
24.534
24.482
24.481
24.481
24.533
24.637
24.429
24.430
24.429
24.481
24.534
24.482
24.482
24.534
24.482
24.533
24.534
24.430
56.880
24.429
24.378
24.533
24.482
24.482
24.534
24.481
24.533
24.430
24.534
24.638
24.481
24.482
24.534
24.689
24.429
24.482
24.481
24.481
24.430
24.534
24.429
24.481
24.482
24.534
24.586
24.586
24.482
20.731
24.481
24.481
24.482
24.586
24.534
24.481
24.481
24.378
24.533
24.377
24.482
24.481
24.482
58.860
24.273
24.586
24.533
24.533
24.481
24.482
24.482
24.429
24.378
24.377
24.534
24.534
24.481
24.429
24.586
24.482
24.586
24.586
24.481
24.430
24.534
24.481
24.481
24.586
24.534
24.377
24.481
24.585
22.607
24.377
24.482
24.481
24.377
24.534
24.481
24.482
24.482
24.481
24.534
24.481
24.429
24.534
23.648
24.586
24.429
24.429
24.482
24.534
24.534
24.534
24.482
24.378
24.430
24.534
24.534
24.482
57.245
18.543
24.482
24.534
24.430
24.482
24.482
24.481
24.533
24.481
24.429
24.638
24.586
24.430
24.482
24.637
24.534
24.534
24.482
24.586
24.481
24.481
24.481
24.585
24.429
24.481
24.429
24.429
24.533
23.179
24.429
24.481
24.429
24.481
24.377
24.586
24.585
24.481
24.481
24.429
24.481
24.481
24.481
52.765
24.534
24.429
24.533
24.585
24.586
24.482
24.482
24.482
24.482
24.482
24.430
24.482
24.482
24.482
24.533
24.534
24.534
24.429
24.586
24.534
24.482
24.377
24.534
24.481
24.481
24.533
24.429
24.429
24.638
24.482
24.534
24.429
24.430
24.429
24.482
24.534
24.481
24.481
24.378
24.481
24.481
24.482
22.554
24.534
24.482
24.429
24.481
24.482
24.638
24.586
24.534
24.481
24.533
24.377
24.534
24.533
51.567
24.742
24.377
24.482
24.533
24.533
24.482
24.482
24.481
24.481
24.482
24.534
24.533
24.482
24.482
24.689
24.533
24.586
24.534
24.429
24.534
24.430
24.377
24.534
24.482
24.481
24.534
24.429
24.481
23.908
24.534
24.482
24.481
24.430
24.430
24.481
24.533
24.534
24.534
24.533
24.378
24.430
24.482
57.714
24.482
24.533
24.481
24.586
24.430
24.481
24.377
24.482
24.586
24.377
24.534
24.533
24.534
24.430
22.711
24.534
24.534
24.482
24.482
24.482
24.585
24.481
24.533
24.482
24.481
24.533
24.585
24.430
23.804
24.481
24.533
24.585
24.481
24.378
24.586
24.481
24.586
24.482
24.429
24.481
24.481
24.482
23.909
24.482
24.481
24.429
24.482
24.430
24.533
24.481
24.482
24.482
24.533
24.481
24.482
24.534
52.505
24.534
24.481
24.377
24.482
24.534
24.481
24.378
24.429
24.429
24.534
24.534
24.481
24.429
24.482
23.961
24.482
24.482
24.481
24.586
24.534
24.430
24.429
24.534
24.534
24.533
24.482
24.534
24.377
23.440
24.638
24.481
24.482
24.534
24.481
24.585
24.481
24.586
24.586
24.378
24.429
24.482
24.481
54.432
24.585
24.482
24.482
24.533
24.534
24.482
24.482
24.533
24.534
24.482
24.481
24.533
24.586
51.880
24.534
24.482
24.429
24.482
24.481
24.482
24.481
24.429
24.377
24.534
24.481
24.534
24.482
24.377
24.169
24.534
24.482
24.534
24.533
24.482
24.482
24.481
24.533
24.481
24.534
24.482
24.429
24.482
18.908
24.690
24.586
24.482
24.430
24.377
24.430
24.430
24.534
24.481
24.429
24.482
24.429
24.482
54.693
24.533
24.481
24.482
24.482
24.586
24.533
24.534
24.482
24.534
24.377
24.378
24.534
24.533
24.430
23.127
24.430
24.429
24.482
24.377
24.481
24.586
24.482
24.534
24.481
24.430
24.638
24.429
24.429
52.037
24.534
24.430
24.533
24.533
24.534
24.534
24.482
24.429
24.482
24.482
24.533
24.585
24.429
22.189
24.482
24.481
24.378
24.481
24.429
24.534
24.534
24.429
24.482
24.429
24.429
24.429
24.482
53.755
24.534
24.378
24.482
24.534
24.534
24.533
24.429
24.533
24.533
24.429
24.534
24.430
24.586
24.482
19.690
24.481
24.534
24.534
24.482
24.534
24.481
24.534
24.430
24.430
24.429
24.534
24.481
24.429
54.380
24.481
24.430
24.482
24.481
24.533
24.482
24.482
24.481
24.585
24.481
24.378
24.377
24.482
24.481
24.482
24.534
24.534
24.534
24.377
24.481
24.430
24.430
24.481
24.586
24.430
24.534
24.481
24.534
19.637
24.534
24.586
24.534
24.534
24.429
24.481
24.534
24.378
24.429
24.533
24.586
24.586
24.482
22.398
24.481
24.534
24.377
24.534
24.533
24.586
24.534
24.378
24.377
24.482
24.533
24.482
24.481
51.203
24.482
24.482
24.482
24.482
24.534
24.482
24.534
24.482
24.430
24.482
24.481
24.429
24.481
24.429
24.117
24.586
24.482
24.482
24.481
24.430
24.377
24.482
24.534
24.429
24.534
24.430
24.481
24.377
22.138
24.534
24.481
24.429
24.430
24.430
24.481
24.482
24.482
24.533
24.429
24.430
24.534
24.429
60.058
24.430
24.429
24.430
24.482
24.533
24.585
24.482
24.482
24.481
24.430
24.534
24.533
24.533
24.482
24.950
24.430
24.377
24.534
24.377
24.482
24.482
24.533
24.481
24.534
24.534
24.586
24.429
24.481
22.085
24.638
24.429
24.482
24.586
24.482
24.430
24.533
24.429
24.482
24.534
24.481
24.377
24.378
23.336
24.534
24.429
24.533
24.534
24.429
24.533
24.482
24.534
24.377
24.534
24.429
