371.130
414.467
370.036
369.932
411.447
369.984
414.936
383.840
418.166
369.984
369.932
414.363
383.840
404.050
384.152
369.984
400.925
383.735
411.655
370.140
370.036
401.029
369.828
369.827
370.192
383.891
411.759
369.879
411.238
370.036
383.839
403.008
383.892
400.352
383.840
383.839
412.853
383.944
400.612
369.932
369.828
413.426
369.932
412.175
384.048
369.932
404.310
369.932
402.383
383.996
369.932
403.112
383.840
412.436
383.839
383.840
403.216
383.943
416.083
370.141
369.932
403.008
383.787
414.155
383.839
383.788
412.331
369.879
402.435
383.891
369.932
403.373
383.839
415.196
369.879
369.932
410.769
369.932
413.061
369.880
383.944
413.842
383.840
402.539
369.880
383.839
403.373
383.840
414.363
369.880
383.944
409.936
383.892
403.321
383.892
416.134
384.048
369.932
413.686
383.840
416.083
369.880
369.879
403.998
383.788
415.821
383.943
369.776
412.957
369.932
400.404
383.839
383.840
410.613
369.880
403.112
383.944
383.788
412.227
369.932
403.112
369.828
383.891
402.695
383.840
403.164
383.839
383.788
402.279
383.892
403.893
383.840
383.787
401.654
369.932
403.112
369.932
369.880
411.029
383.839
414.780
383.839
369.880
403.268
383.840
414.103
383.787
383.735
409.102
369.932
402.852
383.839
383.892
410.457
370.088
403.477
383.788
369.880
403.112
383.839
403.217
383.839
383.892
384.152
369.880
412.123
383.787
414.467
369.984
369.932
412.593
369.879
415.665
383.944
369.984
403.217
383.839
414.936
369.932
383.840
412.905
383.839
418.218
383.736
369.932
403.060
369.880
415.665
370.036
369.828
412.540
369.828
401.133
369.984
383.840
412.019
383.788
415.353
369.984
383.892
404.102
369.984
402.487
369.984
383.840
412.279
383.788
414.207
369.828
383.839
402.592
369.828
413.321
383.839
383.892
401.445
369.932
411.707
369.932
369.880
402.383
369.828
414.155
383.787
383.787
410.926
369.828
402.695
369.932
383.892
408.477
383.840
412.124
369.880
369.932
410.977
369.932
414.520
369.932
383.891
401.914
369.775
415.405
383.839
369.932
410.248
383.788
412.436
369.984
418.061
383.944
369.880
402.122
383.788
411.602
383.839
383.892
403.216
369.931
410.561
370.140
383.840
401.862
383.840
400.925
383.943
369.880
413.739
369.828
409.675
370.088
383.839
405.248
383.787
411.759
383.944
369.880
402.747
383.839
414.728
383.892
383.839
402.175
383.891
415.196
369.931
383.787
409.623
370.036
402.487
369.880
383.891
411.447
383.840
414.623
369.827
369.932
402.539
383.891
414.103
383.891
383.892
408.217
383.787
403.165
383.839
383.788
370.192
383.787
412.332
383.787
414.989
383.787
383.787
401.237
383.840
415.718
369.932
383.840
401.184
369.879
396.392
369.984
369.932
402.643
369.984
411.186
369.932
383.839
401.914
383.891
409.624
383.944
369.984
414.676
383.892
402.643
383.944
383.840
403.425
369.983
414.519
369.932
383.840
412.124
383.892
400.820
383.944
383.840
411.134
383.839
402.331
369.828
383.840
412.071
383.684
403.008
383.840
383.788
409.519
369.880
413.842
383.840
383.892
403.216
369.984
403.164
369.984
369.932
411.133
383.995
402.175
383.892
383.839
403.894
369.932
414.259
369.932
383.943
369.879
369.828
413.009
369.984
369.880
410.821
369.932
403.477
383.892
369.984
408.738
383.943
413.165
370.036
412.697
370.297
369.932
402.851
383.839
369.932
384.308
383.944
401.705
369.880
414.676
384.048
369.932
404.154
383.788
400.872
369.828
383.891
413.270
369.880
414.103
384.048
383.735
412.436
383.736
403.633
369.932
369.879
413.166
383.839
401.966
369.984
369.932
413.218
383.944
402.643
369.880
383.839
401.341
369.932
416.395
383.944
383.787
412.957
369.983
415.405
383.891
383.840
401.028
383.943
415.718
369.880
381.079
411.759
383.892
403.164
369.880
370.036
403.320
369.932
415.353
383.840
369.932
411.759
383.995
413.998
383.840
369.984
412.228
383.891
413.165
369.932
383.839
403.112
383.839
403.321
369.932
383.839
410.352
383.892
403.789
383.891
415.145
383.944
369.880
411.394
383.787
414.884
383.839
383.735
411.030
383.787
402.748
369.828
383.787
411.186
383.735
402.070
383.891
369.880
401.237
383.840
415.248
383.787
369.984
410.300
370.036
403.008
369.880
383.787
402.696
369.932
403.841
383.891
383.944
409.623
369.932
403.060
369.775
369.932
410.665
369.827
413.582
383.839
383.892
410.040
383.891
413.530
369.931
369.880
409.571
383.943
414.312
369.984
369.880
411.134
383.787
412.072
383.787
383.787
384.048
383.840
403.528
383.787
398.737
384.048
383.892
411.394
383.735
419.104
383.787
383.788
412.540
369.932
413.478
369.880
369.879
411.915
369.828
415.613
383.840
383.839
412.280
369.880
403.425
369.828
383.891
402.123
369.880
415.040
369.984
369.932
410.769
383.892
402.643
369.932
370.036
408.269
369.828
403.164
370.036
383.840
403.008
383.891
415.406
369.932
369.880
410.457
369.880
403.425
369.984
369.932
408.477
383.788
403.060
383.892
383.839
403.581
383.788
403.268
369.932
383.944
410.717
383.788
403.269
383.839
370.036
409.258
383.839
415.718
383.683
369.880
410.457
383.839
413.061
369.828
369.932
415.353
383.840
403.581
383.839
411.082
384.048
383.892
413.582
383.840
397.487
369.880
369.984
412.644
369.880
410.769
383.892
369.880
414.102
383.787
401.550
383.839
383.840
403.372
383.840
409.154
383.735
383.788
412.227
383.788
401.028
383.839
383.840
411.967
369.984
414.416
383.735
383.735
410.665
369.880
413.582
369.880
383.839
403.008
383.891
403.164
369.932
383.891
411.707
383.840
411.863
383.840
418.999
369.932
383.943
403.477
383.787
416.760
369.932
369.984
412.488
383.891
403.217
383.943
383.787
411.030
383.735
402.956
369.984
383.892
410.873
383.787
402.956
383.840
383.839
410.144
383.839
415.405
369.932
369.932
402.695
383.892
414.624
369.880
383.943
403.061
370.036
402.591
369.827
383.892
410.978
370.036
402.851
369.828
383.840
403.320
383.840
414.207
369.984
369.932
402.383
369.828
414.988
383.787
383.840
408.842
383.735
414.520
383.839
383.840
383.944
369.984
403.060
383.892
412.279
369.880
383.840
403.529
383.839
399.622
370.036
369.880
414.467
383.892
412.019
370.140
369.880
403.529
369.880
412.748
370.193
369.827
414.936
383.787
413.269
370.036
383.788
412.436
383.735
408.790
369.880
383.892
411.290
383.787
416.291
383.839
369.984
411.134
383.788
414.936
369.984
369.880
410.353
369.932
413.425
383.839
369.984
413.009
369.880
414.364
369.880
369.932
409.884
383.735
413.842
369.984
383.944
411.394
369.880
403.269
383.839
369.880
402.800
369.932
414.051
383.840
369.984
401.915
370.036
413.425
369.932
383.892
407.435
369.827
401.862
369.880
369.984
410.248
369.880
414.936
369.880
383.787
408.529
369.932
413.530
369.932
369.880
401.133
383.788
414.103
383.735
369.827
410.717
369.880
413.166
383.735
383.892
402.904
383.839
415.145
369.880
383.891
370.348
383.840
411.707
369.932
369.828
370.192
369.880
413.947
383.839
369.984
384.152
383.840
401.080
383.787
397.956
384.099
369.879
415.301
369.931
411.394
369.932
383.840
412.592
383.788
410.977
383.840
370.036
410.873
369.984
400.612
383.892
370.036
412.800
369.984
402.800
369.984
369.880
402.174
370.088
416.707
383.840
383.735
402.383
369.880
415.301
369.828
383.892
411.863
383.891
402.070
383.787
383.787
412.332
383.840
415.353
383.839
383.788
409.363
383.735
403.112
369.880
369.932
403.165
369.932
402.591
369.880
383.840
409.623
369.932
414.051
369.932
369.879
403.269
383.891
403.373
369.828
369.932
411.029
383.839
414.884
383.944
383.840
404.101
369.828
413.321
369.931
369.827
410.874
369.828
415.405
383.839
370.088
403.373
369.828
414.676
369.827
383.944
409.988
383.840
403.008
383.735
369.828
404.467
383.787
412.593
383.891
405.195
370.088
383.787
413.686
369.879
402.592
384.047
383.891
413.374
369.880
401.185
370.036
383.839
403.165
369.984
398.997
384.048
369.880
412.801
383.787
412.020
384.100
383.944
413.113
383.839
415.196
369.984
383.943
403.165
383.891
414.520
383.787
369.879
403.321
383.839
414.416
383.788
383.735
409.571
369.932
413.322
383.787
383.788
403.165
383.839
403.738
383.892
383.788
370.140
383.996
401.081
383.839
414.988
369.827
369.932
414.051
369.984
411.499
370.141
369.880
412.071
369.932
383.840
384.100
369.984
413.374
383.892
412.905
369.984
369.984
403.789
369.828
369.932
