3692.286
3290.216
3334.752
3330.168
3349.701
3341.055
3324.074
3337.669
3296.571
3302.614
3307.770
3319.594
3318.917
3298.030
3315.791
3320.584
3300.895
3315.844
3317.563
3354.285
3345.013
3342.565
3352.670
3344.910
3320.688
3346.681
3344.232
3304.176
3312.510
3295.373
3302.717
3284.643
3297.196
3289.956
3293.863
3283.392
3291.519
3614.623
3621.811
3596.287
3620.144
3626.551
3593.162
3642.178
3630.979
3599.934
3627.906
3629.937
3562.013
3588.995
3645.668
3440.856
3598.892
3617.436
3571.494
3607.382
3615.404
3435.335
3295.269
3274.382
3269.120
3280.736
3282.923
3284.851
3292.716
3277.819
3273.288
3287.768
3348.608
3309.333
3346.315
3333.033
3321.573
3334.439
3328.397
3331.940
3275.580
3288.289
3267.819
3280.528
3296.936
3293.602
3358.764
3385.902
3326.054
3369.547
3333.763
3347.670
3377.047
3469.609
3378.767
3274.173
3306.572
3309.280
3451.169
3448.149
3478.100
3562.482
3438.616
3259.744
3285.528
3300.529
3369.078
3382.570
3393.455
3352.254
3390.538
3418.978
3360.901
3358.400
3341.472
3387.152
3384.288
3348.555
3386.476
3413.927
3501.956
3572.691
3611.966
3611.081
3586.443
3605.977
3338.762
3388.976
3403.821
3366.265
3372.048
3378.037
3378.923
3373.454
3385.174
3394.602
3389.341
3387.882
3357.515
3381.423
3364.130
3363.765
3362.671
3415.176
3400.488
3404.290
3308.864
3310.166
3299.801
3288.289
3319.855
3324.334
3315.270
3309.541
3300.999
3316.052
3307.353
3280.423
3310.270
3345.482
3350.587
3345.170
3339.336
3346.941
3319.125
3301.312
3306.312
3312.719
3293.029
3320.324
3320.115
3309.645
3318.449
3294.644
3300.009
3317.771
3334.752
3344.805
3335.898
3344.024
3355.223
3335.064
3301.728
3304.176
3302.978
3314.334
3307.822
3297.873
3312.354
3304.488
3291.935
3283.288
3293.759
3294.696
3353.972
3394.758
3393.976
3335.065
3356.681
3327.148
3383.090
3364.546
3375.902
3366.630
3311.469
3299.123
3381.528
3408.978
3329.543
3310.270
3310.375
3384.653
3378.819
3358.713
3375.589
3354.129
3362.411
3390.851
3392.935
3402.311
3388.924
3377.360
3363.713
3367.932
3376.214
3369.807
3386.945
3333.554
3337.930
3324.022
3330.221
3354.285
3347.878
3367.516
3368.037
3381.371
3373.922
3363.608
3366.005
3380.433
3401.008
3391.633
3376.111
3367.047
3385.382
3367.828
3351.577
3373.610
3389.236
3394.549
3386.007
3374.235
3353.608
3362.255
3366.995
3374.756
3350.847
3347.879
3341.211
3336.887
3345.222
3340.846
3343.503
3319.178
3304.437
3307.874
3306.885
3324.543
3306.520
3318.657
3305.010
3310.166
3307.458
3319.907
3346.420
3397.466
3410.593
3415.854
3385.070
3339.128
3323.605
3374.339
3384.340
3340.377
3308.551
3342.148
3342.357
3353.087
3344.597
3350.430
3325.167
3317.354
3297.040
3315.167
3307.249
3315.427
3307.666
3383.298
3367.047
3379.964
3419.031
3328.241
3347.618
3340.898
3344.648
3320.063
3317.875
3310.583
3324.126
3294.696
3313.813
3327.095
3295.894
3311.104
3299.489
3313.552
3336.783
3339.857
3329.075
3343.502
3346.003
3351.264
3336.575
3323.813
3319.282
3320.220
3301.520
3316.312
3296.154
3313.604
3300.478
3305.478
3310.531
3303.135
3317.980
3316.521
3338.190
3336.419
3351.108
3330.741
3341.263
3300.426
3307.823
3316.781
3315.480
3296.362
3308.447
3313.083
3297.665
3300.582
3298.811
3296.311
3287.612
3298.082
3311.521
3325.740
3326.991
3336.575
3308.603
3332.043
3323.605
3355.275
3308.552
3294.383
3299.644
3291.935
3324.907
3372.047
3359.182
3374.443
3371.838
3415.333
3403.873
3384.653
3348.139
3374.287
3371.370
3360.328
3359.025
3360.848
3414.812
3409.030
3392.414
3365.536
3356.056
3362.671
3367.985
3372.621
3401.946
3403.769
3405.176
3368.088
3367.724
3350.743
3359.859
3364.339
3356.890
3338.814
3338.815
3356.890
3342.044
3350.326
3419.188
3359.650
3370.016
3305.166
3313.084
3308.239
3321.990
3306.364
3292.247
3319.542
3340.586
3347.357
3347.931
3330.846
3342.253
3299.644
3316.365
3315.792
3315.323
3325.324
3298.811
3315.427
3300.269
3348.035
3365.172
3410.801
3421.427
3397.675
3370.953
3368.870
3364.859
3373.819
3364.702
3349.805
3377.725
3361.265
3400.228
3394.966
3359.806
3368.036
3355.171
3354.597
3374.235
3400.957
3383.299
3416.479
3392.726
3339.544
3274.538
3278.861
3289.903
3323.032
3349.180
3360.276
3356.733
3363.714
3413.510
3415.489
3411.843
3380.434
3373.298
3366.578
3364.547
3360.327
3402.727
3347.566
3330.325
3355.848
3316.312
3318.552
3325.532
3311.000
3321.626
3307.822
3320.845
3321.678
3317.355
3310.688
3314.854
3351.577
3354.025
3356.108
3343.972
3347.305
3307.041
3290.946
3298.811
3313.865
3307.093
3301.623
3316.625
3299.176
3297.144
3307.614
3319.281
3298.447
3311.417
3329.179
3337.773
3335.846
3345.795
3342.617
3326.834
3308.812
3298.447
3320.115
3316.157
3318.448
3313.135
3302.665
3313.031
3302.509
3310.010
3347.409
3410.124
3407.416
3406.842
3391.580
3374.756
3355.795
3383.402
3367.516
3400.592
3412.520
3411.791
3365.849
3364.078
3366.057
3281.517
3307.458
3320.897
3311.208
3318.032
3324.178
3343.190
3339.753
3332.148
3352.098
3339.180
3301.936
3305.478
3310.322
3310.740
3314.958
3308.083
3275.996
3284.279
3281.726
3302.093
3296.259
3296.311
3295.061
3292.977
3333.971
3340.899
3353.400
3347.566
3356.212
3345.586
3305.687
3295.478
3267.818
3272.454
3285.111
3287.456
3292.144
3287.560
3290.685
3294.852
3276.101
3283.497
3291.779
3298.186
3281.257
3267.922
3293.550
3295.686
3309.229
3300.583
3318.761
3311.260
3330.481
3333.762
3322.147
3322.198
3328.137
3319.959
3312.510
3289.331
3282.977
3286.622
3317.875
3314.698
3308.916
3292.196
3296.519
3296.832
3291.884
3284.591
3276.517
3284.435
3290.633
3282.924
3291.727
3288.237
3294.904
3327.459
3327.095
3333.970
3308.448
3341.107
3333.970
3332.772
3323.710
3321.626
3304.592
3305.843
3311.625
3324.282
3307.718
3304.749
3308.708
3307.406
3301.937
3299.488
3356.630
3345.170
3346.733
3343.138
3347.618
3336.940
3291.050
3282.090
3304.228
3296.624
3294.800
3288.393
3301.415
3306.833
3317.719
3324.907
3318.449
3306.937
3310.062
3301.207
3336.992
3338.971
3359.286
3343.295
3333.918
3311.834
3310.270
3303.238
3308.031
3301.989
3309.853
3305.582
3318.345
3300.686
3295.009
3310.636
3324.386
3312.510
3350.222
3349.337
3367.620
3348.295
3319.021
3307.510
3307.302
3311.677
3321.365
3304.437
3312.094
3323.501
3321.522
3324.335
3326.470
3335.221
3332.772
3356.108
3343.242
3332.617
3344.858
3345.378
3315.688
3312.822
3304.385
3294.957
3322.199
3314.021
3307.927
3300.791
3329.439
3312.458
3296.362
3302.509
3346.785
3336.680
3338.972
3335.794
3343.190
3310.167
3295.374
3303.551
3306.259
3316.209
3321.938
3300.790
3305.426
3302.458
3298.238
3312.875
3325.376
3304.437
3348.243
3336.263
3356.786
3350.223
3346.159
3313.708
3312.719
3323.865
3319.594
3312.563
3306.937
3311.885
3317.146
3308.344
3317.875
3319.803
3350.430
3353.765
3335.742
3349.597
3366.578
3305.375
3303.499
3306.156
3316.625
3322.564
3305.999
3314.073
3312.459
3297.769
3292.456
3287.820
3313.812
3311.052
3333.659
3350.483
3349.180
3348.191
3344.024
3327.981
3304.958
3294.905
3303.447
3304.905
3320.324
3310.947
3318.917
3309.854
3316.990
3293.030
3322.511
3336.054
3354.494
3349.858
3346.524
3340.169
3307.614
3310.219
3317.407
3321.782
3290.061
3311.313
3317.980
3320.480
3316.677
3322.876
3304.333
3279.174
3335.169
3314.073
3339.804
3338.763
3326.522
3318.501
3315.479
3336.524
3307.510
3309.646
3312.510
3308.655
3316.000
3315.531
3292.196
3294.904
3278.705
3281.309
3297.092
3300.061
3282.924
3292.457
3294.539
3304.750
3330.533
3304.854
3321.418
3330.845
3323.137
3314.802
3322.771
3323.553
3286.518
3278.444
3287.768
3277.194
3296.832
3292.248
3285.424
3291.102
3302.197
3311.938
3298.655
3308.760
3318.657
3312.093
3303.342
3341.003
3329.908
3345.274
3359.494
3337.305
3329.960
3311.625
3317.198
3301.728
3314.177
3314.021
3305.843
3324.386
3312.562
3297.873
3307.666
3318.084
3312.458
3319.959
3321.052
3313.969
3311.365
3329.700
3322.094
3318.970
3338.034
3306.572
3328.137
3336.262
3313.031
3314.646
3295.112
3306.260
3319.386
3312.093
3311.104
3322.824
3332.773
3355.743
3337.096
3348.347
3349.129
3343.712
3328.241
3300.686
3305.426
3330.585
3311.156
3318.031
3314.541
3306.155
3322.355
3318.656
3314.073
3351.732
3347.514
3353.035
3327.981
3358.088
3320.427
3308.344
3308.187
3294.853
3290.425
3294.697
3307.771
3326.731
3307.614
3302.353
3325.116
3326.261
3348.034
3336.628
3366.005
3342.097
3339.336
3306.468
3318.136
3318.813
3298.655
3321.417
3295.113
3304.176
3277.455
3280.007
3293.759
3286.935
3303.447
3290.113
3288.497
3292.612
3329.595
3339.024
3328.136
3313.656
3335.898
3341.627
3329.178
3305.323
3327.721
3300.061
3321.470
3325.429
3325.220
3315.480
3309.906
3305.218
3309.750
3312.563
3332.200
3345.639
3325.793
3306.781
3334.492
3332.252
3300.687
3314.803
3318.709
3288.550
3294.331
3302.457
3284.227
3297.509
3291.310
3302.874
3315.375
3318.761
3306.000
3308.499
3310.896
3318.240
3315.062
3329.022
3347.930
3354.702
3330.480
3346.264
3344.388
3305.582
3321.469
3322.095
3318.084
3312.562
3313.708
3321.938
3305.947
3316.105
3308.030
3306.677
3361.057
3357.358
3341.107
3352.254
3346.889
3313.864
3307.874
3309.645
3328.918
3299.175
3321.366
3312.979
3315.635
3298.707
3310.322
3307.510
3332.721
3343.034
3345.587
3343.607
3351.264
3345.118
3274.486
