44.327
68818.270
1719.283
107196.491
132414.158
83493.087
46.046
12.814
143141.558
21366.198
6798.319
70819.612
41853.768
9182.822
12637.951
8670.533
53498.184
2235.531
99403.545
930.143
7136.061
151013.002
3842.302
115.480
3709.372
599.225
51191.761
25234.752
48579.945
98174.624
1652.557
23642.878
3840.218
118345.393
51532.681
16145.793
119632.445
14889.264
114253.223
2504.984
56827.676
4503.876
132975.412
49.276
37471.883
6395.624
47271.797
103924.924
19467.106
71214.496
44151.388
65866.787
3857.512
35161.501
97542.219
87942.273
1390.865
4641.547
142841.897
91303.538
8109.281
6001.523
1221.421
183.820
8439.886
20790.309
5018.875
52116.435
4059.146
645.740
40245.695
12497.781
7827.065
120990.131
43158.844
69400.675
336.960
4070.501
80715.580
18745.317
7309.254
4726.034
103909.352
4184.314
10735.058
20050.810
134853.568
29404.483
100584.236
17033.380
12033.361
635.218
60181.077
10687.605
91343.387
104.906
8077.402
63.912
29340.674
4138.893
2274.493
92289.209
66339.282
398.684
141501.769
82592.378
29340.518
69554.024
109831.285
120758.340
38811.233
116893.328
902.120
111376.904
3539.356
18900.229
24068.181
20005.597
68247.229
3365.068
17592.966
94420.408
22652.731
86232.006
206.895
53207.846
19856.259
62471.979
367.797
20618.417
137248.596
1694.697
36387.039
107864.532
210.594
4392.564
134274.764
73581.083
58672.181
71033.179
97761.308
6453.234
74536.646
84771.551
26295.639
15899.780
12551.797
115852.812
114277.607
67826.461
71830.601
82944.758
1529.940
12613.782
127452.590
291.382
62712.159
71676.420
15636.630
117726.643
17489.050
27762.761
45090.962
67022.060
11082.019
33702.350
61114.713
82448.201
5711.026
109820.194
32587.815
28506.739
9273.821
32431.341
120838.873
6226.336
79855.551
24759.395
93867.856
111296.016
31010.838
46263.837
128782.983
40647.039
12443.975
7092.411
134636.107
114934.445
5597.890
21377.815
73507.954
43382.515
62412.497
80593.021
1168.760
120371.799
2021.186
103826.903
100723.996
9567.235
103627.926
9525.878
3398.092
22213.002
10223.863
71996.870
60506.009
113565.146
63383.113
138439.500
5893.492
134979.892
21000.019
14914.477
148390.733
257.421
7264.147
80904.251
43625.247
56045.626
68376.049
36515.387
39829.825
109655.286
121712.452
108551.689
116503.298
151480.047
105963.468
16584.900
93452.977
22300.249
55633.556
111431.398
74127.965
26987.739
29597.160
46590.798
125969.432
65010.773
63479.842
9807.936
48329.093
117260.042
33613.126
6107.263
113168.027
36996.164
80016.718
2394.608
37474.648
208.719
2605.827
105745.636
26736.776
62683.463
34954.766
99477.368
29253.221
61493.972
24870.918
20312.921
3217.970
139367.982
117900.730
72424.988
101994.959
32.139
3549.461
278.257
2826.474
14019.911
22711.697
36854.484
46417.292
82766.362
100176.865
27603.789
22427.554
16455.200
18484.774
185.539
89735.584
7656.164
11692.548
83355.899
133928.859
151605.325
58855.539
17625.054
124355.425
51251.671
88580.265
97542.546
54813.060
16614.070
2202.402
88091.570
2426.591
6510.167
94792.069
106458.000
26011.707
185.539
87147.313
95635.850
1927.688
12135.039
11469.454
16173.767
23310.193
117512.934
115112.648
93682.378
9720.272
59713.175
17079.221
4923.346
105012.287
25328.098
100546.747
43689.892
107196.251
113130.998
136776.120
21431.520
31972.497
170.485
47757.685
21757.073
10896.741
149067.477
42737.300
66304.549
35525.917
129181.576
127149.868
14247.694
32291.800
24438.064
3927.259
87366.660
8365.245
40025.264
474.161
3802.195
49010.517
671.264
104463.225
19520.604
50374.765
139372.573
67182.552
25246.216
3148.745
86.519
80932.593
3091.343
61010.386
71870.510
4169.001
3800.319
130383.727
111.625
88182.573
106194.489
124402.205
135188.416
27107.023
12377.824
74288.976
55848.113
120737.264
1013.537
131498.524
95655.388
77196.866
49982.905
108183.956
103635.751
1385.656
86102.996
92999.556
142060.339
439.991
6040.017
11146.922
44638.007
97282.734
117635.140
27473.675
32737.158
58316.168
89405.195
7188.150
1360.028
84292.299
26761.677
12160.250
4247.915
113907.485
43260.634
34810.433
38627.733
14566.892
38195.451
98826.272
111879.995
7897.230
4624.202
143695.083
21085.290
29002.262
427.438
113305.709
29851.094
54125.237
124386.531
57930.505
755.959
2234.385
6034.653
2978.260
110013.304
87857.544
120219.405
919.777
520.989
117939.182
36032.375
15882.177
37247.859
14756.026
334.616
12840.942
39585.171
36263.336
23672.418
95967.401
35870.850
7814.514
70741.810
37221.503
30447.091
114131.520
74756.838
38907.501
865.554
73351.441
10070.203
468.535
84428.461
1180.428
89238.983
10068.067
51583.792
71927.760
2942.267
1101.410
14557.673
14426.514
1261.373
5495.121
68773.129
67763.551
47000.949
120942.291
38019.706
115405.291
27420.545
151349.222
57039.742
91023.481
78846.093
828.102
2503.474
5730.352
111806.450
1201.107
16543.440
1295.960
16223.774
99618.749
46641.851
29.690
18138.804
135897.140
7308.162
4092.431
47758.940
109346.159
8354.775
1985.142
107403.261
3330.950
53688.061
150015.396
121575.428
120646.588
19093.689
712.570
148562.338
123161.729
122516.094
22843.640
146744.921
77507.422
8052.611
59971.385
60213.492
52065.299
61.047
4386.731
2560.720
6388.281
12.710
105448.749
10458.627
16.876
45694.260
805.808
59238.136
28045.242
139050.212
55194.877
5132.690
26391.591
1567.445
150315.584
61125.092
31477.870
17026.874
1320.442
76040.092
28674.783
137593.976
269.975
802.370
25.106
1021.871
55656.849
31642.261
81599.439
63926.043
33301.017
57349.723
108086.352
146708.775
545.574
149667.918
38949.903
69910.535
14623.149
21595.132
13384.486
6891.663
24152.101
48432.184
3328.190
51615.464
69385.744
140033.800
1735.899
5596.902
14.846
4359.281
145215.610
8554.743
16018.702
619.331
115901.597
1528.795
1696.833
303.363
1399.669
76128.956
48781.178
124773.975
768.981
123.866
120054.034
75924.301
16487.394
1007.338
64844.311
33778.461
22.086
31890.359
84091.559
124325.442
3155.621
34409.824
48897.335
18306.739
34176.624
105108.824
2295.120
18552.023
25303.986
30223.738
18993.213
31824.884
45406.525
851.750
12854.747
124484.417
4950.171
80540.274
39554.234
9293.410
7789.200
1579.894
7375.409
1943.784
89515.893
40899.262
306.957
1342.631
19157.864
132113.446
32896.083
37934.648
26688.548
42431.859
435.511
133873.305
45024.249
73663.977
39195.606
889.827
2618.537
30360.626
117125.260
31914.581
117167.348
3369.184
2325.488
74.591
109.021
52759.589
24269.198
9106.516
9261.687
2210.320
115977.545
12217.341
26491.811
4377.355
5690.556
15437.864
20196.976
33600.736
24059.594
75166.052
821.852
30206.289
102332.304
2307.257
92296.635
111484.710
5037.420
7939.683
126563.477
10433.781
51832.468
26414.563
58100.268
2538.686
5383.912
31260.142
1694.072
2041.971
77456.121
26184.646
15374.004
29033.622
2145.001
17473.429
1253.560
420.822
219.866
86.311
132842.322
47087.889
14771.549
135229.795
14664.716
21124.098
23.491
3982.421
10898.306
4943.036
6738.785
3211.408
66.153
2258.086
146090.494
125269.602
112085.968
24547.403
28170.570
122454.172
2381.327
78654.729
90541.360
107433.795
38425.427
61458.202
23749.043
51066.977
84913.050
67387.272
7733.101
22402.974
9962.277
20012.531
134965.656
146389.172
14732.432
2332.677
4412.255
55153.263
2085.829
3198.126
11576.185
1540.463
88566.482
12037.272
47071.743
74043.133
3563.890
148582.199
45238.021
49102.462
695.225
21581.122
40081.631
2174.327
78398.454
24032.768
4890.322
149366.443
870.815
9101.620
2214.748
10090.363
136598.944
112818.283
2690.316
550.106
17460.772
41674.704
80332.186
3409.656
1461.133
39759.361
17018.645
26599.895
1887.268
123194.403
587.661
28662.181
71227.025
1124.902
751.115
129184.052
133359.200
390.976
151681.100
145858.810
58724.864
6046.478
77310.225
140354.730
791.484
194.394
22485.274
125982.751
11567.851
4397.722
1623.232
13064.456
135.482
118076.091
126046.715
129888.915
13840.261
9096.151
4785.417
120867.199
9994.520
103542.117
12846.102
13089.667
7832.069
75741.114
87711.244
100155.223
1646.307
106636.795
334.564
103889.963
46173.948
106644.922
5452.096
87708.692
20663.690
28787.194
34597.138
89009.602
31136.591
107511.048
130441.158
99308.370
14074.972
5837.238
9270.335
82649.083
18525.043
56116.120
21310.056
24823.212
119648.853
11554.465
55601.070
101797.417
1653.964
79338.499
64435.373
101734.078
48609.292
3744.429
144378.306
92102.978
122639.562
136580.459
23612.313
133001.985
11582.280
13579.090
19926.170
15542.460
641.677
11734.014
6410.627
21207.233
26280.386
140804.520
6595.907
58163.249
127526.761
18786.163
94164.170
66875.092
29315.528
81.258
23162.425
63507.782
101721.838
49399.422
2891.637
75878.474
149390.935
41157.365
201.530
2439.197
9116.570
1891.018
13960.326
9055.262
291.643
9836.380
3242.922
39166.232
1265.384
187.935
7696.639
10817.934
138201.506
146346.002
38343.444
12.658
25487.132
1333.620
111040.617
50895.558
26793.094
30467.151
13574.716
97469.028
125389.575
15194.926
66620.798
150769.458
125730.443
19361.637
1152.717
28875.485
8098.345
3468.257
59276.484
15968.075
113590.399
84061.568
984.055
27093.748
91967.553
5868.284
9994.052
35827.209
61897.262
25248.411
12821.881
51179.025
1245.695
7115.437
29088.006
151389.885
77834.449
253.411
84181.164
3817.978
928.216
60299.085
150088.195
70841.733
136662.141
8375.821
223.771
6002.047
21720.202
1367.426
136613.334
90871.560
1426.338
8512.240
77671.621
3912.258
121997.319
140518.613
56728.736
69929.560
33028.340
145585.203
373.318
34534.894
146.056
1573.070
100017.094
8249.351
30170.613
5799.579
108006.938
44588.849
113081.759
36787.928
76218.146
1536.713
21513.566
103951.958
25283.988
14376.930
97142.176
34349.095
68682.876
23372.915
9403.630
116727.222
86758.868
11170.939
49298.529
90569.032
9570.053
49715.289
47760.879
99.750
125938.802
4550.290
105652.282
118577.403
12212.499
2270.952
22249.732
6149.040
86548.170
9667.875
8922.750
21531.277
111342.007
50114.444
69208.815
50222.163
2412.424
34404.987
123265.780
18.179
109984.895
9865.238
20993.204
9349.563
