213727.096
213536.037
213505.722
213336.382
213348.258
213331.435
213288.620
213332.686
213348.938
213428.685
213329.927
213375.818
213310.134
213366.859
213322.948
213315.971
213284.509
213394.677
213317.481
213336.077
213370.301
213355.924
213294.408
213387.907
213364.833
213362.021
213397.546
213344.832
213399.942
213434.479
213400.777
213417.342
213383.536
213374.786
213341.398
213401.249
213308.167
213387.498
213393.020
213326.035
213351.871
213324.369
213351.663
213410.108
213298.170
213390.523
213395.784
213386.929
213340.624
213318.435
213362.397
213372.659
213362.399
213350.940
213333.595
213326.406
213381.152
213358.079
213336.566
213386.050
213313.439
213288.697
213362.352
213338.704
213399.387
213389.386
213366.729
213384.648
213400.535
213439.237
213392.149
213400.120
213363.398
213428.717
213332.718
213363.451
213291.571
213340.169
213405.332
213357.879
213389.133
213324.336
213306.731
213399.865
213368.038
213387.678
213372.417
213352.622
213357.415
213368.302
213359.865
213376.013
213329.966
213347.103
213420.445
213375.078
213344.293
213402.319
213335.803
213340.701
213345.076
213344.504
213505.145
213484.101
213475.405
213484.103
213417.690
213322.369
213355.185
213351.645
213365.500
213352.894
213408.577
213384.514
213311.330
213379.826
213294.401
213406.079
213401.549
213390.298
213271.693
213326.907
213385.142
213385.925
213378.528
213368.788
213371.601
213402.699
213371.812
213387.125
213363.842
213379.365
213373.845
213353.843
213345.301
213356.186
213364.314
213334.938
213443.594
213353.741
213425.935
213432.657
213523.864
213451.045
213469.484
213435.626
213434.535
213390.468
213459.016
213345.255
213444.900
213386.147
213376.875
213408.493
213372.812
213397.712
213412.974
213415.735
213375.315
213401.411
213352.866
213455.846
213418.289
213406.726
213393.809
213420.532
213401.102
213342.190
213380.423
213430.950
213427.930
213373.914
213447.724
213369.696
213378.500
213389.491
213380.845
213443.767
213419.077
213403.609
213319.695
213412.099
213380.273
213376.889
213357.617
213404.081
213440.073
213406.528
213390.330
213387.779
213407.364
213398.092
213446.430
213353.558
213386.687
213404.240
213367.049
213415.910
213429.923
213394.971
213405.441
213342.778
213341.582
213409.662
213379.086
213422.684
213450.500
213414.873
213376.953
213414.352
213389.610
213448.367
213435.607
213441.284
213378.934
213359.766
213459.569
213478.061
213379.301
213446.808
213406.856
213330.861
213428.787
213421.964
213448.321
213359.093
213452.490
213434.415
213382.170
213386.962
213388.266
213355.086
213399.048
213356.597
213361.024
213402.228
213398.946
213469.162
213467.026
213433.638
213407.543
213464.372
213365.873
213381.760
213393.273
213422.235
213351.863
213379.105
213410.150
213432.706
213514.485
213466.616
213520.476
213507.662
213429.791
213535.792
213403.487
213382.443
213377.548
213402.552
213408.281
213410.677
213413.177
213381.093
213442.818
213378.957
213468.757
213382.604
213397.086
213367.343
213426.359
213372.344
213391.409
213397.505
213362.814
213425.789
213436.780
213476.160
213354.325
213403.341
213405.477
213665.814
213396.467
213476.892
213364.120
213467.255
213374.695
213440.640
213367.247
213423.295
213392.667
213496.637
213433.298
213431.371
213402.253
213419.651
213386.316
213424.341
213432.571
213495.598
213445.854
213468.879
213383.871
213345.116
213345.376
213358.557
213417.782
213375.434
213447.316
213441.847
213417.055
213419.711
213443.776
213436.484
213417.159
213376.844
213460.446
213408.671
213364.552
213357.572
213406.745
213451.958
213401.327
213438.259
213353.096
213450.293
213421.852
213447.272
213375.963
213393.102
213387.997
213416.282
213448.732
213450.348
213381.019
213373.675
213345.964
213351.173
213443.006
213370.135
213447.955
213376.282
213382.845
213412.173
213400.348
213375.919
213369.044
213432.019
213414.883
213460.825
213438.375
213403.736
213436.710
213390.248
213432.491
213460.358
213458.796
213463.069
213445.463
213509.375
213386.812
213420.722
213375.042
213415.254
213419.890
213498.908
213373.637
213439.060
213440.414
213425.882
213367.699
213344.626
213416.977
213401.402
213424.477
213384.109
213465.785
213427.605
213406.405
213448.179
213506.677
213368.434
213468.236
213434.430
213477.768
213407.399
213433.495
213339.318
213422.348
213403.909
213380.314
213383.492
213366.198
213413.287
213376.252
213381.306
213418.758
213367.815
213364.533
213441.001
213394.747
213421.155
213404.018
213404.956
213373.809
213445.222
213355.057
213450.431
213369.644
213354.590
213419.493
213376.051
213424.441
213362.405
213449.862
213406.576
213363.864
213382.825
213350.167
213418.090
213419.132
213430.279
213458.460
213453.825
213363.712
213447.939
213403.091
213434.762
213417.313
213411.167
213407.832
213430.387
213360.747
213402.469
213428.149
213445.287
213396.167
213398.773
213429.140
213440.756
213394.345
213444.144
213429.039
213395.650
213434.195
213437.425
213427.374
213409.872
213454.876
213384.713
213439.042
213441.023
213515.874
213466.650
213443.315
213444.149
213452.952
213409.979
213459.151
213446.234
213495.980
213440.662
213418.836
213497.594
213437.485
213371.074
213375.657
213471.031
213421.964
213422.382
213400.714
213396.443
213422.278
213395.401
213506.403
213369.723
213465.982
213410.040
213446.606
213356.077
213403.061
213389.935
213374.413
213376.654
213406.970
213390.562
213382.385
213392.437
213442.027
213421.818
213380.094
213369.417
213400.149
213483.075
213428.799
213464.115
213454.634
213427.185
213364.107
213423.383
213368.013
213453.542
213430.678
213454.795
213487.298
213462.764
213383.955
213459.120
213417.397
213354.526
213446.932
213327.702
213386.198
213459.070
213430.264
213420.524
213428.756
213374.011
213396.097
213371.667
213409.119
213350.781
213415.111
213385.316
213404.694
213416.102
213383.130
213436.001
213402.872
213417.665
213422.198
213430.168
213451.889
213464.911
213367.297
213426.680
213426.107
213370.320
213466.163
213403.866
213374.229
213345.423
213435.224
213430.536
213477.105
213436.685
213451.009
213428.975
213430.070
213372.149
213415.330
213458.668
213392.724
213405.174
213415.748
213409.915
213395.539
213445.596
213391.633
213404.344
213421.168
213377.935
213394.655
213398.928
213384.864
213428.983
213371.321
213393.564
213399.034
213420.130
213366.322
213369.604
213374.085
213375.075
213450.187
213412.579
213457.428
213388.672
213408.778
213432.687
213439.250
213413.467
213394.508
213453.525
213469.307
213403.884
213463.683
213413.470
213455.037
213386.697
213466.652
213392.011
213475.926
213377.010
213357.216
213333.620
213416.599
213433.371
213417.224
213486.606
213383.316
213511.141
213364.095
213475.825
213346.177
213351.752
213385.036
213422.280
213368.890
213466.243
213394.154
213384.049
213389.466
213418.062
213387.279
213367.226
213454.161
213369.414
213406.553
213382.021
213392.439
213362.280
213375.405
213417.076
213317.745
213347.436
213409.109
213383.741
213409.734
213427.394
213406.141
213395.672
213366.658
213336.397
213425.989
213395.778
213386.715
213414.009
213401.197
213368.225
213430.418
213424.585
213396.822
213376.248
213383.332
213395.208
213389.114
213403.075
213456.310
213456.154
213441.257
213475.270
213428.445
213423.183
213443.811
213426.725
213386.670
213422.872
213343.021
213404.173
213402.297
213424.645
213322.291
213431.209
213445.898
213379.120
213391.050
213342.138
213407.041
213406.155
213408.969
213379.436
213358.966
213441.578
213405.011
213416.316
213437.777
213446.892
213388.814
213426.630
213340.268
213418.037
213423.350
213387.618
213362.146
213369.023
213378.764
213449.188
213409.653
213338.344
213416.530
213400.643
213382.881
213377.308
213447.941
213434.815
213408.146
213428.877
213403.145
213395.333
213383.353
213385.281
213369.862
213493.365
213373.615
213468.468
213410.701
213425.390
213445.394
213465.396
213441.904
213485.190
213413.672
213456.282
213408.829
213479.931
213517.955
213520.925
213585.255
213422.114
213564.107
213544.887
213424.043
213372.423
213477.538
213380.966
213508.791
213423.680
213475.768
213417.481
213444.880
213484.103
213445.715
213398.315
213432.120
213376.281
213399.983
213384.825
213422.486
213363.990
213384.669
213418.997
213371.545
213407.225
213406.652
213452.386
213369.567
213372.901
213367.796
213412.176
213375.454
213402.749
213383.320
213357.900
213383.528
213387.072
213381.446
213408.012
213463.590
213411.970
213467.342
213434.214
213439.683
213440.464
213446.820
213392.701
213469.115
213440.258
213453.801
213424.893
213465.991
213340.510
213425.831
213374.004
213393.225
213354.731
213387.235
213373.849
213446.617
213428.282
213421.250
213455.837
213449.795
213450.577
213395.103
213407.241
213448.912
213444.588
213374.010
213477.666
213408.388
213443.756
213377.917
213412.870
213406.462
213431.830
213420.162
213363.282
213411.412
213338.957
213397.922
213384.848
213426.884
213368.753
213437.250
213436.833
213452.357
213403.081
213424.750
213403.238
213387.559
213375.580
213363.340
213423.762
213391.259
213425.013
213357.508
213446.891
213360.790
213473.300
213436.579
213415.484
213474.240
213489.762
213418.661
213472.262
213478.877
213407.724
213407.047
213471.532
213460.074
213543.833
213399.392
213481.327
213412.831
213475.599
213455.492
213497.372
213429.188
213486.173
213380.695
213455.494
213368.975
213400.801
213345.381
213417.055
213393.459
213367.466
213349.235
213349.236
213399.346
213389.970
213422.890
213388.252
213516.078
213513.734
213482.220
213432.892
213405.912
213411.069
213446.385
213387.161
213482.795
213419.978
213439.251
213485.036
213514.207
213375.391
213474.881
213411.072
213421.021
213389.195
213440.556
213464.048
213465.350
213452.953
213449.255
213359.716
213432.068
213329.974
213403.001
213387.897
213405.244
213369.250
213360.656
213434.882
213392.900
213484.888
213442.384
213418.840
213389.306
213388.943
213350.866
213417.331
213395.246
213421.968
213447.856
213356.129
213528.073
213505.466
213405.198
213411.709
213299.771
213398.114
213388.634
213429.577
213406.657
213394.313
213421.659
213412.804
213453.643
213425.515
213457.550
213399.888
213475.677
213404.421
213483.596
213391.763
213424.006
213418.069
213456.876
213460.574
213448.438
213427.238
213497.507
213448.804
213455.211
213419.061
213453.440
213412.551
213414.166
213372.444
213458.025
213367.445
213376.456
213484.332
213387.759
213430.316
213422.555
213448.339
213386.355
213404.689
213325.828
213377.084
213404.118
213462.770
213391.773
213427.924
213395.889
213370.626
213387.920
213391.774
213470.430
213406.621
213437.510
213406.882
213438.292
213379.746
213402.508
213354.378
213444.752
213320.054
213386.050
213444.962
213387.768
213424.543
213319.378
213426.941
213420.638
213431.264
213329.119
213433.766
213394.804
213369.958
213351.101
213421.995
213452.780
213348.498
213474.657
213466.948
213445.020
213519.924
213513.516
213390.119
213378.087
213444.188
213438.614
213434.604
213422.520
213396.632
213443.981
213393.195
213460.337
213424.812
213438.565
213416.689
213464.037
213426.898
213444.921
213391.115
