9.324
8.334
211.584
7.814
2278.301
9677.164
529.167
7.604
7.605
15649.064
11.408
9.116
207.469
37.712
9.636
9.688
9.220
117.876
9.011
1403.734
9.063
8.022
15694.224
9.012
8.282
7.813
7.709
55.630
13.022
55.579
1404.516
7.761
12.970
6.303
3674.690
55.682
10.314
3709.121
10.314
3707.714
7.709
84.644
8.438
9678.884
7.605
26.722
7.813
55.631
2279.760
11.408
207.469
37.764
237.992
9.063
26.617
1404.359
883.578
7.710
7.865
15692.402
883.995
7.344
9.116
9.115
7.604
9.011
11.355
8.542
84.748
7.814
7.657
26.565
9.689
9.116
3707.766
37.712
207.365
8.282
7.813
558.181
11.303
9.220
9.115
2278.717
7.709
9.324
11.303
9679.665
15.522
1404.254
10.261
9.793
7.709
131.576
9.272
884.411
7.657
9.116
7.605
15.471
7.813
7.710
884.515
239.764
7.657
15661.930
562.244
15.627
207.417
2279.342
3708.027
26.565
3707.871
9.063
2279.707
7.866
11.303
12.918
11.199
207.416
43.546
6.407
850.866
12.970
562.452
7.657
84.644
11.303
131.627
8.282
11.407
9678.206
9.012
26.617
2279.655
8.699
9.011
9678.727
330.450
164.548
207.468
1404.567
8.490
363.317
529.115
15.522
10.417
9.688
3753.813
3710.735
207.521
330.294
562.765
7.762
9.740
5981.639
8.699
131.471
207.521
10.418
3708.860
10.314
15.522
37.764
207.468
9.324
19.793
160.953
529.063
8.907
2278.978
19.741
10.731
6.667
19.794
3675.888
8.543
562.243
13.074
884.359
2278.873
19.793
55.526
5977.837
37.712
9.689
8.022
9679.822
3749.698
9.115
11.408
330.450
37.765
131.575
563.025
8.387
3709.016
9.011
2279.602
1404.255
9.480
1437.436
9.375
7.657
12.918
9.637
330.293
131.627
3707.923
131.627
9680.811
7.917
9679.300
11.303
10.314
15652.033
7.657
9.116
562.504
37.712
84.644
207.469
26.774
26.565
2313.721
3680.316
2313.148
3674.690
15616.300
2279.812
10.261
883.265
12.918
84.592
2312.211
330.293
15.575
15.627
55.735
5979.660
207.469
207.833
9.324
55.683
3669.690
47.036
6.615
3675.732
26.722
562.817
7.657
26.773
7.604
9.116
2278.613
15.574
131.575
26.565
1438.425
15.627
131.680
12.970
11.304
7.866
9678.988
3703.807
330.449
1404.411
7.709
7.657
8.698
9.115
9.741
13.022
26.617
55.943
529.219
1437.383
15.522
12.866
10.314
11.408
7.605
882.120
9.115
9.688
529.116
9678.884
15693.026
131.576
10.262
5979.296
55.683
885.506
1403.942
84.592
10.314
7.709
883.787
9.064
7.969
884.723
2279.290
15.627
7.605
883.943
1438.113
7.761
9.741
9.741
10.365
13.022
3710.684
3674.846
884.307
9.324
131.575
10.366
7.865
2313.357
12.971
1405.297
37.817
2309.398
3675.576
9724.096
11.303
19.793
8.282
55.630
12.918
9.272
15693.703
37.712
207.469
26.722
5973.618
5978.514
9.792
19.845
12.918
7.709
884.464
9.116
26.617
7.605
9.116
55.682
9.012
2313.408
11.303
55.682
9688.312
240.180
12.918
7.813
7.709
529.116
8.803
131.576
363.891
9.115
9.116
5980.702
8.282
884.203
2279.550
5979.348
9677.008
15.575
9.741
330.398
84.592
3711.465
7.657
9675.602
1404.516
330.450
110.584
2299.917
2280.696
9.011
562.348
883.786
15613.591
8.387
7.917
9.585
37.712
1437.748
3709.538
15.627
19.794
131.627
883.942
9.219
8.803
529.011
15.522
9.741
8.490
3708.704
37.712
19.846
26.565
10.366
26.670
1437.331
2280.436
9.116
8.907
15687.974
11.304
15.626
7.605
3674.742
10.783
84.852
5979.608
84.644
8.283
7.709
7.969
7.709
2280.853
883.682
3709.589
7.605
8.751
3674.742
26.722
45.213
22.814
10.418
7.605
9.741
26.617
26.670
12.970
1404.516
26.565
9.115
207.469
26.618
55.891
3676.929
363.734
26.721
7.710
330.293
9.584
8.803
564.015
8.803
885.505
6.824
55.839
330.294
9.168
7.709
10.314
9.741
8.491
7.918
207.573
240.233
55.631
3674.378
26.565
3708.860
15.574
15690.995
84.696
883.630
330.398
7.657
9.064
7.865
2307.262
6.771
10.366
7.709
10.314
1404.099
55.682
7.709
11.303
9679.874
9.115
7.813
55.787
2280.072
8.021
7.814
2312.158
8.959
84.643
15663.961
3707.767
3708.236
11.303
7.605
15650.731
5981.587
5947.104
12.293
15657.919
363.526
9.116
131.524
131.628
84.592
8.282
7.813
7.709
7.918
7.605
2279.394
9.324
7.605
55.682
5.886
131.680
15.470
9644.661
84.749
9.219
9.532
7.084
15615.466
131.576
19.794
10.314
8.439
363.630
15.574
9686.385
6.771
7.917
7.709
7.709
84.644
19.690
529.063
131.576
19.846
119.439
2278.978
15650.731
6.980
15662.399
26.617
238.201
6.563
12.502
9.689
8.073
13.074
55.579
7.813
84.644
207.520
9723.524
7.710
8.907
8.699
9.168
15610.935
6.302
6.459
6.199
3675.263
8.334
7.605
7.605
7.709
364.880
55.526
5981.952
7.605
8.698
3710.735
330.659
10.262
9.011
207.520
19.846
9.011
19.950
562.608
5978.462
9.115
19.846
55.631
11.303
19.794
2279.863
8.803
11.355
12.970
19.846
11.303
19.794
37.712
7.709
44.692
5947.366
24.794
547.555
26.669
9.272
8.699
7.710
8.021
7.709
885.036
37.712
8.282
7.709
11.355
9678.675
19.690
26.617
15.626
37.660
8.282
9674.456
37.712
330.502
26.617
7.761
9.116
19.793
3709.381
19.793
3707.558
8.387
7.709
8.803
8.334
84.592
12.918
9.428
9.428
8.803
3711.204
9.740
15.574
7.709
7.813
10.314
11.303
19.845
12.918
330.346
8.334
19.794
1437.332
8.387
882.380
2279.603
8.594
7.969
5979.973
9.480
84.644
15.679
131.576
7.709
7.917
19.793
7.657
9.115
363.109
15.679
10.314
15.471
8.386
10.313
8.439
7.657
8.699
9.011
9722.482
55.630
10.313
9679.145
10.417
10.886
7.657
7.813
9.376
7.918
9.376
9.011
8.698
9.116
15617.707
5981.691
2313.669
12.918
15.522
6015.913
7.814
330.501
883.838
2280.540
26.670
164.235
13.074
55.578
529.220
207.469
9.064
12.918
9.376
9.428
9645.495
15692.297
10.418
7.657
7.814
84.540
7.761
7.814
9.740
9.220
883.891
9.688
55.631
330.346
7.866
15621.353
37.660
55.630
7.709
11.303
26.669
9.115
363.890
13.074
9.219
15616.508
7.605
44.275
4.688
6.719
9645.860
3708.704
7.657
7.709
10.313
37.713
563.337
7.813
7.605
26.565
10.314
15.575
7.761
5979.765
8.803
15.522
207.416
7.709
7.605
6016.695
9677.946
7.709
15615.779
15649.011
131.680
9.324
363.213
9687.322
8.282
7.605
12.918
5981.119
9.793
9.011
7.762
9.740
43.910
3674.378
5977.369
5980.910
9.689
9.376
8.907
3708.027
9.272
1404.359
9.688
9.688
9.376
330.867
885.401
1405.505
8.803
2277.728
4.688
2279.915
55.735
2279.395
9.220
883.734
11.303
15.575
19.794
884.203
19.741
2316.481
5981.848
1437.539
9.897
7.814
9.480
529.064
6.199
84.696
11.304
13.074
3675.888
9.584
84.540
1404.672
8.908
563.858
131.784
1404.359
55.578
9.064
15648.491
883.526
5979.608
9688.416
12.918
9682.061
9.689
9.793
11.303
10.366
7.657
9.688
9.168
11.407
15.627
9676.228
8.074
131.628
5978.463
11.356
883.995
207.417
15.575
8.699
12.970
165.433
1404.099
55.578
7.761
330.398
15687.453
37.712
7.605
7.709
9.324
7.709
9.689
9.689
7.657
9.428
7.866
26.617
7.709
7.605
9.116
6.407
9644.818
15649.064
26.617
7.605
12.918
7.605
2280.853
55.734
15.626
19.845
9.792
1438.893
5979.400
10.314
207.417
15690.891
5979.868
11.303
7.657
15.574
9.272
9.115
131.628
10.314
3707.923
529.219
7.605
15.627
884.463
9.168
9.324
26.617
131.523
10.887
6.876
55.787
8.282
8.699
15.522
15613.956
364.828
8.334
529.063
8.438
9.012
131.576
15687.870
207.468
9679.144
9.115
7.605
9.063
13.022
7.605
9677.842
884.359
8.699
9.115
330.345
7.814
5978.827
9678.780
84.592
207.521
19.898
15694.902
7.657
19.793
7.710
7.813
1404.360
9.116
19.898
9.324
2279.915
37.712
3710.215
26.618
330.346
8.803
11.303
2279.238
12.918
9.793
1437.800
19.689
207.468
13.022
9.480
3708.965
529.115
9.584
55.579
884.515
8.907
55.683
89.124
4.688
5983.358
4.688
2280.644
3704.224
9.897
9.064
13.387
7.866
529.063
9.272
8.959
11.303
2334.348
69.955
207.469
55.735
9.012
19.846
5979.816
7.605
2280.332
9.793
11.303
