266.954
238.773
210.229
210.125
209.968
209.552
209.916
210.021
209.448
238.357
209.969
209.552
238.410
209.968
209.917
210.021
209.448
209.500
209.969
209.500
237.940
209.968
209.448
237.836
209.969
210.073
209.917
209.448
210.230
209.969
209.500
238.461
209.969
209.500
238.253
209.969
210.229
209.864
209.500
210.021
209.969
209.552
242.888
209.917
209.552
243.462
210.021
209.500
238.514
209.917
210.177
210.229
209.500
243.670
209.968
209.605
243.358
209.813
209.969
241.535
209.917
210.073
209.917
210.178
209.916
209.865
209.500
243.097
209.969
209.552
242.628
209.969
209.708
210.021
209.500
210.125
209.865
209.552
241.379
210.073
209.448
243.149
209.917
210.021
238.722
209.448
210.125
210.021
209.604
210.282
209.969
209.552
243.983
210.073
209.552
243.306
209.969
210.073
237.628
209.708
210.073
210.021
209.552
210.333
209.969
209.500
243.358
210.021
210.073
243.618
209.916
210.229
209.917
209.553
210.334
210.021
209.500
243.566
210.021
209.553
243.670
210.021
210.073
237.159
209.604
210.177
209.917
209.604
243.149
209.969
209.500
243.097
209.969
210.021
237.315
210.073
210.282
210.021
209.552
209.917
209.917
209.605
243.774
209.968
209.605
243.149
209.969
210.177
209.917
210.229
209.605
209.709
210.229
242.629
210.073
209.552
244.504
209.969
209.448
237.836
209.448
210.125
210.073
209.656
209.917
210.021
209.500
243.670
209.917
209.604
243.202
210.021
210.177
209.761
209.500
210.125
209.969
209.552
242.003
209.917
209.552
242.629
209.969
209.448
235.024
210.282
210.125
209.969
209.552
209.865
209.969
209.448
243.253
210.125
209.552
242.836
209.968
209.396
209.917
209.500
210.229
210.021
209.604
243.462
210.021
209.552
242.784
210.073
209.552
240.024
209.917
210.178
209.969
209.708
209.865
209.969
209.448
242.056
210.073
209.500
240.597
209.969
210.126
210.073
209.500
209.917
209.969
209.448
242.420
209.917
209.656
243.514
210.021
210.177
209.864
209.552
209.657
209.917
209.552
243.566
209.917
209.500
244.243
210.073
209.552
241.639
209.709
210.177
209.969
209.605
209.917
210.021
209.552
242.577
210.125
210.177
243.202
210.073
210.125
209.969
209.500
210.125
210.021
209.553
245.285
210.021
209.500
243.879
209.656
209.552
238.982
209.500
210.178
209.969
209.500
242.576
210.021
209.500
240.962
210.125
209.865
243.462
210.021
210.281
244.191
209.500
210.021
210.021
209.552
243.826
209.969
209.500
243.566
209.969
209.553
241.951
210.021
210.073
210.021
209.552
210.021
210.021
209.552
242.159
210.021
209.500
240.753
210.021
210.177
209.969
209.448
210.125
209.917
209.552
243.618
210.074
210.021
243.358
210.021
209.448
237.940
210.177
210.125
209.865
209.552
210.438
209.917
209.500
245.389
209.917
209.969
243.410
210.021
210.125
209.864
209.500
210.073
210.074
209.552
243.202
209.969
209.552
243.878
209.969
210.281
242.524
210.021
210.177
209.865
210.125
242.837
209.969
209.500
243.306
210.021
209.969
243.930
210.021
210.229
209.916
209.552
209.604
210.021
209.604
242.733
209.865
209.553
243.410
209.969
210.334
240.337
209.500
210.125
209.917
209.501
243.201
209.969
209.552
243.253
209.969
209.969
243.514
209.969
209.500
209.917
209.500
209.865
210.021
209.656
244.660
210.074
209.500
242.055
209.969
209.552
240.180
209.761
210.073
209.917
209.552
210.073
210.021
209.500
244.920
209.917
209.969
243.149
210.073
210.177
209.969
209.448
210.073
209.969
209.552
243.722
209.969
209.500
242.732
209.969
209.448
238.774
209.969
210.125
210.021
209.605
243.566
210.021
209.448
243.202
210.126
210.125
243.045
210.125
210.178
209.865
209.448
209.917
209.761
210.178
243.983
210.073
209.500
243.201
209.865
210.230
245.181
209.500
210.125
210.073
209.500
243.878
209.969
209.500
241.326
210.021
209.969
244.816
210.073
210.125
209.760
209.604
210.021
209.917
209.552
242.108
210.021
209.501
244.191
209.969
210.229
210.230
210.125
210.073
209.500
209.604
210.490
209.969
209.396
242.108
210.021
209.969
240.493
210.178
210.126
209.917
209.708
210.178
209.969
209.500
243.618
210.021
209.500
242.681
210.021
210.230
245.285
209.552
210.125
209.865
209.552
243.097
209.969
209.500
242.681
210.021
209.969
242.784
210.021
210.178
210.021
209.500
210.281
209.916
209.657
243.774
210.021
209.500
242.837
209.917
210.229
210.073
210.281
210.230
210.021
209.500
242.941
210.073
209.448
244.868
209.969
209.969
240.805
209.865
210.126
209.969
209.500
209.657
209.969
209.708
243.514
210.125
210.073
243.410
209.969
210.229
209.969
209.500
210.125
210.073
209.500
244.296
209.969
209.552
242.628
209.761
209.552
240.492
209.761
210.125
210.021
209.605
241.482
209.969
209.656
244.660
210.178
210.021
243.306
209.969
210.177
244.712
209.812
210.021
209.865
209.448
243.827
209.917
209.553
240.962
209.917
210.125
243.306
210.021
210.177
210.178
209.448
210.333
210.073
209.605
242.576
210.021
209.552
243.306
210.021
210.229
210.021
210.126
210.021
209.969
209.552
242.889
209.968
209.552
244.556
210.021
209.448
237.993
210.021
210.178
210.021
209.500
210.282
210.073
209.500
241.847
210.021
209.969
243.201
210.021
210.230
210.021
209.552
209.813
210.178
209.396
243.306
209.917
210.125
243.097
209.969
210.230
237.576
209.761
210.073
209.917
210.125
244.869
210.021
209.552
242.993
209.969
209.917
243.670
210.021
210.281
209.969
209.448
210.021
209.812
209.552
243.254
209.917
209.448
243.253
210.073
210.177
246.118
209.761
210.021
209.969
209.500
244.399
210.021
209.604
243.983
209.917
209.917
243.045
210.073
210.177
209.917
209.448
209.865
209.917
209.552
244.712
210.125
209.448
242.889
210.021
210.230
238.149
209.917
210.177
210.021
209.448
210.125
209.865
209.657
243.722
209.969
209.969
243.202
209.917
210.177
209.916
209.500
210.178
209.917
209.448
243.618
209.969
209.448
245.025
209.917
210.073
237.420
209.813
210.073
209.969
209.500
243.618
210.021
209.552
243.983
209.969
209.969
243.983
210.229
210.177
209.917
209.552
210.177
209.760
209.552
243.566
209.969
209.501
243.097
209.969
210.230
210.073
210.021
210.073
210.021
209.500
243.722
210.021
209.500
242.784
210.074
210.021
238.774
209.969
210.073
210.021
209.501
209.553
209.969
209.448
243.774
210.073
209.604
243.253
209.968
209.917
210.125
209.708
210.125
209.552
209.552
242.784
209.865
209.500
243.462
210.021
210.438
236.534
209.864
210.177
209.865
209.448
209.865
210.073
209.552
243.358
209.916
209.500
242.055
210.073
210.282
209.969
209.500
209.812
210.021
209.553
241.482
209.916
209.552
243.097
209.968
210.282
235.597
209.448
210.229
209.968
209.500
243.149
209.969
209.448
242.107
209.969
209.500
236.950
209.448
210.177
210.073
209.552
209.865
210.021
209.552
242.420
209.917
209.448
241.378
209.916
210.125
209.969
210.178
209.865
209.969
209.500
242.264
210.125
209.501
243.670
210.229
210.178
242.055
209.865
210.126
209.917
209.500
243.513
209.969
209.552
243.306
210.021
209.552
243.253
209.813
210.073
209.917
209.553
210.125
210.021
209.500
242.837
210.073
209.500
239.868
210.177
210.177
209.916
209.500
210.125
209.917
209.500
209.813
210.073
209.500
243.358
209.969
209.604
242.680
210.021
210.073
209.917
209.500
210.125
210.021
209.500
242.212
209.917
209.552
243.462
209.969
210.177
237.837
209.500
210.125
210.021
209.604
243.409
209.916
209.448
243.670
210.073
209.604
243.045
209.969
210.178
209.969
209.553
210.385
209.917
209.500
241.066
209.969
209.500
242.941
209.969
210.229
210.073
209.448
210.073
209.917
209.605
242.576
210.282
209.500
243.045
210.125
209.812
235.701
209.552
210.177
209.969
209.448
242.160
209.917
210.177
239.868
210.126
210.073
243.253
210.125
210.125
209.969
209.552
209.969
209.969
209.500
245.025
209.812
209.500
242.889
209.969
210.282
246.171
210.125
210.125
210.073
209.552
243.254
209.917
209.448
243.826
209.968
210.021
238.097
210.073
210.125
210.073
209.501
210.177
209.969
209.448
243.931
210.021
209.605
242.784
209.969
209.448
238.409
210.021
210.073
209.969
209.500
210.073
210.021
209.500
244.555
209.969
209.969
243.357
210.125
210.177
209.917
209.500
210.177
209.969
209.553
244.295
210.021
209.396
243.097
210.021
209.605
236.690
209.396
210.073
210.021
209.500
243.254
209.917
209.448
242.524
210.073
209.969
