19909.594
19802.396
19801.614
19802.969
19805.313
19806.302
19808.334
19808.907
19786.249
19809.063
19779.998
19809.167
19775.466
19808.490
19804.739
19808.751
19811.875
19811.355
19804.271
19775.778
19807.240
19780.207
19808.334
19772.393
19809.324
19811.928
19806.563
19804.063
19801.719
19804.167
19782.654
19804.740
19778.695
19811.250
19804.636
19810.261
19809.689
19806.563
19801.874
19805.312
19802.865
19780.466
19804.688
19779.321
19807.241
19803.594
19803.751
19805.782
19805.313
19804.792
19808.282
19805.938
19780.102
19805.000
19781.873
19806.198
19807.240
19805.052
19804.792
19809.897
19812.397
19807.293
19805.313
19776.091
19802.240
19783.019
19800.677
19805.209
19801.406
19805.573
19805.991
19807.918
19807.761
19806.146
19784.686
19810.678
19777.810
19803.958
19810.938
19806.147
19807.657
19803.438
19806.823
19817.345
19812.501
19807.917
19809.897
19787.863
19812.709
19777.081
19806.563
19807.293
19808.022
19812.502
19813.491
19811.251
19807.449
19808.126
19782.394
19813.230
19781.873
19805.052
19781.249
19807.605
19811.147
19807.970
19803.802
19806.980
19810.990
19810.105
19811.459
19776.977
19808.855
19782.499
19807.344
19805.313
19811.824
19812.345
19809.168
19809.532
19807.240
19804.584
19783.436
19810.939
19777.393
19811.408
19807.657
19810.886
19809.063
19807.918
19807.032
19807.292
19805.990
19778.018
19808.699
19779.737
19808.699
19803.178
19805.991
19805.053
19810.209
19812.762
19811.251
19805.261
19778.383
19811.772
19778.800
19808.908
19778.748
19810.939
19806.043
19804.115
19806.095
19807.136
19812.918
19768.486
19806.199
19783.019
19797.135
19811.407
19805.991
19807.709
19813.127
19815.575
19810.314
19807.866
19807.553
19806.303
19783.853
19810.210
19786.040
19803.647
19809.480
19804.949
19807.189
19807.969
19807.345
19808.908
19812.762
19779.633
19805.417
19778.852
19805.938
19779.373
19805.157
19803.751
19805.834
19805.209
19812.971
19811.095
19780.050
19806.043
19780.259
19815.731
19781.509
19803.386
19807.970
19803.438
19809.116
19811.877
19813.283
19801.459
19806.303
19784.322
19810.522
19780.207
19805.783
19808.438
19806.719
19806.824
19813.647
19810.835
19798.751
19805.053
19788.333
19814.065
19777.914
19807.658
19809.220
19803.855
19808.699
19804.792
19805.418
19803.543
19813.335
19778.019
19807.449
19780.624
19805.678
19811.252
19811.929
19806.928
19804.896
19811.773
19812.554
19812.293
19778.852
19810.991
19783.176
19808.803
19777.915
19807.501
19812.919
19813.283
19806.616
19808.491
19810.106
19812.293
19807.241
19778.384
19803.074
19774.165
19808.647
19806.824
19803.438
19808.074
19805.938
19811.043
19810.314
19810.209
19780.519
19809.064
19784.373
19811.408
19780.832
19809.064
19806.147
19808.282
19805.365
19808.491
19808.856
19777.967
19810.471
19777.446
19804.376
19779.478
19812.970
19809.273
19802.814
19805.887
19809.898
19813.440
19805.522
19805.679
19779.373
19814.065
19786.041
19808.439
19808.074
19812.189
19806.200
19807.136
19809.064
19810.575
19815.523
19785.259
19805.470
19780.103
19813.648
19809.012
19808.908
19812.502
19805.366
19806.564
19808.491
19803.959
19776.144
19807.189
19782.134
19812.398
19784.791
19806.563
19802.397
19802.969
19805.366
19806.251
19807.762
19783.332
19812.502
19783.436
19805.470
19782.499
19814.481
19809.793
19809.064
19811.461
19809.898
19810.210
19810.314
19805.209
19778.800
19807.866
19784.114
19810.106
19805.731
19808.648
19811.148
19806.095
19804.272
19803.543
19807.033
19783.593
19815.731
19777.238
19807.346
19778.853
19808.023
19809.585
19808.231
19809.220
19815.784
19810.523
19801.251
19804.688
19782.447
19803.282
19777.551
19803.907
19809.845
19806.512
19815.679
19813.023
19807.189
19807.085
19806.199
19782.759
19812.606
19777.029
19807.502
19809.116
19805.626
19811.825
19808.700
19806.669
19803.074
19805.783
19779.843
19806.043
19778.749
19809.846
19815.211
19812.085
19806.408
19807.294
19812.033
19812.085
19809.585
19778.489
19811.773
19781.822
19805.626
19812.918
19813.700
19805.053
19810.002
19806.147
19805.887
19809.377
19776.457
19813.700
19787.447
19807.918
19776.040
19812.398
19807.241
19806.460
19804.585
19803.907
19804.897
19800.314
19813.492
19782.030
19810.263
19782.135
19812.138
19813.075
19814.430
19804.949
19807.033
19806.616
19806.304
19812.502
19781.978
19812.034
19782.135
19812.346
19785.312
19808.387
19809.429
19811.148
19812.502
19812.346
19806.512
19806.095
19806.877
19782.343
19803.230
19778.124
19807.658
19805.939
19805.678
19809.898
19808.700
19808.908
19803.491
19807.241
19779.166
19808.595
19782.760
19813.597
19813.387
19802.709
19806.824
19806.825
19807.658
19810.939
19803.022
19776.405
19806.616
19783.958
19811.252
19815.107
19809.741
19812.503
19806.825
19812.450
19806.200
19806.773
19807.033
19806.981
19783.801
19817.660
19781.822
19805.731
19806.825
19803.960
19808.127
19807.293
19806.460
19805.314
19806.721
19783.958
19812.034
19778.332
19807.137
19808.127
19809.898
19806.564
19807.815
19809.065
19806.616
19804.428
19778.905
19805.627
19783.125
19808.752
19804.741
19805.262
19814.534
19806.147
19806.304
19807.971
19810.106
19784.322
19814.222
19776.405
19810.158
19784.895
19812.294
19806.877
19804.325
19804.846
19806.877
19807.815
19804.690
19807.033
19780.103
19809.846
19786.250
19807.190
19805.002
19808.544
19808.856
19814.430
19805.106
19802.189
19812.347
19781.979
19808.752
19777.239
19807.190
19805.158
19808.752
19812.711
19814.014
19805.627
19815.263
19807.294
19774.166
19807.241
19781.510
19810.263
19813.701
19811.617
19806.773
19806.877
19809.168
19802.970
19808.648
19778.332
19807.606
19778.228
19806.669
19780.781
19806.408
19805.784
19808.596
19804.168
19806.564
19813.284
19781.667
19816.878
19783.542
19807.606
19779.166
19813.440
19813.544
19808.544
19805.054
19807.554
19809.012
19805.210
19806.565
19780.417
19806.668
19781.874
19813.284
19812.711
19808.544
19813.961
19806.617
19803.856
19811.513
19805.106
19804.481
19810.523
19777.186
19807.033
19780.364
19804.846
19809.117
19805.002
19806.200
19804.168
19805.159
19783.802
19811.201
19780.989
19804.169
19782.239
19812.347
19809.950
19805.627
19805.679
19806.095
19807.086
19805.002
19806.305
19776.458
19806.044
19782.657
19809.898
19808.701
19808.545
19809.899
19813.962
19813.233
19809.742
19806.825
19778.906
19804.325
19784.375
19813.127
19807.607
19807.085
19806.148
19809.169
19810.367
19806.148
19812.138
19775.677
19807.606
19777.760
19805.002
19812.815
19812.815
19810.471
19807.242
19809.950
19809.326
19810.888
19782.916
19807.450
19777.603
19809.065
19785.208
19811.357
19808.283
19809.430
19813.232
19815.316
19808.283
19800.939
19809.638
19777.187
19806.357
19777.500
19809.639
19805.367
19807.919
19807.138
19806.981
19805.992
19806.304
19812.451
19783.386
19811.045
19779.218
19809.638
19783.698
19812.347
19805.002
19805.315
19815.733
19811.149
19806.461
19803.700
19811.461
19780.833
19807.294
19780.365
19808.492
19806.774
19807.711
19805.002
19805.419
19810.367
19802.345
19814.378
19784.219
19810.576
19778.489
19803.075
19809.117
19811.409
19813.857
19812.503
19803.909
19802.294
19811.357
19782.917
19804.794
19777.812
19815.784
19807.503
19811.409
19807.294
19810.420
19817.087
19809.586
19806.044
19778.854
19806.461
19780.833
19809.117
19805.679
19806.825
19804.013
19811.617
19806.461
19807.243
19806.304
19779.896
19806.878
19780.834
19803.804
19806.565
19812.451
19812.920
19806.981
19806.878
19808.284
19805.783
19779.843
19806.357
19784.584
19808.701
19781.875
19814.795
19813.545
19804.638
19807.295
19805.054
19805.055
19812.711
19814.482
19779.062
19810.889
19776.875
19809.117
19777.135
19808.023
19809.273
19814.795
19810.420
19808.440
19804.742
19775.885
19805.003
19784.375
19812.608
19777.500
19806.357
19809.222
19806.253
19805.159
19808.024
19811.253
19808.388
19812.764
19776.823
19816.097
19777.865
19803.752
19809.013
19810.003
19811.357
19804.274
19806.044
19804.273
19807.034
19779.427
19804.429
19784.062
19813.077
19810.472
19808.961
19808.336
19805.471
19810.055
19813.441
19807.711
19777.552
19808.076
19784.323
19810.108
19804.065
19808.024
19812.451
19812.139
19805.992
19807.190
19809.378
19778.542
19806.357
19775.781
19805.888
19783.022
19807.712
19813.284
19811.878
19808.857
19805.836
19810.784
19812.556
19809.169
19778.438
19806.044
19781.094
19811.722
19815.004
19812.504
19806.617
19813.284
19807.034
19804.065
19807.659
19780.729
19812.190
19783.177
19805.315
19777.292
19815.264
19813.285
19811.670
19805.367
19807.399
19815.681
19811.670
19808.440
19779.792
19808.596
19783.021
19807.920
19806.305
19806.878
19805.784
19812.451
19817.035
19810.472
19803.804
19781.354
19811.722
19786.251
19805.993
19777.084
19813.441
19813.753
19804.690
19809.795
19812.816
19807.035
19803.284
19805.628
19784.479
19802.658
19777.968
19812.556
19809.639
19808.597
19807.867
19811.774
19806.721
19808.389
19807.919
19780.261
19811.826
19783.699
19807.502
19805.576
19807.398
19808.493
19810.316
19813.285
19805.941
19806.722
19784.532
19814.796
19780.470
19805.993
19809.535
19811.723
19808.492
19808.650
19805.264
19812.816
19813.858
19802.919
19808.545
19780.417
19806.149
19778.906
19806.253
19806.253
19807.035
19809.118
19807.242
19804.534
19803.700
19810.368
19779.010
19808.388
19781.094
19810.941
19811.618
19812.556
19812.348
19805.732
19810.524
19805.524
19809.639
19784.167
19811.410
19775.782
19802.815
19783.647
19811.983
19807.712
19805.941
19812.920
19814.015
19808.910
19799.378
19810.368
19784.584
19810.524
19777.500
19811.306
19806.722
19808.962
19808.597
19806.305
19809.847
19804.169
19813.025
19782.605
19807.138
19776.302
19806.878
19805.784
19807.972
19805.420
19807.868
19814.379
19810.681
19806.566
19778.646
19810.889
19784.063
19806.774
19806.618
19808.493
19813.702
19810.785
19804.638
19807.087
19808.076
19780.522
19809.326
19778.906
19804.586
19807.347
19813.181
19812.347
19808.493
19806.357
19812.765
19807.711
19777.084
19805.837
19777.865
19812.452
19781.615
19805.785
19812.035
19807.400
19805.680
19804.118
19809.952
19807.295
19813.025
19785.678
19809.535
19780.313
19809.430
19807.972
19808.597
19805.628
19807.139
19807.555
