22785.614
22463.707
22496.366
22483.865
22439.173
22483.917
22510.274
22489.178
22455.008
22472.249
22453.185
22466.572
22459.488
22327.807
22478.031
22364.322
22491.731
22498.346
22428.443
22490.116
22454.227
22465.165
22473.656
22453.289
22462.561
22490.793
22429.693
22447.143
22470.009
22477.875
22457.300
22487.147
22454.123
22504.283
22472.406
22431.881
22441.205
22366.978
22369.739
22343.955
22366.822
22404.118
22334.632
22341.820
22321.401
22357.603
22328.173
22351.925
22326.037
22364.843
22350.675
22379.584
22345.987
22410.941
22344.477
22509.962
22317.963
22351.716
22458.915
22476.364
22489.647
22443.080
22476.156
22496.366
22467.770
22405.525
22486.157
22455.633
22462.822
22479.386
22422.609
22442.923
22404.743
22472.770
22488.658
22506.159
22455.998
22472.562
22456.311
22423.547
22487.200
22444.747
22449.539
22478.813
22433.444
22436.516
22485.533
22437.298
22448.185
22487.564
22444.852
22471.156
22444.330
22400.316
22479.281
22455.373
22453.967
22469.125
22456.936
22456.988
22490.533
22439.486
22439.746
22480.688
22449.487
22506.733
22488.241
22438.861
22484.439
22383.908
22392.346
22314.577
22326.610
22365.052
22322.912
22366.354
22415.213
22477.355
22452.092
22421.307
22466.207
22469.125
22437.194
22413.599
22403.128
22465.478
22451.623
22435.163
22453.186
22415.265
22462.093
22489.492
22445.580
22467.978
22394.117
22445.060
22411.306
22448.862
22436.049
22483.814
22393.961
22464.124
22441.882
22432.507
22472.511
22456.206
22460.687
22482.824
22436.465
22448.914
22462.978
22446.414
22467.093
22472.094
22375.782
22490.324
22376.355
22458.863
22491.262
22444.434
22451.258
22480.740
22460.425
22443.133
22476.834
22453.550
22458.707
22473.812
22454.644
22506.212
22457.144
22450.425
22482.616
22433.184
22337.601
22426.100
22332.704
22361.353
22304.942
22485.793
22456.572
22455.894
22448.706
22474.073
22386.773
22489.700
22454.123
22455.686
22397.660
22439.330
22421.776
22448.498
22491.992
22489.596
22415.734
22490.898
22355.937
22446.154
22493.971
22444.018
22409.900
22483.293
22359.895
22470.948
22461.832
22453.967
22447.561
22452.091
22374.636
22506.993
22453.082
22484.022
22504.024
22414.171
22496.836
22392.867
22394.013
22367.240
22340.935
22370.313
22319.787
22348.384
22330.205
22409.536
22308.223
22526.682
22445.164
22325.153
22470.688
22448.811
22467.354
22445.112
22453.238
22475.220
22446.154
22445.321
22444.227
22451.571
22455.113
22464.541
22436.309
22471.313
22479.282
22440.372
22460.426
22426.777
22445.998
22452.352
22427.975
22458.916
22487.200
22447.404
22472.615
22472.615
22423.131
22455.061
22389.846
22394.221
22366.250
22314.683
22366.094
22329.580
22362.084
22320.725
22447.196
22447.248
22458.707
22492.409
22435.216
22489.335
22495.326
22455.426
22470.896
22453.603
22430.996
22444.175
22391.045
22363.073
22409.588
22440.633
22433.341
22390.003
22368.022
22382.814
22474.855
22393.597
22435.892
22485.897
22440.164
22465.687
22505.900
22453.499
22414.588
22493.555
22403.077
22487.409
22435.372
22454.019
22448.498
22453.655
22449.800
22479.386
22422.349
22450.634
22395.577
22452.769
22404.952
22448.915
22433.392
22475.429
22445.008
22444.019
22481.471
22439.226
22426.257
22427.819
22399.796
22459.333
22444.540
22430.424
22473.449
22453.446
22436.987
22492.513
22458.030
22476.053
22422.610
22446.571
22433.809
22408.963
22374.012
22370.938
22353.488
22332.393
22322.392
22484.283
22422.402
22485.377
22448.550
22471.261
22486.732
22434.382
22400.890
22507.098
22462.406
22468.448
22449.853
22453.030
22389.326
22498.399
22405.682
22356.250
22329.008
22403.442
22453.187
22386.981
22444.748
22359.635
22492.305
22340.154
22474.022
22374.220
22448.915
22445.530
22403.806
22393.493
22462.666
22348.333
22493.867
22381.669
22485.013
22457.926
22436.205
22485.169
22416.203
22489.545
22368.178
22462.614
22423.339
22453.968
22354.895
22489.961
22466.990
22464.803
22473.658
22365.521
22480.429
22408.129
22361.198
22325.674
22367.605
22353.698
22336.873
22328.955
22342.290
22342.238
22325.309
22439.435
22401.671
22475.168
22459.333
22460.479
22441.935
22451.885
22390.316
22450.999
22466.052
22495.066
22429.955
22455.895
22485.638
22457.614
22429.434
22492.722
22465.063
22465.063
22480.116
22416.777
22496.889
22405.265
22449.123
22474.022
22434.278
22430.060
22473.501
22468.188
22454.958
22468.448
22445.321
22444.227
22472.720
22447.457
22481.731
22478.293
22454.853
22468.918
22440.269
22377.085
22484.908
22449.697
22455.792
22467.616
22447.613
22484.284
22471.522
22381.044
22486.679
22398.494
22398.493
22358.229
22371.199
22355.677
22322.601
22387.867
22463.448
22469.282
22451.833
22414.902
22495.899
22408.599
22421.361
22338.071
22335.363
22366.563
22396.983
22345.572
22317.912
22366.147
22350.885
22351.667
22322.549
22466.313
22437.247
22434.175
22484.336
22426.413
22487.565
22379.221
22449.333
22455.531
22425.372
22459.750
22445.009
22463.709
22469.491
22481.471
22418.756
22474.492
22383.492
22448.343
22480.638
22434.071
22462.824
22489.128
22452.666
22494.753
22442.404
22436.571
22455.635
22449.124
22380.472
22467.824
22438.915
22472.876
22408.495
22414.745
22498.400
22444.175
22434.695
22499.962
22432.977
22430.060
22377.607
22449.125
22447.457
22444.280
22468.605
22441.780
22456.729
22425.528
22444.175
22423.653
22422.924
22393.390
22372.138
22327.029
22380.836
22392.556
22329.737
22337.603
22338.072
22440.530
22428.966
22461.834
22438.237
22447.926
22460.063
22442.717
22435.008
22470.480
22423.862
22443.915
22479.544
22442.405
22462.146
22407.141
22431.101
22425.215
22453.604
22395.369
22491.837
22447.302
22496.473
22453.187
22444.696
22408.808
22452.562
22452.562
22476.158
22410.788
22465.063
22436.571
22455.948
22425.736
22322.237
22357.865
22421.049
22411.829
22398.390
22369.950
22453.604
22463.292
22453.083
22485.117
22413.913
22498.504
22440.322
22442.874
22482.982
22439.644
22392.661
22477.252
22448.812
22442.145
22474.335
22476.419
22451.573
22470.221
22457.406
22487.618
22487.565
22443.863
22404.693
22457.094
22442.874
22488.556
22432.092
22445.895
22492.410
22452.146
22433.029
22453.083
22467.876
22494.598
22470.220
22430.529
22482.670
22495.796
22447.197
22493.035
22430.112
22440.217
22467.668
22451.573
22409.589
22480.117
22411.673
22491.525
22491.889
22420.268
22495.275
22395.995
22441.781
22488.191
22433.602
22430.893
22467.773
22405.735
22487.097
22461.418
22441.103
22466.366
22447.562
22462.459
22474.701
22426.361
22431.258
22432.665
22446.416
22478.398
22475.690
22394.275
22479.544
22402.714
22468.866
22474.544
22432.040
22451.625
22461.574
22385.264
22431.780
22335.780
22364.376
22439.436
22458.188
22415.215
22443.551
22416.622
22445.270
22450.843
22487.827
22413.808
22452.719
22479.857
22457.094
22448.448
22453.292
22371.565
22474.805
22450.323
22429.956
22457.615
22459.908
22479.232
22493.192
22419.382
22478.868
22368.284
22459.594
22425.528
22479.076
22314.632
22445.895
22456.522
22468.501
22457.563
22452.927
22485.222
22416.049
22476.627
22397.349
22457.147
22407.350
22407.559
22362.606
22318.383
22336.561
22480.170
22453.969
22480.899
22445.583
22456.834
22485.326
22470.689
22435.113
22481.368
22449.333
22457.043
22458.449
22446.260
22396.151
22468.033
22462.407
22484.753
22383.025
22462.668
22412.872
22450.896
22508.402
22488.295
22448.240
22505.329
22460.428
22457.876
22465.169
22407.923
22335.936
22351.146
22360.626
22373.596
22365.471
22398.391
22375.212
22347.969
22367.971
22367.919
22362.502
22356.981
22372.451
22484.337
22488.296
22439.072
22502.047
22390.786
22456.209
22448.083
22445.688
22365.887
22449.229
22458.710
22477.722
22503.089
22465.481
22482.045
22459.126
22463.658
22467.304
22419.852
22431.988
22482.149
22465.220
22457.459
22490.952
22470.221
22437.978
22485.743
22444.281
22456.938
22493.713
22465.221
22455.689
22455.689
22440.166
22400.058
22407.663
22372.242
22343.229
22368.075
22314.789
22303.590
22498.141
22461.210
22467.148
22447.251
22388.547
22484.025
22461.939
22446.990
22409.382
22435.999
22409.173
22452.303
22442.979
22467.668
22415.893
22449.854
22409.173
22402.922
22337.760
22346.824
22375.628
22303.798
22466.731
22463.033
22431.259
22474.857
22448.396
22429.853
22455.897
22457.199
22471.211
22477.409
22442.614
22461.106
22483.035
22450.480
22472.981
22431.364
22444.073
22424.019
22430.269
22491.421
22486.109
22384.015
22462.616
22405.371
22427.717
22484.129
22455.012
22450.011
22467.930
22434.384
22467.043
22389.848
22455.741
22478.191
22445.063
22446.260
22435.426
22445.583
22445.271
22480.639
22413.289
22484.129
22395.735
22395.579
22361.565
22333.854
22467.617
22454.282
22445.375
22465.898
22379.900
22426.884
22322.862
22338.333
22331.302
22412.924
22437.927
22450.376
22456.366
22426.780
22447.406
22372.972
22407.299
22362.554
22336.198
22477.878
22434.697
22424.175
22453.240
22436.051
22404.069
22393.027
22328.593
22331.093
22351.929
22493.714
22439.854
22461.940
22434.072
22443.552
22480.327
22450.064
22435.062
22390.890
22439.437
22485.015
22475.378
22397.766
22467.305
22390.994
22432.561
22479.598
22442.563
22443.761
22490.380
22407.194
22486.108
22466.106
22470.638
22474.076
22422.196
22453.137
22459.439
22442.146
22472.045
22491.942
22455.064
22448.240
22437.666
22464.440
22474.545
22468.451
22390.682
22404.798
22341.667
22368.076
22339.063
22375.368
22330.416
22384.692
22341.772
22480.483
22387.297
22453.866
22412.768
22467.461
22450.168
22486.525
22372.296
22496.786
22483.140
22462.252
22474.753
22370.889
22448.917
22489.859
22444.074
22449.855
22467.721
22363.649
22496.995
22370.680
22461.367
22409.486
22394.328
22354.013
22341.980
22343.335
22332.656
22461.002
22448.189
22447.459
22454.282
22446.574
22414.174
22474.128
22394.276
22392.975
22297.184
22376.254
22309.946
22337.031
22439.489
22457.669
22467.982
22439.229
22436.625
22481.368
22435.062
22459.960
22490.745
22449.074
22468.607
22438.864
22439.281
22469.806
22454.647
22353.543
22422.092
22313.279
22308.487
22325.104
22466.628
22452.408
22423.967
22491.265
22440.532
22500.485
22428.656
22440.323
22475.483
22440.844
22373.858
22434.697
22322.656
22366.149
22381.828
22400.736
