136816.844
136331.015
136292.522
136290.179
136362.477
136328.046
136287.209
136319.713
136364.664
136305.441
136335.184
136298.305
136392.794
136292.627
136420.712
136345.602
136290.023
136295.962
136344.664
136341.851
136345.029
136341.904
136428.475
136348.572
136309.141
136382.065
136339.665
136331.799
136353.208
136348.676
136335.603
136302.214
136292.578
136381.128
136392.848
136292.942
136388.368
136340.864
136296.590
136341.855
136291.693
136401.496
136390.140
136458.741
136505.152
136496.142
136469.785
136434.781
136417.488
136460.357
136418.998
136464.055
136457.441
136452.440
136515.155
136450.825
136457.753
136410.196
136473.900
136419.156
136433.324
136430.095
136461.400
136509.061
136463.901
136450.931
136444.680
136427.960
136401.082
136422.907
136436.503
136457.234
136388.477
136439.159
136454.318
136453.536
136506.302
136498.905
136390.197
136475.414
136432.754
136419.263
136404.522
136481.873
136461.246
136463.278
136444.006
136482.655
136421.035
136421.347
136394.939
136414.472
136414.628
136455.101
136481.146
136509.794
136414.160
136498.284
136428.224
136414.525
136421.296
136465.780
136428.849
136487.397
136438.799
136451.978
136494.117
136378.793
136472.500
136416.818
136456.509
136408.068
136461.614
136463.178
136452.291
136502.400
136481.408
136467.241
136401.506
136409.058
136427.341
136446.145
136418.017
136447.604
136442.656
136497.974
136447.604
136408.747
136464.168
136450.365
136467.033
136422.862
136491.047
136445.574
136485.577
136470.316
136472.139
136464.378
136428.801
136408.175
136404.060
136456.461
136438.543
136446.409
136456.721
136511.883
136450.627
136404.321
136423.855
136435.574
136429.532
136454.795
136491.934
136457.869
136454.275
136498.654
136397.498
136428.700
136365.672
136446.358
136388.435
136403.438
136408.803
136403.229
136404.896
136409.427
136482.195
136369.580
136410.991
136378.749
136414.586
136369.633
136432.347
136445.057
136524.909
136441.516
136422.244
136423.233
136427.713
136445.892
136414.742
136414.899
136446.100
136454.383
136461.988
136473.916
136462.353
136516.681
136465.060
136419.536
136421.204
136453.707
136434.954
136487.095
136505.952
136509.441
136404.952
136397.868
136454.905
136424.381
136410.838
136466.833
136485.638
136439.592
136447.145
136484.597
136403.130
136426.153
136463.501
136459.855
136469.595
136445.426
136497.515
136481.316
136448.864
136391.254
136454.699
136307.549
136271.243
136267.389
136264.107
136322.395
136295.361
136291.922
136276.922
136268.482
136288.381
136283.537
136252.128
136268.587
136248.586
136214.415
136283.641
136262.546
136260.567
136288.643
136328.334
136305.051
136304.425
136273.433
136276.350
136249.108
136254.994
136250.776
136264.423
136254.161
136280.362
136240.618
136266.090
136276.820
136285.831
136284.686
136261.871
136257.652
136249.890
136244.786
136274.738
136253.016
136265.674
136268.227
136274.269
136258.330
136299.220
136256.247
136247.131
136275.832
136264.529
136232.964
136254.893
136236.402
136270.364
136269.009
136233.641
136298.127
136277.657
136256.196
136274.323
136270.417
136266.667
136288.179
136259.634
136255.571
136265.052
136209.734
136248.332
136284.221
136295.108
136222.079
136260.104
136226.455
136275.210
136256.302
136252.761
136249.374
136290.629
136234.581
136307.870
136287.868
136297.036
136310.163
136275.211
136283.233
136270.003
136229.686
136269.325
136240.573
136262.138
136274.378
136250.990
136253.908
136293.964
136273.701
136304.798
136254.690
136256.617
136266.254
136274.953
136223.750
136273.181
136271.515
136254.169
136229.480
136300.737
136268.026
136315.478
136293.445
136256.306
136263.494
136267.349
136257.557
136285.215
136264.640
136262.609
136265.214
136274.068
136233.492
136263.860
136290.790
136248.389
136251.255
136253.911
136238.389
136276.206
136268.705
136277.403
136247.817
136259.850
136287.561
136284.540
136240.057
136269.383
136244.485
136274.071
136248.808
136261.205
136253.444
136289.125
136237.350
136274.020
136283.083
136309.336
136286.834
136288.709
136267.821
136252.195
136251.362
136251.727
136268.760
136262.978
136241.466
136272.666
136270.896
136277.563
136291.367
136317.099
136289.961
136246.310
136269.698
136250.843
136219.746
136279.023
136266.938
136249.020
136283.659
136262.407
136296.369
136302.984
136303.349
136307.620
136241.988
136255.532
136261.313
136270.741
136212.090
136275.430
136266.471
136252.407
136256.158
136280.222
136301.422
136257.303
136245.585
136287.880
136236.104
136253.241
136198.757
136270.534
136258.659
136277.099
136255.430
136293.351
136297.517
136311.216
136250.220
136271.317
136242.252
136242.565
136262.723
136283.923
136230.897
136286.163
136246.159
136310.072
136270.850
136288.716
136247.931
136251.524
136279.236
136300.123
136260.901
136250.328
136270.694
136285.539
136263.871
136468.735
136280.695
136254.495
136262.569
136304.865
136319.241
136326.274
136326.586
136304.292
136276.112
136280.905
136263.352
136277.051
136283.509
136254.444
136257.049
136294.031
136250.174
136281.791
136280.020
136289.500
136313.149
136300.960
136292.834
136305.179
136263.405
136274.864
136272.052
136291.428
136279.812
136288.824
136233.766
136270.594
136254.394
136293.200
136244.289
136316.692
136297.316
136325.391
136309.661
136280.074
136286.065
136296.795
136256.322
136281.273
136245.332
136290.701
136251.895
136277.731
136276.429
136282.523
136281.794
136275.387
136282.993
136299.401
136287.577
136279.816
136260.647
136267.835
136286.431
136277.993
136279.764
136273.305
136284.296
136276.587
136270.128
136273.254
136304.247
136296.277
136312.477
136325.187
136305.810
136301.747
136250.647
136292.163
136276.901
136291.538
136267.994
136278.933
136264.192
136257.420
136246.221
136271.224
136300.081
136306.905
136297.737
136325.970
136325.136
136285.861
136270.391
136281.434
136298.832
136286.435
136288.935
136271.225
136294.144
136279.247
136258.308
136255.807
136269.819
136305.969
136324.460
136315.918
136298.312
136260.132
136255.860
136242.213
136272.945
136250.964
136283.884
136265.549
136277.998
136281.801
136290.343
136292.062
136319.565
136295.188
136326.442
136318.367
136324.306
136249.038
136255.810
136271.175
136292.741
136297.585
136254.612
136290.398
136287.481
136291.752
136285.606
136275.552
136254.039
136294.513
136324.777
136328.579
136316.026
136294.461
136301.493
136286.752
136261.177
136273.575
136254.457
136287.638
136285.138
136250.968
136296.285
136280.918
136285.607
136284.409
136311.444
136317.799
136295.921
136314.099
136299.358
136260.241
136291.910
136283.942
136280.816
136261.283
136246.021
136281.754
136282.118
136271.024
136252.949
136288.318
136306.444
136312.643
136326.863
136284.724
136254.669
136272.223
136274.567
136302.799
136278.422
136254.565
136285.454
136266.754
136280.245
136265.661
136272.849
136245.190
136294.830
136330.146
136331.292
136299.988
136319.312
136296.706
136274.725
136276.183
136287.435
136243.941
136271.288
136271.287
136298.322
136280.924
136259.203
136277.434
136290.820
136309.834
136295.353
136286.081
136271.705
136275.351
136264.100
136251.599
136273.997
136256.288
136268.320
136287.124
136279.832
136257.538
136277.748
136287.541
136298.376
136277.541
136277.072
136284.260
136293.167
136285.562
136280.197
136260.508
136247.069
136276.031
136262.071
136261.602
136300.981
136243.736
136292.907
136307.649
136293.533
136327.495
136277.751
136259.624
136288.741
136272.959
136251.499
136278.428
136282.283
136277.803
136276.761
136283.741
136256.447
136301.452
136294.576
136307.182
136286.451
136264.417
136258.166
136267.438
136286.191
136289.732
136264.678
136257.959
136281.503
136251.500
136245.666
136329.530
136314.111
136309.944
136284.994
136343.385
136250.250
136270.617
136282.963
136279.629
136285.619
136276.556
136280.723
136289.005
136258.221
136266.972
136284.995
136262.024
136331.614
136300.465
136313.123
136309.268
136314.894
136270.098
136284.163
136269.265
136256.659
136295.830
136281.245
136282.183
136245.357
136289.268
136262.598
136263.432
136326.459
136320.000
136308.280
136307.395
136331.721
136261.713
136249.785
136277.132
136294.685
136283.487
136286.300
136267.860
136281.924
136265.516
136294.478
136290.415
136288.644
136267.705
136320.315
136320.940
136322.920
136321.981
136327.920
136278.331
136280.050
136233.952
136256.976
136302.240
136255.830
136243.745
136272.238
136268.279
136256.351
136310.367
136301.564
136299.689
136298.595
136286.771
136295.939
136305.159
136266.666
136734.056
136287.709
136309.118
136310.785
136295.731
136249.112
136252.394
136295.159
136262.968
136229.423
136259.426
136286.355
136259.425
136271.876
136301.931
136312.817
136286.565
136303.546
136277.554
136238.591
136292.035
136257.812
136242.863
136294.119
136258.959
136256.146
136286.669
136285.732
136264.377
136315.527
136322.195
136315.163
136325.476
136290.473
136302.870
136287.869
136238.854
136275.107
136274.587
136276.149
136267.920
136279.795
136300.371
136264.326
136297.715
136336.833
136335.479
136301.517
136316.414
136315.529
136308.810
136279.953
136266.671
136272.296
136229.636
136265.108
136274.588
136242.137
136266.880
136245.627
136289.850
136299.279
136307.665
136303.915
136268.912
136259.015
136249.170
136286.726
136252.868
136304.332
136318.031
136266.204
136280.840
136274.486
136259.172
136269.434
136326.731
136306.156
136305.948
136271.101
136271.622
136265.215
136299.489
136249.693
136264.017
136272.611
136278.602
136246.255
136233.754
136277.717
136307.303
136311.679
136313.345
136312.617
136236.099
136256.310
136267.508
136281.103
136281.989
136289.958
136275.374
136236.828
136263.289
136280.687
136299.387
136332.568
136301.887
136315.535
136294.543
136282.303
136240.059
136282.667
136237.194
136298.658
136269.020
136282.303
136309.910
136283.345
136256.624
136282.356
136278.657
136299.545
136329.965
136300.014
136330.017
136316.109
136269.282
136286.107
136259.645
136265.637
136266.262
136284.389
136264.646
136287.201
136294.650
136260.219
136251.938
136255.115
136289.911
136313.715
136324.445
136303.141
136278.034
136275.430
136264.231
136251.365
136278.764
136276.212
136272.045
136301.631
136269.388
136258.919
136262.566
136274.025
136299.392
136275.640
136260.274
136285.381
136271.004
136282.359
136253.033
136281.005
136263.868
136259.284
136260.639
136266.265
136291.268
136326.635
136322.937
136308.301
136292.257
136301.425
136281.736
136281.476
136267.047
136245.326
136265.901
136308.822
136292.414
136284.341
136254.703
136284.028
136241.837
136306.791
136330.335
136329.554
136298.822
136251.422
136241.577
136295.541
136256.422
136280.123
136279.393
136272.621
136257.881
136288.197
136267.101
136279.498
136308.563
136324.867
136280.176
136301.428
136279.655
136262.831
136259.028
136267.727
136292.313
136272.050
136265.904
136277.416
136276.270
136297.783
136276.635
136290.803
136320.493
136315.337
136289.449
136316.535
136291.689
136282.001
136284.292
136257.415
136257.155
136289.919
136251.842
136286.012
136262.728
136278.303
136277.573
136284.241
136313.671
136316.537
136336.487
136300.285
136271.741
136284.137
