44185.664
44459.962
45178.004
44496.841
44470.432
44298.175
44681.131
44161.650
44357.503
44836.614
43828.700
44165.505
45041.011
44902.454
44929.489
45311.975
44231.867
44833.594
44533.407
44332.398
44742.542
44142.326
44054.557
44742.127
44311.822
44346.566
44005.698
44169.256
45052.106
44964.545
44821.770
44354.430
43887.769
44452.097
44092.061
44556.587
44437.616
44403.290
43791.561
45024.030
44093.050
44614.770
44186.654
44777.859
44077.215
45315.413
44569.453
44819.738
43879.227
43919.126
44623.782
43876.414
43996.270
44571.276
44035.023
44242.545
44750.043
44876.879
44317.761
43569.507
43914.959
44073.309
43457.778
44441.106
44083.987
44708.373
44344.430
44851.200
44461.369
44733.427
44700.404
44964.805
44151.286
43630.817
44061.225
44466.058
44247.441
44700.873
44010.751
44390.945
44323.752
43888.499
45063.825
44241.035
43573.519
44603.467
43907.199
44939.855
44187.747
44651.440
45166.857
44743.325
43281.094
43830.263
43827.607
43522.056
44605.967
43870.685
44207.073
44397.717
43755.413
44416.052
44349.483
43806.355
44607.894
44532.835
44670.245
44779.110
43907.147
44407.145
44707.384
44580.652
44911.520
44758.119
43776.300
43799.167
44482.674
44407.770
44624.355
44804.060
44145.296
44098.364
44705.457
44345.993
44383.393
45303.538
44398.186
44442.306
43754.996
43277.344
44552.420
43989.915
43689.156
44142.692
43993.927
44471.527
44746.347
43930.118
44985.121
44034.973
44508.198
44102.532
44242.545
44261.505
44310.990
44926.678
44032.784
45080.182
44087.270
45097.893
44403.291
44013.616
44132.066
44296.249
44350.317
44284.893
44288.071
44949.909
44496.269
44105.188
44807.186
44715.197
44559.973
44691.914
44195.301
44550.806
45121.541
44660.505
44580.549
44760.723
44809.999
43880.426
44302.448
44918.031
44436.680
44461.422
44641.024
43408.555
44952.357
44391.936
44129.357
44723.012
44050.599
44910.843
43388.970
43919.909
43966.216
44653.786
43692.751
44190.926
44600.603
44245.568
44520.074
44776.871
44616.178
44871.880
44703.321
44762.598
44392.405
44108.522
44207.334
45164.462
44398.551
43775.051
44539.972
43693.793
44535.701
44445.431
44076.175
44124.409
44787.705
44162.278
43809.430
44430.742
43760.101
44793.747
44307.605
44767.078
44451.942
43784.739
44048.673
44125.191
44895.061
44604.302
44750.774
44506.011
44635.242
44465.590
44518.773
43831.724
43798.179
44487.467
44101.126
43818.389
44058.570
44240.203
42952.885
44571.694
44992.779
44210.981
43649.101
44776.351
44950.951
44492.624
43847.715
45376.411
44274.320
44031.379
43952.361
44426.836
44919.333
44637.170
44402.771
43867.040
45166.182
44792.342
44248.068
44635.451
44698.010
43715.566
45383.235
44916.260
43961.268
44269.841
44748.848
44381.050
45187.851
44117.222
44606.333
44464.132
43545.081
44390.530
44451.162
43872.353
44147.329
44184.416
44366.570
44795.623
44370.789
44142.224
44989.654
44726.867
44611.647
44151.079
45132.533
43745.205
44835.784
44685.457
44608.834
44392.927
44135.192
43884.906
45728.322
44812.344
44287.864
43935.954
44854.276
44899.280
44158.215
44898.655
44524.815
44975.226
45325.625
43645.612
44757.078
45209.156
43322.141
45021.532
44419.544
44538.046
43994.918
44860.265
44859.120
45075.027
44217.545
45377.090
44844.796
44314.325
44226.713
44590.447
44462.153
44424.024
43660.092
44391.885
44523.305
44794.218
44517.106
44288.021
45295.883
44365.841
43950.539
44067.061
43827.818
43918.921
43981.740
44249.944
44773.642
43848.237
44651.703
44731.346
44747.390
44366.518
44160.612
44465.590
44843.181
44779.634
44118.993
44128.786
43830.162
44259.841
44858.287
44357.611
43936.631
44319.795
44818.595
44931.159
45020.960
44090.813
43805.108
43692.596
44191.762
44123.629
44765.778
44370.842
44849.797
44249.684
44262.550
44214.263
44307.919
44187.699
43939.809
43831.934
43827.142
44005.753
43913.972
44872.924
44274.843
44271.978
44802.240
44092.325
44437.828
44589.562
43484.086
44705.251
44280.468
43848.289
44149.466
44920.898
43614.515
44525.650
44036.902
44997.156
44765.465
44826.096
43679.106
43868.552
44194.991
43571.803
44717.700
44554.350
44647.641
43787.502
44668.581
44094.773
44286.302
44555.288
44754.631
44600.762
44025.911
44837.661
43679.783
43786.356
44625.712
44297.397
44592.844
44180.928
44125.296
44668.059
44810.366
43695.514
44078.105
43899.076
44786.926
44722.493
44164.780
44540.131
44956.006
44283.177
43899.389
44528.046
44718.222
44664.310
44768.903
44528.515
43928.402
43919.859
44254.685
44763.799
44857.975
44806.876
44026.433
45261.766
44206.556
44225.776
44097.585
45098.155
44323.233
44229.995
43974.500
44269.426
44954.235
43492.941
43789.118
44493.824
44213.484
44027.319
43683.117
44102.013
44311.149
45183.060
44115.088
44528.619
45112.533
44586.959
44088.314
45435.430
43711.297
44314.222
44145.143
44597.012
43871.052
44419.703
44251.352
45298.385
45636.544
44484.344
44722.806
43828.653
44842.401
43606.599
44607.950
45268.017
44343.809
45062.893
45129.305
44551.278
44476.791
44253.748
44280.470
43873.397
44406.576
44932.514
44606.492
44085.189
44553.206
44807.867
43482.004
44211.400
44351.778
43482.629
44394.856
44610.608
44530.756
44717.441
44789.271
44273.698
44242.705
44041.122
44260.780
45037.941
43886.836
43754.426
44582.896
45239.108
44026.590
44416.994
43526.070
44548.362
44255.624
44084.512
44127.017
44112.745
44789.688
44753.851
43819.329
44586.126
43810.839
44690.563
43856.781
44227.704
45031.431
44877.822
44160.301
44763.539
44965.122
45689.310
44357.874
44256.978
44042.894
43937.206
44086.753
44808.909
44648.580
44303.285
44376.417
44972.571
44687.022
44120.610
44369.229
44578.886
43631.654
43922.570
45049.766
44284.949
44862.247
44268.906
44217.495
45077.790
45442.723
44639.412
44536.017
45118.680
44316.724
43707.339
44009.245
43911.318
43901.838
44493.096
44950.381
44446.060
44408.035
44707.180
44634.152
44305.993
43913.922
43631.290
44823.598
43938.821
44244.320
44337.403
44294.898
43940.904
44382.511
44051.229
44442.935
44557.217
45024.973
44444.549
44723.119
44485.751
44483.043
44327.298
44331.622
44899.022
43773.440
44508.671
45010.701
44157.020
44870.269
44664.519
44229.684
44448.456
44707.336
44480.439
43698.276
44779.271
44921.108
43860.845
43700.047
44420.849
44204.838
44771.979
44744.372
43915.330
44585.970
44188.691
45270.102
45230.618
45209.054
44578.886
44408.400
44947.257
43871.783
44639.569
43553.418
44924.911
44835.892
44568.625
43783.129
44010.600
44601.962
44101.703
44759.426
44869.384
44603.576
43506.435
44590.867
45000.543
44271.512
44407.202
44906.211
44409.495
44579.304
44926.317
44889.751
45423.242
44395.117
43250.784
43234.167
44232.966
44177.179
44091.181
44396.420
44345.061
45025.807
45323.337
45095.241
44968.458
45059.300
44217.027
43583.474
44579.928
45585.186
45273.697
44566.802
44892.720
44039.926
44668.375
44975.958
44152.542
44010.287
44336.987
43251.982
44235.936
44940.486
44725.985
44355.374
44417.204
44933.402
44689.002
43832.613
44919.963
44481.325
44316.933
44398.400
44101.963
44432.361
44436.373
44188.795
44920.536
44125.507
44318.287
44248.801
44061.751
43980.129
44552.999
44489.191
44262.709
44186.868
43241.616
43947.834
44932.986
45008.253
44763.905
44305.630
44289.274
43889.078
44228.591
44176.867
43989.713
44197.546
43832.770
43783.650
44563.677
45466.737
44113.215
43793.495
44579.825
44114.465
44185.410
44431.632
44382.096
43588.631
44015.236
44648.790
44842.196
44533.361
45177.958
43898.453
43993.255
44186.972
44871.469
43991.744
44378.502
43748.699
44260.990
43607.487
45251.403
44077.482
44949.549
43660.669
43975.336
44125.717
44941.736
44005.652
44011.850
44408.349
44673.012
44327.820
43925.852
44153.844
44124.154
44649.102
44870.896
44500.025
44142.176
44964.083
44279.899
44301.411
44433.144
44061.387
44306.620
44088.838
43676.452
44475.023
44639.049
44948.196
44639.675
43568.681
44610.350
44484.816
43949.658
44389.598
44008.153
43508.571
44193.953
44743.957
44712.495
44872.511
44155.199
44773.543
44308.391
44676.710
43966.691
44896.107
44603.265
44507.631
44056.075
43864.753
44127.905
43905.695
44015.966
44656.865
44988.929
44239.635
43981.276
43896.370
44882.512
44165.044
44184.160
44103.683
44835.633
44252.136
44960.593
44521.382
44183.952
44293.807
44979.136
44330.581
44858.135
44289.327
44371.836
44559.563
44870.220
44240.417
44181.139
44586.285
45070.239
43696.871
44388.817
44575.554
44824.278
44619.205
44754.270
44308.079
44072.274
44215.830
44318.498
44240.000
44459.032
44077.744
44458.459
44283.233
45004.296
44810.005
43916.737
44687.962
45423.245
44499.088
44550.761
44430.331
44297.922
44136.968
43820.165
44101.756
44123.842
44571.752
44704.005
44470.596
44560.657
44803.130
44104.569
45174.678
44031.229
43901.633
44904.129
44289.224
43992.631
44354.126
43688.069
44939.081
43625.094
44164.941
44313.132
45174.678
44034.302
44467.939
45249.477
43386.632
44322.456
45322.297
44259.377
45240.257
44854.073
44394.442
44709.370
44535.707
44301.308
43746.617
44363.658
44316.570
44394.704
44104.257
43864.337
44770.835
44567.481
43853.815
43856.263
44555.292
43683.798
44227.551
44292.193
44690.410
43877.776
43764.796
43934.865
44764.741
44289.224
44507.423
44064.150
44541.594
44105.768
44559.512
44264.638
44269.951
44302.195
44567.481
44633.686
44146.449
45006.484
44689.004
43686.559
44982.419
44158.064
45166.761
44533.780
44625.456
44413.351
43442.784
43849.805
44956.218
44548.886
44769.951
45012.996
45276.668
44521.800
44128.740
44465.440
44613.007
45325.370
45044.092
44180.724
43681.923
44552.063
44593.838
43962.160
43731.303
44741.823
44916.423
43943.148
44301.257
44658.740
44235.261
44804.642
44442.052
43219.898
44340.740
44397.569
44823.393
44316.258
44311.935
44728.748
44994.140
43610.406
44751.824
44103.268
44267.868
43964.244
44450.595
44932.936
44171.348
44599.152
43512.584
44477.733
44711.351
44528.311
44512.477
43807.040
44105.508
43770.683
44357.513
44429.187
44534.354
44659.574
44457.627
44560.762
44648.897
44681.661
44543.469
44048.471
43941.325
44685.880
44178.901
43991.695
44789.953
45085.764
44279.536
43639.264
44173.796
44303.445
44091.444
43807.093
44054.149
43974.974
44391.423
44461.899
44969.762
43759.588
44859.491
44191.767
