1802144.031
1795822.572
1794590.951
1796488.344
1796071.494
1793525.053
1795237.063
1796348.753
1796660.257
1794918.844
1798752.268
1798251.033
1796234.228
1794755.864
1795367.241
1796359.648
1796849.190
1797367.955
1797612.316
1798077.012
1795568.386
1795306.394
1797990.690
1798283.858
1795373.576
1797282.690
1796916.259
1798730.780
1797926.441
1793488.294
1794571.648
1793615.105
1795412.644
1795854.942
1795757.810
1795217.560
1796070.992
1795782.955
1794121.132
1794194.433
1793485.208
1792027.885
1793428.300
1794143.854
1795742.362
1797401.398
1796348.542
1793890.701
1794957.540
1794435.364
1794224.887
1796293.495
1794654.173
1795030.629
1795767.696
1793663.588
1792070.730
1794434.367
1796122.832
1796723.009
1794385.284
1795115.005
1792885.467
1791885.845
1793907.365
1795104.426
1793685.073
1793312.339
1794124.412
1796102.906
1794898.368
1794242.323
1792624.357
1796767.342
1799833.394
1799107.134
1797415.098
1795266.713
1798791.875
1794663.653
1795014.951
1795684.613
1794760.676
1797362.826
1797631.354
1795748.517
1795434.434
1796332.556
1794077.702
1794510.361
1793909.998
1793660.765
1795807.296
1795740.581
1796956.028
1797569.694
1794862.294
1796206.035
1797947.681
1795695.013
1796110.171
1796440.683
1798579.870
1796951.537
1799762.302
1795964.321
1794923.600
1795289.585
1794653.749
1794426.860
1792023.396
1793638.832
1795232.337
1797398.401
1797544.102
1798789.396
1795904.164
1796971.990
1798532.576
1796787.355
1795688.294
1796562.560
1795657.685
1793431.530
1798271.616
1797516.445
1796976.972
1793731.338
1796105.600
1794384.548
1795171.044
1796131.255
1794963.281
1795536.317
1793682.022
1794425.597
1794954.879
1794444.106
1796090.585
1796237.641
1797017.156
1799544.611
1796342.470
1795701.475
1798928.168
1797928.075
1797589.664
1797719.790
1794607.137
1794766.328
1794711.018
1796010.327
1792250.420
1794415.233
1794352.370
1794450.409
1797555.684
1796290.458
1796983.766
1795617.281
1795402.060
1800666.304
1799837.009
1798426.143
1800224.096
1796933.194
1797244.485
1795892.271
1801627.084
1799931.711
1796241.706
1794826.674
1793535.560
1794985.925
1794598.236
1796843.369
1796988.757
1796534.292
1797019.297
1799642.021
1800505.190
1801680.996
1799200.176
1796400.939
1795506.532
1795498.882
1794300.643
1796797.000
1797343.365
1796433.124
1799120.333
1796873.809
1798473.042
1797567.488
1797034.941
1794421.503
1796414.735
1798604.863
1797271.609
1795901.789
1795482.638
1796185.635
1794317.220
1794234.668
1796287.957
1795727.178
1797363.238
1795163.697
1794793.093
1794739.761
1794746.853
1797276.598
1797056.634
1795125.974
1798066.075
1794776.004
1796275.957
1797532.187
1796719.870
1796948.338
1800379.998
1797775.728
1793274.127
1795002.332
1795098.337
1797639.594
1800681.841
1794456.625
1793406.889
1796594.774
1798422.415
1795807.623
1794435.927
1794535.318
1793800.353
1796180.656
1797014.549
1797036.226
1799221.872
1796286.369
1796053.070
1797827.373
1796182.315
1794087.783
1796883.389
1797033.202
1798188.327
1796414.713
1797354.086
1799121.305
1802107.972
1798984.533
1799440.262
1797470.535
1796435.851
1795429.660
1798310.274
1796737.619
1797301.485
1796204.712
1794877.341
1796052.052
1795156.757
1797689.940
1797997.945
1799104.315
1796044.892
1797837.478
1797041.151
1796883.485
1795874.777
1796535.293
1795399.653
1796064.258
1797108.529
1797104.904
1796644.889
1795088.124
1795650.428
1795856.141
1794418.804
1795387.233
1795516.800
1796338.914
1797564.811
1795323.657
1794500.691
1794267.153
1793248.440
1795182.255
1794380.017
1794902.626
1795533.999
1800072.870
1795668.254
1796993.375
1795656.612
1796231.208
1797394.490
1797363.717
1797797.148
1798083.796
1797151.393
1795315.106
1797694.424
1795175.372
1795190.433
1797862.176
1794763.909
1796436.293
1796536.983
1796239.777
1796704.411
1798229.959
1796247.717
1797090.707
1797311.980
1797781.403
1794950.808
1796764.607
1797488.472
1797492.380
1797420.090
1797240.495
1797903.676
1798698.066
1794306.659
1798255.325
1794860.721
1793274.233
1793409.243
1794320.203
1793008.585
1795605.571
1796100.193
1793463.876
1798663.891
1799549.592
1798518.409
1797843.609
1796947.591
1798706.328
1796458.117
1795869.574
1797339.795
1799608.001
1796369.440
1796438.557
1796265.776
1795704.159
1796213.673
1798271.234
1794778.068
1796957.933
1796696.288
1796883.637
1796606.988
1797708.897
1797939.795
1796189.062
1794045.535
1795931.048
1795811.132
1796838.657
1797379.316
1796278.949
1794826.572
1793834.131
1795762.775
1798487.160
1799315.914
1797850.565
1800655.845
1800635.519
1796166.578
1797701.693
1797311.592
1799493.065
1796916.268
1797106.111
1797555.194
1796642.233
1804503.935
1800331.946
1798189.868
1800540.260
1801956.456
1796651.240
1794754.966
1796230.751
1794150.967
1794981.330
1794370.266
1798727.866
1797962.048
1794004.183
1798872.291
1798668.032
1796180.090
1797553.154
1796686.857
1795037.002
1793931.308
1794904.758
1798873.830
1798169.160
1801739.811
1799855.663
1800757.855
1799796.184
1794030.184
1794029.428
1797616.226
1797020.473
1796297.258
1797611.043
1795209.451
1800008.384
1800249.890
1797962.423
1798673.915
1798510.903
1802685.875
1798504.544
1795466.488
1797393.241
1796341.712
1800776.550
1799059.652
1796789.526
1796129.332
1797661.050
1796918.868
1795783.217
1796069.670
1795515.525
1795411.576
1796005.710
1795903.742
1795412.677
1795452.021
1794220.159
1796541.579
1794820.196
1792559.076
1793916.193
1794771.597
1795910.620
1795300.532
1796961.791
1794357.408
1793038.608
1795556.503
1795887.122
1797229.029
1802887.465
1796478.157
1794561.750
1795669.415
1795001.351
1797812.969
1795347.761
1794370.082
1793054.509
1796087.608
1796922.121
1795034.620
1795699.952
1796413.570
1799016.786
1798733.125
1797747.423
1800985.276
1799046.780
1798099.520
1795854.849
1795422.841
1798188.723
1797867.714
1795747.276
1795490.698
1796875.675
1796062.017
1795595.785
1797126.924
1794797.294
1795348.392
1796082.580
1796243.851
1797138.943
1797362.251
1798433.031
1796329.462
1798963.091
1798548.271
1800522.935
1799496.910
1798448.382
1798280.977
1799357.906
1798344.537
1797434.407
1796730.753
1798532.535
1801504.166
1800040.652
1799845.221
1797799.257
1796479.661
1795211.113
1794368.018
1793760.414
1795213.152
1794937.139
1794679.828
1796150.068
1796613.654
1797600.672
1801269.602
1798173.333
1798705.675
1797631.098
1792591.471
1796494.745
1798169.587
1797845.028
1796440.783
1795200.826
1794593.113
1796755.031
1795471.684
1796229.147
1800050.174
1799490.225
1798530.658
1795006.687
1796362.331
1794234.841
1793098.848
1795436.822
1796912.008
1797334.388
1794758.783
1797292.502
1795109.122
1795295.804
1797008.874
1795344.342
1795140.724
1796359.792
1796666.797
1795463.764
1796862.586
1796561.980
1798173.583
1798993.864
1797161.866
1796375.329
1797192.377
1796374.641
1796688.780
1798299.808
1795463.810
1797361.270
1797176.299
1796053.742
1796060.037
1795075.251
1797377.957
1798470.291
1797970.604
1796414.305
1798054.501
1799230.175
1799629.319
1798041.300
1799587.581
1800936.240
1799431.767
1800159.638
1796603.259
1796704.041
1798734.376
1798660.037
1795418.944
1794600.318
1796735.298
1795365.368
1795950.464
1796195.737
1797129.409
1795160.516
1795910.575
1795337.802
1795922.533
1794787.469
1796895.103
1796872.172
1795599.332
1795367.372
1794405.396
1795995.168
1801248.772
1798391.722
1797462.195
1799169.271
1799104.668
1799181.694
1798970.566
1797497.759
1796227.785
1796169.120
1798036.677
1796568.192
1796951.651
1797011.227
1795881.941
1798213.916
1794656.640
1795668.335
1796357.397
1798536.545
1797762.030
1796975.482
1798006.292
1798017.112
1801416.064
1800777.237
1798975.802
1798236.029
1800515.499
1799976.058
1797161.559
1796866.930
1797878.675
1796564.577
1797320.310
1795769.313
1799583.301
1797001.374
1794929.911
1797749.901
1797943.704
1796728.727
1798403.816
1795636.765
1797523.750
1796494.884
1798708.825
1795998.499
1795501.766
1794903.568
1796572.560
1795949.618
1795793.803
1795906.815
1797559.610
1796171.543
1795430.515
1800388.308
1798756.572
1796038.327
1800391.636
1796986.397
1796870.377
1796074.448
1795826.229
1794207.252
1799223.905
1801930.859
1797457.081
1796089.536
1794695.581
1796653.245
1795763.816
1796396.824
1798525.182
1799528.330
1795342.389
1796842.092
1798288.458
1796435.085
1795954.079
1796148.815
1799894.617
1795545.275
1794324.773
1793960.341
1794850.246
1793732.616
1794253.424
1796050.761
1796311.127
1796274.017
1795999.853
1796418.567
1798810.179
1799456.727
1797418.228
1798986.009
1799104.591
1798925.800
1798661.169
1798194.068
1796358.764
1792860.073
1795013.223
1795450.480
1795659.902
1794410.852
1795971.445
1798665.792
1801102.407
1797843.268
1795826.435
1797636.113
1798106.602
1795830.735
1794779.724
1794840.433
1798815.422
1798906.655
1801084.911
1796984.962
1800787.903
1796515.593
1797506.964
1800035.931
1796677.196
1798605.115
1797499.930
1797252.223
1795674.442
1797763.573
1799959.434
1796434.590
1795560.832
1795512.468
1798705.247
1798583.437
1799823.528
1797855.030
1795042.286
1794828.175
1794351.747
1796333.471
1795692.600
1795207.943
1798316.547
1796799.653
1798335.971
1796977.582
1794453.249
1798378.858
1796261.542
1795882.675
1798132.185
1797263.688
1796315.912
1798935.926
1795871.695
1794701.918
1793885.144
1794298.904
1795479.718
1796854.299
1796111.125
1795195.019
1794838.860
1795198.135
1794819.527
1794417.843
1794848.168
1797042.776
1795946.442
1797895.922
1797726.344
1798306.578
1795509.664
1793533.869
1793470.394
1794263.565
1795469.224
1797394.118
1796421.702
1795997.462
1796938.564
1797859.195
1797266.918
1795359.932
1798388.266
1795074.737
1797469.938
1796706.967
1793765.297
1793394.657
1795418.518
1799274.797
1800926.487
1801381.186
1800610.558
1797547.000
1796694.490
1796556.736
1793890.560
1800063.885
1801850.171
1796980.553
1796152.680
1798703.519
1793862.548
1794285.525
1796137.026
1795908.430
1797064.498
1795998.475
1795440.002
1796080.084
1794834.097
1796472.347
1797757.697
1796459.153
1792382.995
1794604.948
1793288.693
1794095.664
1795074.891
1794214.148
1793932.786
1793826.594
1793437.148
1793543.061
1795217.252
1794669.144
1794080.822
1797120.979
1794302.754
1794297.563
1796012.122
1797052.292
1792288.252
1795381.643
1795968.020
1795455.591
1799394.897
1797370.498
1796900.730
1797365.011
1797791.423
1797485.681
1796199.479
1796192.880
1795398.028
1793403.684
1792532.939
1793897.359
1795487.112
1793398.436
1794819.268
1797835.775
1797449.139
1797609.014
1800179.749
1798865.419
1800696.706
1799001.975
1798506.368
1798867.982
1799161.152
1795291.259
1797086.085
1800475.649
1797786.340
1798509.395
1796147.618
1793878.974
1795049.156
1796066.718
1795076.429
1796625.031
1794934.100
1796487.912
1795574.037
1793994.627
1794111.945
1795025.277
1795851.570
1794442.281
1795112.778
1795547.627
1796618.891
1797733.753
1796640.485
1800440.088
1801390.403
1798355.955
1797887.642
1795940.591
1797476.798
1793917.662
1796571.007
1797788.536
1798126.552
1796116.474
1793318.037
1795063.013
1794335.976
1795188.469
1792574.999
1795519.258
1793975.319
1794657.846
1794883.403
1795082.342
1793973.496
1794827.135
1795587.326
1794316.382
1794010.324
1799001.346
1798553.503
1798097.325
1796190.172
1796581.109
1795359.023
1795044.422
1794338.532
1799061.142
1797635.390
1793915.508
1792343.179
1796355.563
1796780.253
1795352.834
1795695.640
1795486.934
1795772.859
1796463.564
1794655.796
1794474.123
1795506.997
1795645.408
1795759.858
1793823.744
1795086.015
1796093.677
1794871.434
1794922.232
1796691.010
1796585.804
1795304.179
1796342.522
1795118.039
1794874.172
1796228.119
1794172.513
1794756.279
1795071.946
1796461.937
1795472.633
1795494.469
1796635.478
1796410.050
1795574.823
1795031.084
1796805.279
1793517.571
1796466.778
1795404.341
1796772.142
1795321.074
1794128.468
1795509.135
1795640.149
1795485.977
1796648.915
1795885.308
1796001.007
1797694.674
1796524.361
1798417.006
1797609.281
1795404.751
1798624.662
1798443.092
1798464.823
1795448.548
1797926.614
1795961.015
1797021.128
1799182.341
1799140.576
1795628.730
1796301.307
1796497.899
1795533.856
1793121.493
1796259.937
1794905.647
1795648.959
