992840.408
993483.860
993146.121
993335.726
993368.388
993689.933
993254.685
993483.460
993418.822
993336.889
993524.932
993970.187
993780.015
993461.028
993329.039
993377.953
992932.756
992746.335
993024.072
993321.969
993337.338
993665.238
993561.272
993643.991
993323.859
993378.606
993317.614
993570.037
993324.808
993744.644
994249.904
993886.434
993540.622
993903.109
993574.485
993707.938
993737.996
994008.599
993566.475
994040.430
993772.542
993223.220
993799.842
993727.910
993649.052
993865.795
993821.678
994115.512
993570.565
993492.331
993449.360
993676.053
993698.140
993816.904
993592.459
993733.725
993779.982
992993.709
993595.595
993760.353
994077.627
994034.812
994006.635
993526.851
993730.624
993731.564
993637.339
993803.086
993624.269
993412.845
993541.142
993855.290
993841.906
993997.966
993617.149
993930.777
993502.768
993373.644
993934.535
993610.859
993579.609
993770.151
993944.494
993797.034
993596.912
993907.258
994105.510
993504.098
993796.786
994195.630
993997.436
994171.518
992989.425
993615.635
993722.784
994098.604
993549.334
993535.949
993642.369
993552.570
993787.545
993373.704
993739.211
993546.538
993427.154
993520.343
993467.579
993333.663
993306.840
993448.575
993635.366
993242.934
993507.286
993304.664
993944.730
993955.826
993634.339
993675.179
993748.782
993832.595
993850.464
993922.557
993952.562
993901.153
993769.163
993568.052
993753.437
994022.737
992994.774
993989.040
993787.929
993130.262
993535.877
993744.338
993903.054
993835.237
994146.260
994116.363
993655.070
993714.193
993987.919
993811.082
993167.010
993348.958
994060.175
993928.342
993432.306
993902.667
993746.560
993469.139
994382.773
993771.100
993933.306
993970.187
993806.736
993572.131
993627.451
993452.905
993717.621
993998.224
993929.626
993895.875
993838.214
993746.073
994007.767
993753.109
993848.693
993655.708
993673.836
993898.288
993763.693
993670.144
993683.898
993615.977
993885.016
993679.217
993881.895
993679.950
994167.813
993865.389
993946.545
993529.787
993645.999
993730.749
993662.359
993782.112
993720.129
993602.099
993850.354
993489.227
993277.855
993133.310
993635.758
993721.811
994012.467
993739.212
994121.179
993390.067
993683.172
993578.527
993596.136
993927.473
993568.011
993640.364
993712.353
993844.711
993685.635
993698.555
993828.049
993767.525
994115.790
993465.937
993808.524
993666.325
993791.756
994026.624
993526.057
993912.711
993726.549
993562.264
993769.578
993587.947
993717.546
993395.276
993730.051
993757.607
993837.982
994027.951
994041.287
993307.675
993655.888
993919.302
994104.009
993443.112
993350.032
993101.624
993774.453
993710.907
993613.243
993731.121
993897.702
994211.276
993293.896
993880.258
993761.498
993617.475
993637.584
993537.835
993720.668
993851.256
993822.036
993665.355
993676.921
993721.146
993730.576
993848.923
993954.300
993616.456
993841.376
993711.208
993810.907
993637.350
993853.467
993886.441
993729.240
993862.119
993712.940
993697.419
993750.187
993648.199
993948.491
993431.670
993812.960
993857.237
993938.862
994006.786
993687.225
993570.810
993385.793
993524.663
993330.010
993679.265
993577.954
993520.034
993438.048
992901.434
993632.133
993590.568
993840.751
993767.934
993626.514
993565.729
993254.398
993603.132
994234.395
993916.292
994120.897
993717.213
993647.364
993842.280
993900.934
994011.468
993915.209
993807.597
993456.834
993696.130
993640.605
993809.791
993886.571
993457.988
993624.985
993580.086
993672.442
993888.506
993744.327
993474.146
993340.957
993662.969
993646.563
993859.867
992842.476
993241.788
993882.270
993579.846
993848.051
993980.722
993935.459
993482.291
993772.686
993680.647
993193.777
993302.175
993895.828
993977.193
993647.891
993651.174
993720.713
993669.564
993695.298
993963.971
993769.319
993654.569
993652.123
993932.151
993832.977
993808.601
994035.083
994002.634
993677.239
993873.509
994056.393
993695.265
993716.206
993723.866
993662.351
993335.496
993928.369
993625.424
993833.675
993717.884
993538.389
993735.650
993368.739
994133.765
993709.141
993579.442
994056.886
993794.726
993909.635
993756.600
993735.975
993999.440
993741.499
993760.825
993351.099
993783.019
993985.175
993536.903
993626.340
993663.064
993743.022
993622.855
993933.928
993498.210
993642.600
993792.044
993832.153
993741.989
993688.861
993730.741
993901.853
994034.420
993732.673
993844.664
993548.595
993402.332
993467.079
993682.883
993822.012
993846.704
993722.787
993347.855
993646.844
993899.266
994168.983
993705.553
993827.910
993656.748
993555.489
993774.107
993523.927
993421.730
993916.000
993740.202
993527.318
993776.823
993811.567
994010.339
994074.878
993401.948
994024.458
993932.315
993467.844
993749.487
993817.828
993942.114
993868.409
993534.420
993834.607
993485.094
993822.890
993550.363
993782.314
993725.331
993601.987
993681.735
993521.877
993657.309
993789.094
993551.936
994102.930
993771.544
993629.395
993715.395
994007.405
993740.453
993948.860
993841.767
993535.696
993921.152
993897.558
993636.699
993625.866
993752.182
994082.164
993723.067
993446.478
993391.006
993790.838
993690.881
993626.398
993844.649
993774.956
993593.064
993441.071
993529.884
993660.001
993269.131
993797.778
993700.321
993769.393
993214.859
993401.546
994066.821
993883.835
993766.585
993823.051
993647.097
994110.529
993701.011
993710.753
993463.385
993830.558
993866.709
993912.079
993975.472
993329.836
993457.663
994071.996
993726.911
993611.119
993807.545
994007.515
993979.232
994009.080
993616.698
993553.828
993759.580
993644.360
993979.603
994100.918
993684.889
993554.929
993916.893
993889.391
993736.877
993413.774
993495.189
993276.210
993597.493
993672.345
993961.126
993523.948
993607.394
993516.657
993682.248
993853.880
994014.940
993619.797
993253.251
993996.815
993803.256
993805.601
993529.429
993841.649
993920.668
993928.742
993908.793
994091.730
994087.043
993691.588
993644.188
993567.619
993012.097
993466.726
993703.625
993771.602
993785.199
993466.262
993643.416
993427.718
993799.631
993811.300
993853.493
994030.751
993966.371
993808.960
993410.380
993501.432
993598.004
993664.106
993544.356
993668.744
993602.645
993952.889
993679.946
993619.576
993536.704
993808.451
993928.933
993743.916
993751.418
993731.261
993820.073
993460.246
993769.914
993857.892
993589.533
993577.761
993778.407
993701.110
993849.667
993645.481
993775.494
993767.838
993666.475
993605.533
993257.686
993534.278
993871.395
993782.013
993861.865
993617.154
994042.562
993959.221
993959.170
993557.568
993569.394
993735.245
993398.910
993753.165
993579.503
993863.282
993327.709
993807.028
993794.736
993382.457
993332.453
993975.121
993714.732
993535.080
993805.108
994058.988
993804.485
993825.633
993955.335
993708.332
993768.130
993722.710
993712.658
993519.358
993741.829
993855.696
993458.365
993318.249
993941.384
993991.859
993779.756
993308.407
993707.979
993983.737
993717.669
993614.691
993261.636
993871.854
993625.111
993851.594
993794.245
993797.059
993657.879
993925.250
993807.583
993899.208
994218.875
994042.088
993566.104
993662.938
993784.044
993651.792
993452.867
993549.544
993756.024
993690.914
993507.459
993631.275
993881.456
994167.892
993762.071
993954.800
993923.079
993638.676
993418.812
993747.179
993663.473
993786.715
993575.862
993851.202
993872.091
993552.216
993556.228
993405.016
993682.700
993516.383
993737.135
993433.460
993701.873
994031.385
993571.080
993783.653
993308.764
993379.083
993668.853
993568.739
993507.849
993750.791
993659.011
993802.308
993799.652
993775.484
993985.454
993676.882
993914.615
993895.082
994256.889
993680.166
993220.746
993365.033
993714.808
993580.368
993734.863
993640.272
993369.204
993464.370
993186.583
993751.380
993679.082
993442.080
993765.758
993619.755
993623.402
993622.829
994048.394
994178.356
993666.222
993943.906
993648.669
993593.717
993752.952
993651.484
993790.197
993838.015
993963.705
993638.101
993891.876
993706.286
993758.584
993865.575
993582.005
993864.429
993738.481
993759.421
993850.524
993578.987
993561.747
993711.815
993863.237
993659.311
993920.327
993786.930
993984.502
993854.698
993620.509
993888.244
993964.190
993650.983
993523.314
994233.178
994142.230
993613.841
993997.853
993729.723
993756.098
993426.140
992963.305
993626.665
994021.561
993615.867
993868.721
993642.574
993830.787
993978.162
994059.437
994049.925
993503.436
993994.540
994031.124
993992.650
993848.852
993566.138
993844.149
993802.862
993243.195
992988.764
993690.354
993989.097
993651.429
993172.915
993524.214
993429.119
993188.438
993661.207
993656.016
993609.415
993641.727
993770.142
993649.368
994062.912
993683.573
994181.812
993663.294
993531.685
993933.457
993564.014
993911.667
993953.512
993663.451
993746.236
993561.654
993373.008
993824.003
993727.605
993652.668
993780.144
994021.694
993636.156
993478.814
993679.579
993700.222
993681.592
993828.549
993698.658
993992.868
993801.410
993528.693
993747.375
993955.172
993460.717
993976.821
993712.075
993482.279
993353.690
993755.150
993827.620
993904.102
993706.913
993327.207
993499.844
993654.509
993840.741
993899.929
993774.881
993984.240
993986.652
993844.103
993466.845
993592.602
993385.100
993992.983
993584.837
993852.065
993555.752
993761.724
993347.119
994176.272
993803.754
994130.050
993932.495
993265.732
993598.642
993585.376
993681.494
994030.708
993679.024
993429.486
993709.475
994130.622
993658.356
993642.588
993339.451
993950.772
993751.290
994154.832
993646.624
993700.654
993892.926
993426.806
993867.642
994005.273
993842.773
993935.818
993958.804
993876.363
993934.040
993703.461
993552.785
993924.657
993802.421
993546.631
993599.672
993844.970
993681.115
993933.184
993673.383
993781.793
993628.200
993824.534
993928.517
993971.192
993716.392
994004.349
993823.930
993522.459
994212.640
993747.404
993670.380
993753.371
993908.763
993909.975
993884.155
993897.764
993525.921
993187.675
993793.525
993782.966
994056.286
993629.230
993703.782
993699.577
993846.375
993797.687
993843.798
993850.688
993644.745
993927.129
994140.183
993987.995
993753.978
993976.355
993767.652
993556.396
993869.250
993702.530
993718.223
993825.173
993504.428
993627.056
993763.645
993798.662
993469.947
993887.760
993465.755
993675.579
993259.982
993684.825
993960.697
993684.227
993500.577
994093.718
993702.861
993486.396
993945.098
993837.809
993764.118
993729.076
993550.165
993693.317
993541.180
993754.859
993884.519
993406.155
993727.812
993619.898
993674.551
993890.261
993673.639
993974.617
993499.899
993443.552
993592.276
993623.073
993818.156
993758.892
993478.618
993748.968
993752.158
994151.842
993613.107
993719.224
993754.291
994086.210
993628.575
993426.902
993733.245
993923.014
994080.020
993980.180
993846.950
993698.563
994194.976
993671.502
993700.267
993820.238
994123.716
993913.969
993109.219
993407.539
993772.742
994066.687
993559.516
993924.562
993464.635
993903.751
993694.785
994014.461
993405.823
993771.494
993899.070
994031.229
994030.460
994092.769
993739.310
993718.069
993314.034
993559.797
993768.214
993853.337
994107.018
993463.585
993433.697
993931.776
