1783.655
1762.351
1750.630
1784.228
1787.301
1779.592
1771.206
1748.287
1786.467
1796.000
1790.739
1815.324
1758.861
1779.123
1798.083
1795.896
1781.728
1747.766
1801.990
1809.647
1782.457
1832.358
1822.773
1766.622
1799.541
1813.814
1785.321
1782.822
1760.736
1787.040
1788.239
1788.135
1759.694
1788.395
1796.156
1775.946
1888.925
1806.834
1738.963
1783.811
1788.291
1787.093
1806.209
1746.932
1771.362
1786.571
1963.307
1783.186
1746.255
1806.938
1793.135
1791.520
1789.020
1761.726
1781.832
1777.665
1787.509
1782.509
1813.501
1789.801
1804.698
1798.760
1783.239
1767.663
1785.270
1789.228
1781.051
1809.647
1755.788
1781.415
1787.978
1783.342
1778.603
1762.924
1787.301
1791.520
1782.613
1788.447
1765.060
1773.029
1770.372
1792.666
1828.033
1754.173
1779.123
1777.040
1835.482
1855.068
1742.141
1799.386
1773.446
1772.403
1778.185
1761.934
1804.177
1781.779
1789.697
1788.551
1742.505
1796.937
1790.062
1788.135
1780.946
1750.318
1772.924
1806.522
1781.572
1737.817
1752.767
1783.238
1818.085
1785.530
1812.147
1740.057
1793.500
1789.228
1798.136
1752.871
1780.738
1774.383
1774.071
1788.135
1757.610
1779.019
1814.387
1774.800
1817.825
1751.204
1834.701
1807.563
1777.196
1804.646
1761.569
1828.867
1784.801
1784.957
1779.696
1742.505
1782.665
1825.221
1793.552
1790.478
1753.443
1791.104
1779.332
1884.862
1793.447
1800.271
1754.225
1810.533
1786.259
1792.614
1792.458
1773.133
1780.790
1822.044
1791.156
1785.686
1764.851
1844.286
1792.041
1803.240
1825.950
1744.172
1815.793
1787.718
1830.273
1797.667
1763.236
1787.041
1835.483
1775.164
1786.937
1751.412
1779.800
1797.250
1780.217
1794.124
1755.632
1776.258
1785.374
1794.385
1790.687
1765.007
1774.644
1814.439
1794.593
1799.230
1755.892
1780.894
1783.134
1821.262
1799.438
1757.611
1790.009
1789.905
1775.582
1784.384
1774.123
1920.543
1803.657
1804.282
1778.915
1812.668
1763.601
1792.562
1916.115
1792.458
1792.562
1808.345
1755.476
1830.586
1784.696
1908.926
1790.530
1885.800
1769.696
1796.885
1791.833
1783.863
1789.697
1771.466
1788.395
1781.416
1785.217
1752.454
1752.090
1796.416
1778.186
1791.624
1776.832
1779.436
1790.374
1796.729
1786.207
1783.499
1792.197
1783.967
1786.676
1772.352
1760.163
1775.946
1786.468
1791.155
1776.363
1749.641
1791.468
1785.478
1786.311
1792.770
1782.301
1808.970
1994.299
1783.395
1788.968
1795.843
1738.598
1791.468
1785.009
1789.177
1801.208
1763.132
1784.904
1859.287
1769.331
1785.322
1782.353
1790.270
1785.686
1790.739
1775.373
1754.850
1812.564
1790.739
1794.333
1916.115
1756.101
1756.673
1782.926
1783.082
1932.419
1787.197
1753.652
1789.749
1803.344
1801.625
1780.895
1756.464
1771.726
1820.481
1788.030
1783.499
1775.425
1783.446
1782.249
1772.299
1788.603
1742.454
1791.885
1805.063
1801.105
1823.867
1788.760
1812.668
1788.551
1798.292
1799.437
1767.195
1784.020
1806.105
1777.873
1811.470
1781.519
1800.480
1870.955
1807.094
1786.103
1784.332
1755.214
1990.445
1797.042
1778.811
1778.237
1845.901
1760.631
1771.883
1785.530
1777.144
1771.518
1737.505
1787.614
1785.791
1820.273
1817.772
1744.954
1784.644
1790.948
1800.062
1809.646
1758.444
1787.562
1773.810
1792.093
1739.015
1796.416
1800.218
1779.071
1784.332
1745.526
1798.344
1784.228
1786.259
1817.460
1744.328
1783.342
1793.239
1794.541
1788.916
1753.391
1793.865
1787.770
1783.550
1780.686
1747.871
1776.883
1785.687
1784.592
1761.934
1754.693
1775.894
1777.613
1810.793
1743.234
1801.886
1784.124
1801.417
1784.697
1754.902
1825.638
1843.921
1785.478
1783.290
1791.833
1761.674
1786.884
1789.801
1807.772
1778.915
1756.308
1794.385
1782.718
1800.375
1759.538
1752.402
1792.458
1786.780
1886.790
1810.168
1813.449
1788.812
1799.646
1791.989
1798.865
1745.005
1797.823
1800.062
1784.853
1775.425
1768.081
1796.885
1782.040
1792.667
1812.407
1758.236
1791.208
1786.468
1791.676
1914.084
1794.125
1778.863
1832.878
1793.864
1794.594
1787.405
1753.235
1799.021
1810.949
1789.176
1791.676
1740.213
1795.166
1789.697
1801.104
1788.030
1762.507
1847.775
1800.740
1809.230
1782.873
1759.694
1790.583
1801.886
1789.853
1812.928
1754.329
1794.437
1783.811
1785.635
1785.165
1750.215
1803.761
1775.165
1784.124
1796.989
1761.152
1786.312
1787.978
1786.520
1795.687
1777.508
1773.863
1795.270
1776.362
1785.530
1807.564
1778.133
1784.123
1786.156
1800.063
1768.288
1787.249
1785.426
1816.158
1786.259
1765.372
1794.593
1788.708
1796.729
1800.375
1752.350
1790.791
1793.500
1785.009
1813.449
1755.214
1847.203
1794.385
1798.969
1788.655
1739.693
1783.082
1793.030
1792.770
1792.978
1776.832
1774.435
1786.780
1773.185
1801.209
1756.048
1795.948
1854.026
1783.238
1817.460
1743.704
1801.261
1835.899
1778.499
1793.240
1748.183
1789.176
1919.709
1800.271
1777.561
1771.779
1751.673
1779.175
1785.738
1792.770
1787.093
1765.215
1801.052
1786.884
1785.530
1754.746
1760.527
1774.695
1786.729
1771.414
1740.370
1800.896
1781.936
1789.228
1777.665
1759.746
1792.927
1791.625
1799.698
1827.721
1748.600
1796.833
1841.785
1854.078
1776.363
1789.645
1763.236
1793.031
1842.567
1801.052
1767.976
1759.434
1788.812
1790.270
1789.020
1784.384
1795.375
1800.792
1815.116
1801.990
1783.030
1746.933
1788.655
1791.677
1805.011
1840.379
1750.318
1775.373
1779.644
1799.386
1809.595
1797.615
1789.697
1806.105
1807.511
1774.695
1773.081
1784.332
1786.676
1805.167
1778.290
1759.799
1788.811
1796.156
1925.543
1958.463
1776.884
1787.666
1985.549
1760.163
1790.895
1802.927
1903.510
1798.656
1749.068
1806.834
1788.916
1787.509
1783.342
1768.810
1796.990
1781.623
1815.689
1787.822
1740.266
1814.803
1790.323
1774.695
1805.167
1784.905
1786.207
1798.761
1959.400
1797.875
1794.802
1806.990
1785.010
1788.864
1802.979
1786.312
1749.016
1785.895
1773.967
1786.051
1782.248
1755.319
1797.042
1785.895
1792.562
1792.197
1763.549
1783.290
1797.354
1779.905
1792.510
1754.017
1785.843
1785.634
1791.676
1799.229
1755.214
1785.217
1800.323
1782.874
1761.413
1806.938
1787.249
1817.981
1793.812
1802.927
1763.028
1836.368
1789.333
1813.293
1785.999
1756.048
1777.821
1807.303
1791.104
1843.504
1760.528
1809.491
1788.447
1876.216
1773.549
1785.842
1789.437
1829.596
1773.810
1784.332
1782.613
1744.537
1780.478
1795.947
1796.156
1758.757
1793.500
1852.151
1791.937
1778.862
1788.395
1747.871
1795.374
1798.240
1809.803
1786.780
1768.185
1804.594
1819.908
1791.780
1793.708
1756.829
1809.542
1785.426
1794.438
1788.395
1751.308
1790.583
1794.281
1790.010
1784.697
1762.976
1786.572
1801.886
1788.030
1790.895
1850.900
1773.810
1796.260
1800.479
1792.874
1758.288
1791.312
1799.906
1934.189
1786.051
1798.396
1769.123
1786.207
1777.925
1778.290
1843.087
1755.892
1801.625
1865.069
1777.717
1784.593
1762.090
1795.167
1803.344
1796.469
1784.905
1804.281
1798.865
1816.835
1783.811
1784.748
1751.465
1793.760
1818.919
1792.822
1774.540
1762.142
1782.665
1805.741
1790.791
1783.811
1761.674
1795.323
1799.542
1859.183
1779.748
1906.896
1753.392
1796.052
1775.268
1799.646
1794.489
1765.372
1833.191
1778.602
1782.144
1791.000
1756.100
1788.291
1802.459
1789.228
1791.364
1761.362
1797.667
1808.970
1802.042
1784.957
1740.786
1788.343
1786.572
1788.082
1781.415
1760.684
1775.634
1776.675
1788.447
1780.946
1750.319
1771.049
1790.427
1792.562
1738.963
1786.832
1830.378
1783.030
1800.584
1759.382
1800.531
1787.613
1778.811
1862.204
1797.718
1749.225
1783.342
1790.062
1821.211
1797.249
1760.528
1814.334
1785.894
1804.439
1776.206
1798.031
1780.477
1786.363
1809.282
1782.821
1766.518
1821.940
1774.487
1785.738
1771.518
1754.278
1775.945
1851.318
1785.426
1788.134
1780.790
1794.906
1778.863
1784.280
1790.166
1798.448
1907.156
1775.217
1802.407
1787.301
1749.850
1778.290
1927.887
1792.562
1806.365
1784.905
1741.464
1800.844
1789.749
1785.843
1787.718
1753.965
1787.405
1792.510
1783.030
1801.052
1786.051
1787.041
1796.729
1784.333
1741.151
1767.768
1776.050
1789.958
1800.844
1782.145
1758.183
1798.292
1775.998
1829.232
1779.071
1760.476
1773.915
1795.166
1828.868
1782.561
1744.328
1791.989
1785.322
1784.853
1762.455
1807.511
1807.668
1787.561
1792.823
1763.549
1776.728
1790.062
1774.384
1788.655
1750.110
1789.749
1793.448
1782.144
1797.042
1747.401
1792.458
1794.541
1810.897
1787.718
1768.341
1805.324
1776.519
1794.646
1789.801
1768.341
1786.884
1775.164
1786.312
1817.147
1815.481
1783.447
1800.219
1811.262
1792.562
1833.191
1765.945
1887.780
1779.123
1787.353
1800.427
1739.328
1791.729
1778.081
1785.062
1845.640
1746.255
1796.573
1793.344
1793.239
1789.488
1764.278
1837.618
1786.520
1776.779
1810.272
1740.787
1817.564
1775.425
1791.364
1791.937
1762.611
1788.187
1785.739
1789.749
1793.864
1760.372
1773.915
1922.314
1808.032
1824.336
1842.254
1764.382
1801.469
1843.348
1805.949
1792.562
1757.506
1775.008
1855.068
1788.031
1812.616
1783.342
1740.213
1777.404
1800.011
1817.408
1800.011
1745.318
1791.052
1772.195
1770.997
1760.684
1789.072
1824.492
1822.877
1800.844
1756.674
1752.558
1826.263
1772.769
1989.768
1789.593
1743.912
1811.261
1792.198
1805.167
1803.397
1785.165
1751.777
1782.561
1795.635
1982.423
1894.394
1792.197
1738.234
1782.405
1791.885
1791.416
1793.395
1802.094
1776.207
1789.905
1790.531
1788.916
1795.427
1789.488
1785.843
