304564.791
304604.119
304627.977
304573.128
304568.650
304605.687
304579.070
304606.833
304594.961
304544.487
304534.799
304662.678
304596.109
304594.390
304597.727
304531.316
304544.963
304526.682
304621.380
304641.850
304548.144
304570.389
304546.063
304566.117
304618.522
304623.054
304562.787
304644.673
304561.071
304584.720
304522.529
304572.118
304566.701
304585.037
304665.515
304632.179
304559.516
304570.301
304566.083
304608.743
304629.061
304646.041
304648.594
304630.573
304601.822
304531.920
304612.293
304584.741
304628.651
304613.234
304628.967
304645.010
304654.542
304646.264
304572.663
304683.871
304607.252
304651.736
304674.550
304635.903
304642.780
304691.795
304578.921
304596.269
304551.785
304630.023
304618.045
304659.768
304596.481
304707.952
304693.003
304584.504
304597.997
304617.948
304623.625
304617.533
304619.722
304607.637
304648.788
304630.351
304648.999
304634.831
304636.188
304521.751
304628.844
304639.889
304623.847
304639.890
304617.859
304641.039
304580.513
304647.917
304610.207
304597.966
304670.369
304589.114
304704.229
304733.867
304692.408
304716.212
304668.604
304728.924
304722.049
304762.470
304748.513
304769.818
304736.898
304700.698
304750.548
304712.264
304712.212
304774.095
304704.089
304719.820
304735.241
304791.965
304727.324
304767.590
304701.491
304714.253
304731.913
304712.224
304777.022
304733.738
304781.818
304784.891
304776.088
304745.463
304743.120
304696.188
304678.949
304718.277
304772.656
304697.651
304719.894
304729.478
304769.952
304725.055
304775.268
304789.645
304760.009
304724.589
304751.154
304717.247
304735.374
304734.125
304710.478
304749.806
304745.795
304741.422
304702.409
304757.987
304705.744
304730.904
304715.955
304785.545
304752.003
304737.002
304786.121
304738.411
304716.639
304750.235
304767.896
304803.629
304748.676
304746.021
304720.135
304699.977
304736.231
304729.722
304741.651
304730.347
304731.340
304791.814
304764.572
304663.680
304751.918
304762.128
304749.836
304676.706
304741.191
304738.692
304727.964
304748.643
304748.383
304700.881
304752.500
304757.397
304695.727
304731.981
304650.671
304777.978
304937.316
304643.174
304744.382
304724.590
304746.259
304710.736
304748.606
304728.136
304704.019
304733.660
304736.473
304742.984
304725.589
304751.947
304753.873
304781.482
304764.346
304692.048
304728.146
304688.248
304741.951
304738.046
304700.909
304762.998
304757.686
304745.656
304729.300
304720.080
304652.108
304674.558
304723.365
304680.134
304741.338
304722.743
304773.635
304769.209
304731.497
304725.143
304781.193
304745.251
304753.794
304684.155
304734.889
304668.007
304722.129
304700.774
304798.335
304703.068
304755.313
304735.677
304731.927
304766.411
304764.797
304690.987
304733.963
304761.675
304734.484
304781.887
304743.863
304715.371
304728.186
304718.708
304757.773
304759.077
304744.858
304709.022
304722.150
304676.158
304801.221
304737.414
304718.613
304740.281
304768.512
304739.659
304775.912
304790.236
304793.885
304696.428
304725.078
304714.088
304727.424
304744.561
304735.238
304737.480
304781.651
304774.411
304697.063
304723.784
304751.495
304793.688
304730.454
304702.274
304673.159
304759.210
304758.324
304727.697
304748.743
304639.775
304610.188
304662.227
304699.731
304752.549
304724.475
304695.046
304701.297
304692.392
304704.373
304736.094
304686.820
304727.763
304751.464
304710.106
304734.277
304713.598
304772.301
304764.178
304741.051
304712.038
304766.785
304804.133
304712.458
304735.274
304728.452
304724.545
304714.597
304729.705
304769.605
304754.969
304749.502
304700.278
304760.284
304576.884
304715.752
304689.186
304665.175
304719.504
304693.565
304748.571
304687.108
304716.173
304707.893
304718.521
304726.646
304733.105
304695.344
304715.606
304724.566
304699.253
304658.104
304704.827
304690.556
304709.934
304696.026
304755.357
304653.578
304700.040
304680.300
304654.206
304678.479
304640.871
304713.068
304689.316
304725.934
304728.906
304693.017
304730.521
304693.279
304696.927
304689.062
304638.380
304732.871
304747.507
304681.824
304742.145
304739.488
304760.480
304752.200
304747.981
304734.803
304686.311
304734.649
304696.417
304719.233
304728.037
304774.552
304709.598
304776.586
304719.341
304771.429
304767.109
304732.783
304742.159
304734.765
304672.050
304726.431
304741.695
304732.945
304741.123
304737.008
304748.209
304754.668
304735.448
304767.536
304749.827
304696.801
304722.587
304771.498
304754.049
304733.319
304722.330
304733.112
304724.310
304774.108
304784.994
304747.700
304680.508
304748.223
304750.202
304779.739
304713.066
304711.348
304727.289
304729.008
304750.521
304768.701
304735.522
304726.823
304703.333
304734.170
304751.099
304729.795
304776.520
304743.028
304650.727
304770.429
304728.029
304665.680
304717.666
304682.558
304723.188
304720.168
304771.737
304734.545
304741.005
304749.810
304765.176
304744.289
304789.087
304755.543
304718.820
304772.057
304757.628
304736.064
304716.065
304754.506
304716.638
304741.954
304738.726
304740.237
304737.998
304713.205
304801.339
304713.518
304687.841
304750.607
304741.492
304733.056
304754.673
304776.759
304755.509
304691.805
304727.121
304759.260
304745.407
304778.327
304756.398
304749.368
304791.142
304750.878
304757.184
304759.059
304722.129
304725.047
304746.561
304745.623
304714.528
304732.343
304747.031
304727.448
304748.857
304786.465
304723.803
304736.151
304698.178
304777.248
304736.726
304762.145
304725.787
304666.044
304728.134
304742.354
304708.186
304771.787
304752.983
304743.191
304769.237
304782.780
304718.972
304742.519
304710.172
304748.143
304717.414
304757.627
304760.231
304778.776
304750.336
304757.577
304711.376
304724.556
304702.626
304725.389
304717.422
304758.155
304741.643
304774.513
304769.149
304772.950
304699.300
304739.304
304762.900
304754.255
304736.338
304756.653
304727.327
304720.141
304728.996
304675.449
304718.321
304709.413
304753.689
304772.286
304754.003
304738.585
304708.740
304732.650
304760.673
304717.597
304742.445
304740.778
304806.670
304776.148
304692.026
304732.446
304751.565
304749.534
304735.314
304727.555
304792.197
304736.619
304718.546
304742.819
304708.077
304704.900
304735.269
304729.279
304720.685
304745.428
304722.302
304692.559
304741.576
304740.691
304719.231
304746.058
304764.811
304749.444
304778.771
304751.374
304717.309
304699.704
304720.853
304738.511
304722.885
304729.346
304770.131
304738.565
304757.788
304795.761
304709.659
304732.215
304736.330
304742.321
304723.102
304746.282
304789.619
304742.689
304690.446
304765.401
304682.894
304750.037
304740.610
304697.636
304752.123
304736.705
304675.709
304752.020
304775.200
304713.372
304740.199
304739.731
304745.461
304742.649
304731.712
304750.203
304723.795
304727.287
304736.194
304802.606
304686.295
304757.396
304745.729
304712.185
304758.337
304761.358
304734.533
304718.699
304732.919
304797.457
304747.455
304721.776
304746.726
304775.324
304739.071
304725.111
304708.966
304753.033
304739.125
304746.731
304738.034
304731.575
304735.847
304761.893
304778.926
304733.504
304781.063
304738.507
304722.881
304755.542
304739.604
304766.482
304706.841
304740.074
304706.843
304707.520
304724.086
304716.585
304735.963
304743.882
304732.214
304747.997
304771.335
304728.258
304731.799
304691.069
304700.185
304729.146
304756.806
304752.640
304745.399
304748.109
304763.737
304718.941
304744.725
304751.082
304753.478
304724.517
304731.656
304706.236
304799.683
304750.982
304738.116
304795.934
304759.734
304760.725
304713.117
304728.743
304717.338
304722.443
304765.416
304750.260
304723.904
304735.155
304739.428
304762.191
304755.680
304760.213
304747.609
304742.868
304754.745
304708.649
304723.806
304767.821
304716.151
304751.675
304702.973
304730.530
304739.594
304767.565
304686.205
304707.197
304710.323
304763.193
304773.247
304769.341
304765.539
304706.368
304788.824
304763.717
304752.781
304730.696
304759.136
304745.074
304723.614
304764.816
304718.667
304733.148
304753.411
304756.276
304736.745
304752.684
304738.048
304748.050
304696.223
304720.183
304740.447
304743.573
304742.688
304725.448
304769.671
304738.939
304713.626
304741.442
304715.085
304717.795
304669.823
304719.984
304739.152
304792.493
304772.855
304752.906
304724.259
304763.274
304718.582
304756.817
304756.504
304739.627
304771.923
304755.986
304756.924
304695.720
304705.775
304736.558
304769.375
304793.806
304758.022
304741.040
304710.050
304739.115
304702.341
304738.024
304705.104
304723.751
304740.838
304744.381
304696.668
304703.857
304789.388
304695.368
304750.425
304755.480
304967.480
304694.850
304690.632
304719.333
304767.723
304735.013
304688.551
304766.163
304749.652
304760.747
304710.952
304737.100
304797.263
304737.154
304708.713
304762.991
304721.165
304750.855
304742.158
304749.451
304738.877
304706.948
304743.099
304715.544
304720.545
304708.514
304747.163
304695.961
304739.613
304700.702
304721.486
304722.686
304756.596
304784.463
304751.961
304740.294
304714.094
304732.065
304734.775
304759.464
304708.523
304728.162
304754.154
304789.366
304773.117
304682.691
304714.048
304722.124
304749.991
304759.315
304731.553
304783.173
304748.951
304725.461
304721.399
304748.380
304781.665
304730.517
304733.069
304746.664
304757.188
304679.420
304746.301
304743.281
304725.312
304688.173
304724.376
304777.767
304762.765
304759.537
304735.733
304748.235
304757.142
304747.351
304719.119
304733.079
304750.010
304755.271
304714.591
304743.657
304741.365
304754.388
304710.635
304787.414
304783.976
304781.320
304747.881
304740.120
304741.839
304736.527
304731.267
304720.432
304722.205
304734.758
304741.635
304775.493
304736.532
304771.535
304738.356
304712.417
304744.920
304737.055
304764.403
304737.057
304726.691
304738.622
304745.289
304762.530
304724.403
304729.403
304727.997
304776.180
304659.400
304763.471
304685.652
304680.393
304763.318
304736.024
304748.995
304787.957
304794.000
304708.629
304768.166
304729.985
304740.091
304784.575
304766.657
304712.174
304710.040
304733.792
304754.523
304745.930
304756.973
304742.440
304712.439
304756.714
304680.665
304720.098
304726.765
304706.295
304718.484
304761.198
304739.269
304742.499
304773.701
304750.365
304700.310
304732.918
304763.078
304728.491
304709.637
304747.036
304778.289
304718.962
304760.425
304768.551
304709.900
304782.460
304753.499
304684.170
304698.652
304683.911
304705.215
304687.090
304795.017
304715.582
304675.632
304701.156
304728.503
304784.915
304773.769
304758.560
304680.167
304712.671
304793.721
304740.123
304703.870
304727.466
304760.022
304711.009
304738.407
304683.662
304667.517
304671.684
304707.156
304723.565
304825.815
304740.547
304683.042
304696.482
304707.994
304735.392
304762.636
304746.854
304754.249
304752.532
304727.895
304737.740
304731.074
304681.590
304753.837
304695.811
304744.516
304696.907
304770.559
304718.473
304756.237
304730.140
304733.789
304757.906
304779.054
304731.655
304718.217
304746.397
304754.731
304767.077
304747.284
304738.065
304738.066
304743.587
304706.136
304764.373
304728.900
304718.274
304705.619
304751.300
304738.226
304755.156
304721.091
