310099.157
304972.419
304908.455
304924.863
304903.560
304972.265
305039.823
305039.669
304964.766
305019.146
304994.927
304941.484
304962.632
304915.910
304914.557
304979.928
304965.864
304934.717
305011.443
304988.785
304957.116
304938.937
304928.468
304948.888
304973.630
304990.090
304990.351
305030.148
304974.986
304919.357
304881.177
304918.264
304966.394
304954.051
304935.299
304969.000
304945.250
305020.569
304997.286
304942.803
304951.658
304986.192
304925.458
304934.731
304951.765
305024.480
304956.714
304932.129
304847.538
304964.842
304935.152
304922.651
304948.644
304938.904
304962.604
304849.677
304873.483
304955.001
304939.792
304959.847
305014.175
304952.243
304949.171
305018.709
304955.994
304955.580
304898.543
304966.309
304921.307
305005.690
304957.769
304958.291
304832.082
304968.501
304922.351
304899.226
304968.764
304995.485
304966.786
304994.862
304937.512
304802.292
304964.131
304992.467
304989.083
304929.443
304933.349
304962.623
304936.997
304927.516
304966.375
304958.146
304964.397
304956.688
304947.210
304985.756
304958.825
305026.905
305068.734
305071.442
305042.169
305040.347
305051.651
305016.595
305022.223
305109.626
305021.805
305080.927
305049.779
305062.384
305113.275
305043.269
305045.093
305073.169
305010.247
305082.129
305078.743
305049.992
305026.761
304996.186
305032.388
305007.490
305020.251
305030.046
304995.980
304981.708
305052.653
305077.761
305051.404
305047.811
305008.694
305007.078
305047.343
305077.399
305089.485
305056.252
305074.119
305040.575
305078.912
305087.872
305027.659
305090.426
305092.145
305066.258
305087.250
305092.302
305047.820
305055.477
305053.290
305091.264
305051.677
305052.615
305112.986
304996.361
305051.262
305070.223
305058.348
305084.184
305061.682
305021.419
305092.103
305033.972
305079.290
305083.249
305052.726
305004.284
305091.325
305052.102
305084.293
305056.896
305069.085
305033.769
305048.147
305058.252
305056.273
305102.737
305080.600
305074.609
305044.556
305057.162
305096.333
305077.216
305048.725
305058.414
305077.582
305069.302
305033.829
305080.605
305086.180
305047.375
305088.107
304988.776
305078.994
305055.606
305211.663
304996.696
305016.646
305009.875
305088.113
305075.194
305036.024
305038.839
305045.402
305067.331
305101.085
305046.862
305064.415
305053.322
305101.869
305066.970
305074.627
305067.024
305058.950
305062.753
305090.048
305025.823
305063.014
305084.997
305079.841
305031.294
305058.798
305055.100
305069.320
305015.409
305079.844
305081.510
305089.741
305073.438
305037.862
305004.317
305098.026
305066.930
305093.963
305033.438
305084.120
305083.495
305051.461
305011.719
305089.486
305086.622
305037.973
305081.258
305060.736
305040.995
305106.367
305063.446
305065.009
305073.709
305057.093
305010.162
305063.866
305070.221
305051.469
305045.689
305025.530
305068.087
305058.452
305037.616
305041.679
305079.861
305055.537
305107.000
305063.351
305060.383
305002.981
305108.877
305091.741
305055.436
305071.010
305073.512
305043.092
305030.383
305116.069
305078.775
305039.656
305065.805
305067.473
305061.223
305065.390
305059.766
305081.486
305031.690
305081.540
305042.161
305085.186
305070.916
305079.458
305092.689
305055.290
305031.121
305060.656
305064.146
305058.418
305057.012
305088.212
305074.254
305075.608
305024.719
305052.431
305058.056
305082.538
305041.024
305043.942
305036.024
305114.470
305092.646
305055.716
305087.906
305064.624
305024.620
305043.112
305070.407
305086.034
305109.734
305057.699
305061.034
305061.033
305055.148
305080.568
305048.065
305097.028
304996.552
305082.757
305061.818
305027.181
305057.705
305095.260
305051.038
305079.479
305082.500
305048.331
305027.808
305088.856
305080.106
305040.572
304979.837
305100.265
305094.797
305084.744
305074.379
305060.576
305055.368
305001.352
305030.627
305114.490
305084.904
305065.944
305090.010
305024.431
305084.020
305032.090
305085.584
305060.581
305090.950
305073.814
305002.400
305090.535
305018.758
305089.546
305041.677
305030.844
305077.411
305069.702
305029.908
305029.803
305060.640
305078.404
305094.915
305066.371
305028.972
305092.677
305042.204
305064.446
305049.446
305094.919
305104.972
305043.873
305036.529
305080.284
305123.102
305042.052
305069.451
305052.731
305036.949
305086.016
305068.828
305097.008
305047.681
305043.461
305011.845
305034.348
305158.734
305089.146
305077.583
305037.475
305106.701
305041.643
305058.936
305058.416
305070.136
305059.146
305100.348
304983.828
305005.966
305080.035
305108.060
305071.129
305010.447
305010.708
305101.290
305099.936
305042.639
305062.434
305032.795
305098.791
305035.350
305093.793
305057.383
305074.781
305055.978
305036.340
305039.571
305064.522
305051.812
305052.126
305051.970
305090.047
305058.586
305105.362
305075.932
305069.890
304964.256
305103.175
305081.506
305097.135
305061.975
305088.540
304978.270
305081.979
305087.760
305074.947
305024.631
305065.415
305036.664
305021.194
305094.327
305061.771
305102.088
305126.310
305037.708
305093.183
305060.003
305104.955
305080.057
305036.930
305023.021
305062.349
305045.629
305062.298
305102.926
305064.955
305034.172
305088.916
305068.968
305040.580
305089.960
305038.184
305095.691
305038.655
305049.280
305039.072
305050.428
305069.180
305062.722
305044.491
305068.660
305071.057
305083.298
305033.866
305080.278
305123.824
305073.299
305039.963
305016.992
305085.488
305080.697
305093.564
305061.322
305122.733
305047.884
305012.515
305044.081
305081.585
305060.386
305058.355
305081.327
305110.913
305092.266
305024.187
304987.725
305038.460
304999.914
305036.534
305057.526
304988.821
305042.369
305017.939
305061.799
305045.339
305077.947
305035.235
305055.705
305036.382
305053.051
305065.031
305013.778
305046.853
305069.147
305067.013
305028.832
305129.050
305116.497
305076.703
305063.212
305060.764
305094.258
305109.884
305070.401
305097.853
305058.527
305078.007
305056.861
305053.320
305079.415
305040.246
305101.034
305024.203
305043.268
305039.467
305072.073
305060.770
305058.012
305096.921
305049.625
305074.472
305068.222
305080.462
305035.511
305086.402
305054.680
305054.264
305088.955
305117.396
305083.331
305093.489
305036.712
305104.479
305079.895
305100.366
305088.907
305079.739
305056.352
305096.773
305083.023
305112.297
305040.155
305049.322
305060.783
305055.262
305084.275
305019.790
305049.220
305047.293
305058.285
305047.503
305069.120
305095.998
305056.776
305099.176
305101.468
305025.629
305049.954
305069.904
305003.597
305088.031
305038.861
305094.075
305065.010
305031.830
305088.138
305064.021
305030.841
305071.471
305028.135
305052.564
305055.741
305089.808
305066.316
305064.233
305046.993
305078.038
305048.712
305075.695
305082.779
305076.684
305066.944
304974.801
305090.490
305029.129
305070.541
305114.451
305096.220
305069.396
305085.179
305067.937
305061.011
305071.012
305092.420
305048.042
305048.824
305069.243
305033.302
305073.255
305067.056
305100.757
305052.629
305035.961
305082.684
305088.571
305071.539
305049.609
305089.092
305073.675
305074.925
305076.800
305056.019
305024.974
305079.302
305043.310
305033.206
305079.772
305061.907
305087.639
305048.729
304983.514
305063.732
305088.369
305063.732
305063.889
305037.533
305035.501
305123.739
305073.631
305049.149
305131.033
305074.257
305087.853
305055.871
305057.122
305061.497
305057.278
305046.861
305044.205
305053.164
305108.952
305110.827
304915.965
305083.117
305061.188
305014.777
305059.887
305037.697
305044.886
305070.410
305073.536
305057.024
305013.270
305102.133
305029.939
305085.309
305083.695
305058.016
305111.042
305091.041
305080.207
305082.187
305039.213
305074.583
305060.050
305052.549
305060.885
305041.508
305053.593
305094.379
305051.353
305063.022
305079.951
305127.717
305079.482
305095.110
305010.414
305032.708
305020.520
305036.928
305096.049
305070.214
305043.233
305077.768
305032.920
305061.568
305083.082
305048.391
305091.468
305038.183
305096.053
305076.052
305039.017
305096.055
305035.111
305065.532
305072.824
305056.520
305051.104
305034.488
305090.379
305063.918
305057.304
305065.638
305031.260
305068.192
305069.338
305066.890
305074.756
305052.983
305096.425
305039.910
305105.646
305072.934
305061.371
305054.080
305082.728
305071.425
305060.071
305011.890
305057.467
305079.605
305065.177
305070.490
305057.729
305071.324
305069.292
305018.664
305052.365
305072.472
305007.934
305037.157
305094.089
305103.882
305054.086
305045.649
305101.019
305061.641
305062.682
305064.819
305057.058
305081.853
305038.827
305052.006
305057.268
305025.858
305035.027
305026.641
304983.252
305050.654
305034.820
305016.850
305222.390
305102.484
305090.451
305069.460
305109.621
305069.878
305087.275
305051.543
305048.732
305032.584
305069.515
305090.351
305073.631
305055.556
305054.985
305073.319
305043.734
305083.425
305026.389
305032.170
305041.964
305020.608
305089.886
305111.451
305038.527
305042.018
305083.376
305023.319
305028.789
305041.134
304988.004
305048.948
305089.993
305038.687
305091.088
305094.578
305056.971
305068.900
305056.242
305083.641
305121.250
305066.401
305101.769
305092.602
305077.341
305091.925
305075.779
305097.917
305045.307
305010.877
305065.779
305071.718
305059.060
305036.299
305064.218
305075.885
305097.295
305064.636
305078.335
305050.938
305007.652
305098.026
305049.376
304986.246
305114.070
305048.074
305061.410
305057.451
305050.054
305047.764
305042.191
305075.892
305095.113
305081.258
305064.277
305076.779
305074.539
305058.184
305081.572
305060.894
305039.224
305100.793
305089.022
305042.403
304992.295
305036.101
305092.878
305043.133
305051.052
305066.783
305103.557
304984.119
305116.372
304971.566
305054.543
305044.751
305002.560
305056.836
305095.226
305112.467
305061.578
305094.550
305054.026
305074.913
305110.698
305062.569
305107.939
305078.040
305058.820
305080.385
305074.290
305059.655
305076.896
305078.146
305059.603
305047.051
305064.240
305022.725
305065.179
305038.196
305045.541
305009.497
305077.993
305090.963
305095.808
305093.100
305051.741
305058.618
305114.458
305070.546
305066.745
305044.920
305050.963
305010.959
305059.715
305100.239
305050.494
305059.820
305089.250
305104.615
305040.339
305042.215
305024.818
305070.343
305064.874
305044.716
305048.206
305035.967
305114.099
305025.288
305082.326
305078.888
305066.126
305021.227
305101.131
305027.009
305059.461
305038.001
305026.646
305063.056
305103.478
305024.095
305107.071
305009.616
305122.074
305097.488
305038.682
305016.649
305028.941
305107.179
305038.630
305052.382
305085.458
305082.594
305012.015
305047.278
305061.500
305111.036
305088.846
305083.065
305111.454
305148.853
305022.591
305051.032
305043.948
305070.409
305031.708
305058.273
305083.380
305058.900
305128.385
305051.712
305034.887
305021.188
305036.763
305038.743
305075.882
305069.788
305099.791
305035.619
305041.714
305045.256
305079.687
305093.335
305108.752
305065.832
305070.468
305051.196
305099.430
305039.060
305060.156
305057.761
305041.405
305049.167
305093.598
305073.753
305055.157
305040.886
305073.963
305018.072
305069.275
305053.128
305101.779
305067.609
