1114.016
1104.952
1109.224
1111.202
1110.942
1110.369
1109.432
1110.682
1139.696
1111.151
1110.786
1109.484
1106.984
1132.820
1110.734
1110.995
1110.421
1107.192
1108.286
1112.505
1111.203
1109.848
1109.380
1109.119
1111.255
1111.359
1109.380
1109.693
1107.087
1142.508
1111.723
1110.370
1109.901
1109.276
1139.435
1109.849
1111.464
1109.276
1109.588
1106.983
1110.839
1111.307
1110.473
1109.588
1108.806
1141.830
1109.588
1110.161
1109.120
1109.172
1142.144
1112.088
1110.995
1108.494
1108.702
1107.348
1111.724
1108.599
1110.473
1109.328
1109.171
1111.411
1110.942
1110.421
1109.067
1109.692
1142.092
1111.203
1110.005
1110.005
1107.348
1140.008
1110.838
1112.192
1109.015
1108.651
1106.723
1112.140
1110.214
1109.119
1112.245
1108.546
1111.151
1110.786
1109.744
1108.546
1109.328
1111.203
1110.943
1111.880
1108.181
1108.651
1137.820
1110.213
1110.005
1110.057
1108.494
1107.869
1112.922
1111.151
1109.901
1109.745
1108.911
1111.672
1111.047
1110.318
1109.848
1109.224
1140.789
1111.776
1111.515
1109.901
1107.974
1135.841
1113.130
1110.682
1111.359
1109.015
1109.067
1111.307
1111.203
1109.537
1109.484
1106.776
1111.515
1110.682
1110.474
1109.536
1109.536
1141.883
1109.692
1110.214
1108.755
1107.556
1135.007
1109.744
1109.171
1108.338
1107.401
1106.723
1110.266
1109.327
1109.693
1107.401
1107.921
1138.133
1110.161
1110.005
1110.162
1110.578
1139.903
1111.464
1110.318
1109.797
1107.453
1108.859
1111.619
1110.682
1110.682
1109.900
1109.380
1112.661
1110.734
1110.474
1109.484
1107.349
1142.404
1110.734
1110.734
1109.119
1111.463
1138.862
1110.577
1108.286
1108.703
1110.109
1106.515
1109.327
1109.276
1107.921
1109.640
1108.286
1140.060
1109.380
1110.161
1109.588
1107.713
1140.060
1108.755
1108.286
1109.484
1108.703
1108.599
1111.671
1111.984
1108.338
1109.120
1108.338
1138.341
1110.630
1109.015
1109.328
1107.348
1136.779
1111.516
1111.203
1107.661
1109.015
1106.254
1111.411
1110.369
1111.360
1109.901
1109.432
1141.726
1111.463
1110.057
1110.370
1108.026
1139.383
1111.359
1110.682
1109.120
1109.953
1108.911
1110.838
1112.557
1108.546
1109.484
1110.578
1111.724
1110.630
1109.797
1109.692
1108.181
1140.476
1110.526
1110.839
1109.432
1110.943
1137.247
1111.360
1110.838
1109.380
1109.328
1108.755
1111.516
1110.057
1111.567
1107.088
1108.963
1111.567
1111.411
1109.536
1109.640
1109.328
1141.102
1112.297
1110.526
1111.724
1106.827
1142.248
1110.942
1109.848
1112.610
1108.911
1139.903
1109.328
1111.046
1110.474
1108.807
1107.088
1111.307
1111.828
1110.109
1109.797
1108.130
1140.581
1110.161
1110.213
1109.380
1108.911
1139.279
1110.942
1109.797
1110.057
1109.171
1107.557
1111.932
1110.474
1110.265
1108.703
1108.495
1109.745
1110.838
1109.067
1109.171
1109.275
1141.310
1110.473
1108.390
1109.536
1108.911
1138.758
1112.401
1111.515
1111.515
1108.599
1108.755
1110.734
1110.890
1108.963
1110.526
1108.026
1112.245
1111.307
1110.161
1109.796
1109.953
1141.779
1109.848
1111.671
1111.099
1107.870
1135.007
1110.682
1109.953
1110.786
1109.119
1107.921
1110.734
1109.276
1109.536
1108.338
1108.859
1141.570
1110.630
1112.140
1109.536
1108.182
1134.538
1110.005
1110.630
1108.077
1108.806
1109.171
1113.130
1108.338
1109.745
1108.338
1106.672
1140.842
1109.901
1107.973
1108.390
1109.223
1139.747
1110.735
1111.255
1109.380
1108.963
1106.515
1112.036
1112.401
1109.588
1109.901
1108.077
1111.307
1109.327
1108.286
1109.796
1109.901
1139.331
1110.630
1110.526
1109.067
1110.005
1139.956
1111.568
1110.630
1107.817
1109.120
1108.859
1111.150
1109.952
1109.901
1107.556
1108.858
1141.154
1111.724
1109.849
1109.328
1108.546
1140.060
1110.890
1111.463
1109.797
1110.369
1141.623
1111.516
1110.578
1109.796
1109.588
1109.588
1112.401
1111.360
1109.432
1108.963
1108.494
1140.060
1112.245
1108.598
1108.546
1107.192
1107.400
1111.151
1109.432
1109.327
1107.557
1108.182
1141.987
1111.098
1110.578
1110.057
1109.276
1141.831
1110.890
1111.359
1108.025
1110.213
1135.424
1112.557
1112.348
1110.109
1110.109
1108.859
1109.432
1110.474
1108.599
1108.233
1109.067
1141.102
1110.630
1109.640
1107.869
1107.922
1143.185
1109.380
1110.890
1111.984
1106.776
1107.765
1113.912
1110.369
1108.494
1108.338
1107.453
1109.744
1110.839
1108.598
1109.953
1107.609
1142.091
1111.099
1110.630
1109.275
1109.067
1138.809
1109.067
1112.297
1109.537
1107.817
1106.984
1112.558
1110.474
1107.557
1109.380
1108.286
1141.571
1109.328
1110.213
1108.859
1109.016
1135.268
1110.630
1110.370
1110.682
1109.588
1108.650
1112.714
1109.015
1111.150
1109.641
1108.130
1141.362
1110.474
1110.786
1109.797
1109.692
1136.622
1112.870
1109.901
1110.057
1108.963
1108.547
1111.568
1110.265
1110.421
1110.214
1107.973
1110.525
1111.307
1109.484
1108.755
1110.526
1140.529
1111.515
1109.640
1109.171
1108.703
1134.070
1111.047
1112.453
1109.015
1109.588
1108.599
1110.891
1108.911
1108.234
1109.536
1107.556
1143.081
1111.151
1111.568
1108.599
1108.338
1135.528
1110.682
1108.963
1109.276
1109.588
1108.390
1112.557
1110.109
1110.109
1108.703
1110.838
1111.411
1110.786
1110.422
1110.213
1107.609
1142.404
1110.682
1109.953
1109.640
1107.244
1108.182
1110.838
1110.995
1110.369
1108.911
1109.171
1111.307
1111.672
1108.338
1109.432
1107.140
1141.258
1110.942
1110.630
1109.641
1108.390
1141.466
1109.900
1111.515
1110.943
1110.577
1108.130
1111.412
1110.421
1109.849
1109.484
1109.275
1111.307
1109.276
1108.911
1107.088
1110.161
1140.894
1111.359
1110.526
1109.901
1109.379
1137.872
1111.307
1109.588
1111.203
1109.849
1108.598
1111.620
1110.526
1109.901
1109.223
1108.807
1110.474
1111.046
1108.807
1109.536
1109.224
1142.456
1112.557
1110.057
1109.953
1109.640
1137.195
1112.349
1110.005
1110.630
1107.504
1107.921
1111.619
1110.995
1109.797
1109.223
1109.484
1112.661
1109.484
1110.213
1110.057
1109.536
1137.873
1111.411
1110.265
1109.953
1108.286
1137.768
1111.516
1111.932
1112.036
1106.931
1109.015
1112.037
1110.734
1107.609
1109.067
1107.973
1139.955
1112.245
1109.276
1107.557
1108.754
1141.779
1112.506
1109.953
1109.588
1109.484
1142.925
1111.672
1113.183
1109.067
1110.838
1106.515
1111.828
1110.526
1109.849
1108.026
1109.171
1143.029
1111.203
1110.473
1109.016
1108.547
1139.123
1111.099
1110.682
1109.796
1108.650
1144.643
1110.994
1110.057
1110.786
1106.983
1109.275
1111.307
1110.891
1111.411
1109.589
1109.120
1140.008
1112.088
1110.526
1109.640
1108.130
1142.039
1110.369
1110.838
1109.171
1110.891
1108.182
1110.422
1111.255
1110.265
1111.464
1108.807
1111.099
1110.473
1110.890
1109.953
1110.213
1109.275
1130.684
1116.932
1109.692
1109.640
1140.945
1111.516
1108.858
1110.161
1109.276
1139.487
1110.995
1108.390
1109.380
1107.192
1108.026
1111.828
1110.943
1111.984
1110.838
1109.380
1110.682
1111.203
1109.796
1110.839
1108.755
1143.029
1111.620
1110.057
1110.161
1109.172
1142.196
1111.047
1112.661
1108.129
1110.474
1142.456
1112.766
1112.036
1110.318
1109.641
1109.172
1113.286
1111.515
1110.891
1109.640
1109.901
1111.984
1110.890
1111.775
1109.900
1110.369
1143.810
1113.078
1110.682
1110.109
1109.171
1142.977
1112.140
1111.046
1109.692
1110.005
1136.986
1110.890
1111.932
1109.275
1109.692
1106.932
1111.255
1112.036
1110.994
1110.057
1110.109
1111.359
1110.838
1109.849
1109.640
1109.901
1142.248
1111.619
1110.421
1111.412
1111.516
1134.590
1111.880
1110.995
1110.890
1107.869
1109.224
1110.734
1110.942
1108.598
1110.943
1108.807
1109.901
1111.307
1110.161
1109.901
1107.505
1112.244
1111.255
1111.203
1110.057
1109.223
1144.904
1109.328
1109.536
1108.806
1109.067
1139.174
1110.942
1111.255
1108.703
1107.817
1109.067
1110.890
1109.276
1110.891
1110.005
1108.547
1112.141
1111.359
1110.838
1109.952
1108.963
1140.268
1111.464
1110.890
1110.838
1111.985
1138.810
1112.088
1110.004
1109.797
1109.745
1107.765
1112.974
1110.525
1108.077
1109.901
1108.494
1112.713
1111.047
1110.317
1108.702
1109.379
1144.540
1111.515
1110.839
1108.234
1109.588
1135.528
1112.193
1111.568
1110.005
1107.921
1109.172
1111.463
1112.140
1111.776
1109.380
1110.318
1112.244
1110.682
1110.734
1109.745
1109.380
1140.633
1111.568
1111.307
1111.151
1110.005
1141.362
1112.401
1111.360
1110.995
1109.328
1137.924
1111.047
1112.817
1108.598
1108.911
1140.425
1111.985
1110.630
1110.734
1110.005
1108.859
1112.193
1110.786
1111.047
1107.817
1108.963
1141.102
1111.359
1111.463
1110.734
1108.650
1142.352
1111.203
1110.213
1112.557
1109.327
1133.549
1111.985
1111.411
1109.953
1109.431
1109.432
1109.640
1111.151
1109.953
1111.411
1109.588
1111.411
1112.558
1110.630
1109.953
1109.067
1141.467
1110.109
1110.891
1109.484
1109.849
1142.612
1111.307
1110.682
1110.630
1109.797
1108.494
1111.672
1109.849
1110.473
1109.744
1109.328
1112.037
1111.151
1110.005
1109.797
1108.755
1141.414
1111.307
1109.224
1109.484
1110.943
1142.612
1111.828
1109.641
1110.005
1109.171
1143.915
1111.828
1111.099
1109.953
1109.536
1108.234
1111.098
1111.567
1110.838
1110.317
1109.380
1141.258
1110.995
1110.630
1108.077
1110.786
1140.998
1111.776
1110.682
1109.432
1109.536
1140.633
1111.412
1110.005
1111.203
1107.765
1144.070
1111.046
1110.890
1111.099
1110.838
1108.755
1112.818
1111.359
1108.338
1109.952
1109.432
1141.258
1111.099
1110.630
