985546.776
982677.641
982545.285
982611.906
982612.011
982737.441
982707.490
982646.130
982733.431
982697.230
982696.606
982645.768
982652.644
982587.169
982718.016
982716.975
982733.591
982713.850
982717.913
982649.783
982727.343
982695.933
982680.464
982704.269
982599.207
982713.594
982719.063
982647.755
982694.271
982741.515
983002.374
982992.739
982871.373
982955.497
982934.922
982926.171
982946.278
982934.871
982971.542
982872.054
983020.975
982836.165
982810.434
982865.388
982878.931
982930.448
982971.389
982864.453
982947.534
982884.767
982965.609
982924.512
982876.175
982875.862
982754.497
982889.459
982907.794
982911.701
982780.960
982849.820
983004.576
982918.214
982760.907
982868.418
982802.371
982850.449
982906.600
982879.827
982855.086
982841.387
982836.856
982924.469
982833.575
982800.291
982829.773
982765.602
982837.536
982863.268
982858.320
983923.998
983306.125
983488.696
983328.681
983402.855
983377.071
983498.281
983486.875
983552.246
983452.758
983942.962
983839.984
983688.460
983636.267
983726.745
983394.994
983638.351
983508.183
983589.598
983524.435
983577.045
983446.825
983574.754
983413.958
983596.112
983417.552
983470.006
983441.201
983496.415
983470.007
983502.355
983389.897
983527.150
983514.753
983302.024
983382.554
983544.236
983444.540
983469.073
983478.762
983498.399
983485.379
983504.339
983462.772
983649.354
983452.513
983499.444
983421.624
983564.295
983501.476
983460.692
983412.927
983523.199
983396.052
983504.135
983396.208
983424.909
983421.576
983447.048
983395.064
983538.672
983445.070
983439.757
983371.625
983509.556
983433.091
983451.166
983458.980
983416.892
983518.622
983504.246
983941.268
983445.959
983439.345
983532.636
983387.986
983541.074
983445.128
983435.231
983409.083
983537.482
983804.123
983584.101
983509.616
983649.422
983522.899
983532.640
983491.907
983540.298
983502.065
983521.807
983558.009
983463.834
983472.949
983551.550
983618.433
983545.561
983448.677
983476.336
983519.935
983453.731
983526.864
983469.098
983483.839
983565.671
983483.736
983590.153
983536.710
983462.589
983531.919
983555.255
983591.925
983412.689
983664.017
983547.964
983638.858
983476.030
983519.680
983542.704
983624.796
983544.528
983641.570
983516.714
983564.844
983566.873
983900.844
983635.055
983739.495
983487.909
983648.656
983965.928
983824.771
983680.123
983631.839
983459.637
983556.887
983430.627
983525.221
983442.142
983436.519
983366.826
983582.371
983476.788
983598.052
983418.662
983549.301
983552.220
983448.514
983421.847
983466.749
983399.504
983554.730
983446.596
983497.019
983430.505
983488.012
983851.226
983438.219
983439.470
983483.019
983440.100
983555.790
983490.368
983776.284
983549.232
983547.255
983559.757
983623.046
983614.714
983437.720
983494.237
983618.105
983604.043
983480.335
983606.338
983533.000
983439.816
983618.637
983449.924
983541.080
983463.315
983576.035
983567.338
983582.498
983540.881
983455.509
983497.078
983568.440
983527.292
983539.795
983472.395
983498.857
983527.144
983557.043
983536.991
983524.908
983492.511
983472.719
983597.368
983475.223
983455.222
983520.023
983470.748
983562.113
983599.150
983776.356
983581.443
983515.449
983629.055
983482.167
983624.370
983455.241
983587.964
983486.549
983593.228
983559.736
983624.953
983515.881
983583.702
983600.633
983557.400
983415.669
983745.026
983768.780
983753.937
983578.973
983725.708
983629.450
983605.074
983553.561
983738.163
983420.217
983644.146
983511.115
983649.463
983516.952
983604.879
983508.256
983559.252
983617.801
983585.508
983508.523
983594.991
983469.460
983571.606
983458.784
983648.544
983534.003
983586.562
983520.202
983488.847
983478.327
983567.399
983660.587
983660.536
983627.514
983552.144
983513.287
983561.366
983417.344
983591.216
983471.622
983556.371
983546.372
983502.202
983550.751
983526.635
983563.880
983533.305
983431.058
983585.344
983409.808
983525.133
983434.344
983436.533
983503.261
983483.052
983468.573
983517.484
983392.057
983534.208
983559.264
983438.784
983482.176
983477.854
983511.244
983571.096
983470.149
983493.538
983401.031
983490.729
983478.073
983527.193
983421.455
983517.559
983420.416
983592.466
983482.821
983509.752
983512.410
983393.702
983532.258
983436.781
983505.539
983499.550
983428.816
983452.466
983512.213
983529.351
983490.651
983478.151
983478.204
983427.940
983786.883
983525.869
983598.117
983445.708
983601.661
983543.532
983574.786
983418.418
983463.163
983543.017
983417.849
983407.589
983570.524
983477.338
983563.754
983675.589
983923.844
983571.103
983684.136
983590.690
983565.325
983507.612
983609.290
983472.143
983518.867
983490.793
983573.459
983521.840
983539.968
983533.458
983503.665
983693.008
983481.998
983518.410
983592.793
983411.787
983618.371
983522.790
983495.237
983468.048
983538.733
983558.476
983502.846
983509.254
983608.589
983546.291
983578.223
983502.332
983570.152
983507.596
983597.501
983460.197
983468.532
983530.258
983527.186
983589.486
983479.892
983559.016
983576.675
983431.610
983619.442
983683.147
983608.350
983571.316
983613.926
983524.647
983551.109
983531.108
983549.236
983497.306
983478.764
983560.856
983576.170
983562.577
983549.400
983423.086
983537.995
983521.745
983627.276
983500.755
983611.600
983519.092
983465.964
983570.922
983458.673
983517.794
983596.449
983568.166
983586.086
983492.433
983521.967
983579.474
983525.928
983500.927
983489.209
983489.418
983475.198
983614.692
983511.767
983517.289
983535.105
983503.072
983628.033
983581.832
983578.135
983504.274
983483.804
983639.550
983485.786
983649.501
983429.533
983576.475
983518.398
983591.896
983457.196
983635.131
983504.806
983650.708
983518.404
983580.286
983500.957
983757.337
983640.921
983590.447
983542.997
983564.510
983496.014
983615.246
983561.960
983627.750
983484.142
983634.522
983460.965
983587.593
983438.101
983636.037
983450.656
983596.661
983540.667
983576.661
983871.170
983513.949
983519.680
983571.978
983476.395
983501.295
983469.522
983631.466
983556.043
983556.930
983474.943
983594.383
983496.041
983576.311
983501.565
983541.673
983429.737
983514.486
983491.359
983573.660
983453.857
983585.225
983508.239
983544.338
983565.904
983611.274
983497.253
983516.371
983468.033
983557.314
983545.647
983544.190
983439.128
983568.204
983524.347
983523.306
983518.410
983460.281
983484.868
983721.297
983561.492
983620.352
983687.599
983545.816
983593.322
983551.964
983550.871
983480.344
983455.707
983545.925
983428.415
983495.297
983506.393
983490.924
983480.298
983463.059
983422.274
983452.278
983423.734
983485.669
983547.707
983442.697
983395.246
983456.451
983485.048
983400.093
983441.556
983368.112
983447.964
983470.102
983619.806
983428.434
983568.292
983703.202
983561.002
983553.658
983544.387
983378.591
983462.767
983475.841
983523.555
983503.815
983514.024
983466.677
983558.927
983481.993
983548.772
983502.518
983483.923
983423.346
983553.827
983559.246
983556.017
983463.457
983458.978
983404.390
983527.060
983380.692
983534.875
983414.290
983456.691
983343.035
983521.179
983450.807
983509.200
983461.539
983525.349
983387.524
983490.190
983420.705
983376.171
983444.771
983525.770
983418.990
983442.795
983462.329
983545.203
983446.600
983544.318
983464.676
983506.764
983620.318
983514.632
983479.004
983599.433
983586.672
983533.022
983519.376
983483.539
983475.832
983512.034
983377.750
983588.449
983496.149
983580.585
983506.516
983489.172
983507.299
983442.241
983429.532
983454.432
983429.795
983502.250
983447.818
983452.716
983509.545
983493.294
983588.774
983548.926
983531.321
983547.574
983487.776
983529.657
983642.168
983512.365
983577.111
983558.829
983566.643
983478.250
983518.515
983525.808
983498.462
983601.442
983719.110
983613.059
983632.593
983538.106
983599.675
983525.814
983524.461
983543.578
983577.019
983434.141
983610.044
983544.935
983700.055
983484.722
983615.881
983488.682
983596.610
983475.401
983545.930
983508.687
983605.104
983497.020
983554.423
983598.855
983518.796
983596.304
983574.428
983402.537
983569.689
983402.069
983610.632
983576.359
983544.586
983592.507
983620.324
983560.839
983551.359
983474.790
983717.575
983568.030
983786.385
983586.679
983656.530
983508.964
983547.041
983551.053
983539.907
983530.949
983657.785
983402.135
983561.475
983526.889
983688.207
983579.238
983590.646
983453.967
983579.501
983551.582
983439.540
983413.029
983711.704
983653.158
983546.116
983539.085
983501.634
983510.906
983605.500
983469.341
983583.467
983437.152
983500.440
983536.277
983509.453
983509.453
983473.981
983393.297
983546.595
983471.171
983430.490
983575.558
983498.675
983580.507
983480.914
983510.866
983590.457
983570.092
983522.692
983534.934
983499.097
983505.973
983450.083
983653.281
983566.711
983488.734
983543.689
983467.484
983531.189
983558.380
983509.157
983376.644
983467.383
983563.903
983530.307
983467.854
983524.578
983435.351
983536.039
983564.532
983418.425
983471.347
983626.727
983496.299
983555.419
983690.798
983580.996
983601.467
983478.070
983542.557
983534.380
983635.223
983535.891
983813.471
983605.013
983680.074
983543.707
983643.561
983486.828
983576.836
983616.789
983655.075
983504.957
983600.435
983486.674
983640.909
983613.720
983619.606
983605.334
983528.973
983524.702
983581.375
983498.034
983583.251
983506.526
983602.369
983487.202
983606.746
983476.942
983617.373
983508.457
983551.534
983532.418
983542.680
983503.510
983561.433
983558.101
983515.649
983516.848
983507.628
983483.356
983646.549
983453.041
983628.945
983462.991
983533.102
983489.557
983535.916
983517.999
983504.613
983488.673
983649.680
983526.230
983557.484
983529.982
983603.584
983446.017
983454.195
983587.594
983481.699
983554.103
983638.955
983571.084
983869.812
983572.231
983536.082
983537.281
983575.202
983582.391
983528.584
983523.011
983489.467
983489.415
983522.648
983396.073
983504.105
983539.213
983566.247
983501.606
983489.627
983512.494
983443.998
983515.777
983525.570
983470.305
983509.632
983768.199
983689.598
983549.429
983597.507
983548.805
983570.058
983607.926
983477.549
983428.743
983491.562
983525.628
983550.423
983513.910
983503.180
983617.619
983471.927
983661.583
983435.258
983631.580
983429.738
983631.789
983496.828
983654.448
983439.064
983534.178
983580.172
983563.088
983553.399
983565.380
983490.218
983565.225
983517.930
983620.388
983514.128
983673.676
983463.603
983568.249
983498.712
984336.815
983625.027
983724.360
983560.282
983660.032
983549.240
983547.261
983549.397
983531.115
983661.806
983478.245
983433.763
983571.694
983434.181
983625.449
983488.666
983625.607
983546.172
983581.645
983547.684
983577.635
983496.742
983485.231
983542.789
983564.146
983561.490
983557.271
983510.652
983530.186
983543.626
983603.319
983775.108
983475.911
983443.930
983454.505
983543.524
983464.401
983441.015
983604.885
983448.048
983536.598
983457.580
983490.553
983544.101
983567.437
983528.578
983522.589
983489.201
983547.540
983512.537
983583.274
983479.098
983479.306
983473.472
983493.735
983554.575
983488.840
983550.461
983516.292
983553.587
983538.066
983565.881
983494.937
