964049.642
956549.336
956469.644
956488.556
956573.879
956495.959
956534.090
956199.842
956493.831
956137.863
956491.078
956114.534
956097.452
956131.781
956169.809
956220.285
956152.157
956174.089
956191.125
956366.613
956424.851
956559.295
956412.252
956274.742
956080.560
956148.121
956172.345
956500.973
956228.086
956540.567
956505.462
956816.901
956563.495
956567.456
956264.721
956589.079
956153.310
956153.938
956542.208
956561.952
956136.810
956144.626
956278.704
956215.732
956223.132
956426.592
956137.973
956572.862
956304.713
956458.117
956131.265
956604.126
956508.912
956264.724
956508.761
956159.198
956279.682
956223.429
956127.382
956500.702
956528.572
956523.366
956727.659
956144.376
956259.494
956437.222
956127.768
956186.787
956229.867
956299.512
956211.850
956255.346
956240.295
956171.229
956214.153
956148.993
956168.268
956408.503
956178.848
956210.104
956234.223
956456.800
956869.707
956794.806
956639.534
956671.050
956461.292
956827.790
956922.801
956902.124
956978.385
956910.568
956417.919
956877.394
956901.096
956841.197
956922.145
956852.870
956904.597
956855.115
956865.848
956454.300
956614.266
956373.412
956965.712
956627.244
956877.115
956782.108
956945.147
956949.317
956800.190
956548.398
957033.603
956974.225
956829.057
956854.895
956884.902
956860.110
956654.155
956871.470
956800.008
956878.975
957076.393
956923.100
956818.561
956934.199
956914.252
956820.600
956651.940
956588.238
957020.366
956984.166
957081.575
957086.473
957081.840
957009.544
957044.705
956934.697
956999.811
957042.474
957067.686
956968.669
957021.958
956999.249
957009.461
957011.495
957067.388
956971.601
956955.611
956930.246
956471.715
956914.469
956505.889
956491.776
956918.070
956801.134
957000.739
956910.889
956825.727
956846.356
956906.990
956861.258
956838.133
956848.188
956850.743
956742.453
956594.108
956729.488
957088.900
957031.709
956909.773
957112.712
957007.391
956933.948
957123.396
956952.392
956999.587
957059.178
956929.584
956945.630
957077.520
956983.503
956995.277
956983.299
956873.239
957031.693
956850.741
957022.583
957047.326
956992.844
956967.063
957074.731
957060.098
957085.414
956997.179
957010.046
957039.218
957132.667
957050.838
957158.038
957067.094
957124.706
956987.455
957234.669
956895.576
957026.476
956985.432
957013.771
956999.136
957076.854
957027.632
957096.131
956883.873
956980.394
956978.626
957005.454
956961.962
957079.839
956958.685
957136.100
956961.293
956994.944
956968.902
957013.961
956935.517
956918.643
956903.435
957002.665
956875.833
956988.658
957007.100
956646.180
956632.900
956679.522
957000.440
956876.732
957067.326
956864.339
956959.716
956940.028
956945.290
957047.178
956952.066
957001.187
956940.663
956920.663
956954.470
956986.298
956858.111
957267.475
956903.795
957068.345
956891.142
957098.352
956977.040
956991.002
957125.808
957017.779
957076.797
957027.784
957138.786
957001.171
956894.651
957061.180
957049.098
957042.120
957094.315
957157.864
957060.148
956902.061
957018.533
957062.185
957129.329
956918.946
957105.164
957060.162
957034.379
957073.292
957071.627
957123.352
957059.754
957171.434
957050.486
957162.165
957016.893
957060.596
957053.879
957006.272
957090.969
956992.836
957059.355
956990.705
956979.351
957078.685
957023.317
957046.186
957037.072
957018.635
957037.180
956972.852
956922.902
957006.297
956976.140
957058.337
957027.033
957003.231
956893.222
957061.469
956704.458
956866.923
957009.126
956951.883
957100.597
957032.363
956972.255
957039.138
957058.099
957005.649
956868.345
956870.899
956996.330
956826.054
957010.657
956824.547
957031.496
957106.662
957001.393
957048.691
956962.642
957023.536
957099.221
956811.487
956856.597
957045.523
956980.154
957012.815
956849.468
957023.444
957015.424
957019.697
957098.301
956993.291
957039.808
957039.393
957004.391
957060.544
957057.004
957034.868
957039.870
957052.321
957003.464
957064.409
957051.128
956981.435
956871.113
956985.814
957006.860
956927.843
956917.531
956946.493
957023.221
956890.241
956897.692
956912.486
956942.230
957047.034
956891.395
957061.309
956974.375
956967.501
957031.519
956957.242
956962.558
956999.854
956989.074
956943.967
956862.450
956887.089
957016.165
956962.307
957093.364
957037.943
957041.591
957075.971
956876.005
957153.950
956985.290
957003.835
956925.859
957103.430
957009.934
956963.577
957116.405
956996.239
956909.565
956764.501
956943.634
956997.026
957054.429
956823.419
957055.057
957088.760
957134.391
957041.414
956976.201
957193.828
957085.277
957097.051
957109.136
957092.782
956996.784
957048.197
956962.878
957065.390
956946.994
956992.885
956993.720
956926.528
956943.770
956988.880
956953.149
956845.900
957012.064
957066.602
956923.569
956929.612
956987.849
956972.744
956998.269
956898.261
956895.449
956931.079
956996.503
957018.903
956997.184
956855.400
956960.151
957198.874
956919.785
956969.375
956982.295
956966.878
956959.587
957038.190
956982.665
956950.944
956903.493
956979.439
956905.475
956941.261
957042.366
957014.969
956932.775
957011.325
956923.245
957009.557
957049.354
956963.149
956988.674
956883.196
956930.077
956838.663
957061.133
956945.656
957248.446
957012.123
957041.814
957012.073
956989.781
957040.411
956949.988
956900.922
956956.761
957044.272
956993.852
957011.042
957035.889
956966.926
956933.538
957048.238
957030.216
956947.189
956995.633
956872.028
956932.817
956945.996
956985.480
956888.545
957134.560
956870.369
957003.404
956903.344
957031.586
956777.084
957045.809
956887.409
956981.690
956907.778
957021.437
957044.461
956966.954
956889.760
956984.198
956902.316
956904.818
956901.745
956807.675
957047.074
956843.046
956946.546
956993.375
956884.199
957051.820
956903.214
957012.497
956840.971
957040.106
956860.714
957072.872
956871.760
956466.460
956922.965
957122.153
956880.984
957050.117
956978.444
957234.304
957117.210
957099.501
957169.977
957046.320
956599.039
957021.113
956926.573
957069.557
957013.979
956917.513
957066.382
957121.910
956939.081
956971.794
957078.888
956912.259
956977.527
957024.720
957016.283
957024.254
956989.772
956913.152
957034.362
957034.207
957046.345
957037.960
956983.476
956995.561
956610.213
956986.969
956980.928
956947.489
956956.136
957181.212
957052.814
956977.861
957022.762
956500.680
956985.468
956902.493
956918.954
956818.268
956955.366
957012.195
957037.824
956946.254
957020.116
956930.837
956894.377
956950.373
956894.535
956805.829
957003.141
956919.749
956964.702
956972.465
957047.525
956809.638
957013.409
956951.894
957083.940
956861.888
957041.489
956900.383
957051.909
956974.559
957003.260
956939.870
956827.308
957013.890
956966.542
956803.663
957086.712
956990.349
957040.356
956959.047
957031.242
956874.352
957129.327
956847.477
957041.560
956969.314
956997.443
956878.734
956899.571
956884.622
957163.713
956965.413
956985.416
956583.086
956547.250
956721.019
956870.461
956966.305
956842.647
956953.336
956585.281
956805.095
956997.563
956682.689
956956.623
957129.037
956869.168
957046.687
956561.849
956919.281
957003.769
956880.373
957103.572
956954.131
957120.347
956936.058
956754.844
956650.199
956996.380
956586.966
956492.426
956704.896
956620.305
956702.346
956679.427
956416.486
956638.384
956669.898
956651.668
956566.817
956701.727
956598.801
957096.768
957192.924
956726.368
957019.210
957129.066
957114.325
956926.444
957071.615
956985.462
956902.225
956991.037
956637.670
956744.400
957103.082
956649.393
957067.039
956929.735
957025.943
957009.952
957093.139
957034.696
957038.186
957036.990
957083.401
957017.458
957099.394
956557.362
957186.853
956465.272
956650.291
956591.119
957092.524
956574.245
957218.111
956819.010
956973.245
956902.509
957078.152
956878.758
956776.145
956893.710
957018.254
956870.272
957054.093
956849.907
957055.344
956966.326
956976.641
956940.128
956919.241
956929.399
956987.739
956942.266
957071.447
956880.908
957071.136
957010.714
957034.311
957043.167
957101.194
956982.954
956931.127
956890.864
957076.351
957007.335
957070.571
957011.555
956911.860
956928.319
957120.058
956953.167
956785.809
956972.651
956808.625
956966.193
957028.231
956947.287
956975.363
956854.206
956857.801
956917.495
956876.762
956836.395
956990.265
956976.046
957122.051
956966.203
956989.331
956903.750
956921.930
956962.299
956940.892
957048.872
956976.991
956827.705
956943.499
956831.457
956980.379
956861.046
956874.172
957106.279
957072.318
956768.591
956976.321
956804.847
956724.318
957057.112
957005.493
957041.071
956928.925
956952.469
956864.336
957039.354
956941.428
956984.924
956920.335
957014.720
956888.979
957057.851
956940.548
956951.800
956895.285
956922.163
956896.536
956991.494
957050.251
956986.547
957071.296
957141.356
956969.985
957143.440
957065.881
956992.333
957060.049
957048.850
957034.788
956837.060
957131.934
956864.565
957025.570
956607.666
957048.908
956930.980
957140.428
956835.711
957080.528
956930.566
956953.798
956938.381
957017.348
956893.951
956922.548
956842.489
956975.002
956874.368
956858.377
957030.167
956884.423
956679.196
956825.200
956823.170
956854.006
956753.893
956834.526
956780.876
956866.979
956654.303
956860.730
956793.328
956944.438
956708.790
956813.853
956913.916
956790.883
956756.402
956982.570
956874.435
956934.859
956909.961
956708.014
956998.929
956955.540
956925.121
956988.826
957073.783
956999.401
956929.239
957035.969
957195.828
957000.393
956973.672
956854.808
956856.475
956985.759
956994.302
956792.460
956990.188
956906.067
956930.497
956943.936
956913.569
956771.733
956815.488
956918.571
956931.542
956982.850
956940.503
957078.641
956863.413
956802.886
956907.950
956830.339
956908.993
956830.600
956927.433
956833.050
956930.977
956846.334
956959.106
956840.396
956816.593
956971.140
956819.303
956841.961
956761.069
956887.697
956812.377
956753.049
956906.086
956664.500
956819.464
956628.404
956796.858
956975.262
956844.416
956822.592
956747.012
956776.130
956777.121
956926.459
956810.146
956934.898
956674.717
956861.194
956937.244
956829.890
956879.166
956905.368
956776.137
957090.908
956982.356
957046.738
956770.722
956876.983
956945.115
956911.206
956962.566
956884.954
956640.400
956534.348
956606.179
956588.886
956649.778
957020.180
956605.608
956765.207
956564.511
956780.679
956699.578
956952.833
956922.883
956885.952
956961.949
956876.057
956982.422
956946.638
957058.992
956970.911
957003.884
956862.361
956929.451
956912.522
956916.326
956978.467
956943.465
956937.006
956899.399
957117.234
957008.057
956978.263
956907.735
956621.718
956990.088
956911.643
957013.320
956929.355
956811.479
956970.349
956833.878
957045.722
956936.077
957057.339
956972.227
956659.593
956516.507
956803.827
956955.093
956935.612
957129.225
956882.587
956960.563
956907.486
956690.017
957008.174
956972.442
956967.181
957037.813
956957.129
957137.096
956897.385
957062.349
957135.690
956975.936
956645.487
957152.620
956938.642
956821.392
957025.266
956662.418
956656.533
956991.618
957092.358
957149.656
957051.730
957185.858
957086.838
956953.961
957107.987
956986.830
957054.598
956918.908
957035.898
957017.304
956947.089
957131.847
