496.507
463.587
491.975
466.816
493.850
466.816
491.871
466.869
488.798
466.920
466.764
493.121
466.660
494.736
466.712
494.893
466.817
494.945
466.765
493.434
466.816
492.757
466.765
492.288
466.713
494.997
466.765
498.278
466.764
499.633
466.661
499.789
466.765
499.528
466.764
499.998
466.712
500.205
466.817
498.070
466.817
491.142
466.869
499.685
466.817
497.497
466.764
491.455
466.869
499.737
466.817
497.653
466.816
499.944
466.713
498.174
466.765
500.153
466.868
498.799
466.869
499.945
466.869
499.476
466.764
499.529
466.817
499.737
466.765
500.101
466.869
498.279
466.765
499.059
466.764
499.840
466.712
499.580
466.764
499.788
466.816
499.267
466.869
499.528
466.921
498.330
466.817
501.247
466.764
499.477
466.869
499.060
466.869
500.206
466.921
496.090
466.712
494.527
466.973
503.540
466.921
466.817
467.181
466.765
499.059
466.921
499.737
466.869
498.226
466.816
499.632
466.816
498.434
466.764
500.986
466.712
499.268
466.765
498.174
466.868
501.559
466.764
499.424
466.661
499.268
466.817
499.372
466.869
500.205
466.765
496.976
466.921
499.424
466.765
499.633
466.765
499.945
466.816
499.163
466.712
496.351
466.817
499.111
466.869
500.049
466.816
499.840
466.764
499.059
466.816
499.215
466.817
493.486
466.713
498.018
466.765
492.913
466.868
496.611
466.869
498.799
466.764
499.163
466.764
497.965
466.817
499.268
466.764
494.111
466.869
498.017
466.764
498.278
466.713
498.539
466.817
498.799
466.764
498.382
466.713
492.965
466.973
500.466
466.868
498.174
466.765
499.684
466.816
497.601
467.077
493.695
466.920
497.340
467.025
466.713
467.181
466.816
500.205
466.712
499.997
466.817
499.529
466.712
496.767
466.817
499.893
466.921
497.757
466.660
499.216
466.817
499.944
466.817
499.736
466.869
500.205
466.869
495.413
466.713
500.153
466.764
497.444
466.921
500.049
466.817
499.684
466.660
500.206
466.765
499.997
466.869
499.684
466.765
498.174
466.817
498.122
466.764
499.788
466.764
499.736
466.764
497.861
466.817
499.893
466.816
498.330
466.765
498.487
466.817
499.633
466.765
498.539
466.765
496.403
466.765
499.997
466.764
497.758
466.869
500.882
466.817
500.205
466.712
498.799
466.765
498.904
466.712
498.434
466.816
499.788
466.764
499.684
466.816
499.424
466.765
499.945
466.868
497.809
466.764
499.268
466.816
499.684
466.765
500.674
466.869
501.090
466.817
500.101
466.816
493.955
466.765
494.996
466.973
466.765
466.921
466.764
499.684
466.869
497.028
466.816
499.632
466.816
499.840
466.817
500.049
466.764
497.810
466.817
499.581
466.817
496.872
466.817
499.737
466.765
498.852
466.713
499.841
466.817
499.893
466.869
499.372
466.817
495.570
466.765
501.091
464.941
499.737
466.869
499.997
466.764
498.122
466.765
498.330
466.765
497.705
466.816
498.434
466.712
499.685
466.817
501.299
466.869
499.737
466.764
500.310
466.712
499.632
466.817
499.893
466.765
498.695
466.712
500.309
466.869
497.809
466.816
500.466
466.713
499.580
466.764
499.424
466.817
497.965
466.712
499.684
466.764
499.059
466.712
499.997
466.817
498.956
466.817
500.049
466.712
497.028
466.869
497.966
466.817
500.466
466.764
499.477
466.712
500.986
466.764
500.102
466.817
500.570
466.816
494.163
466.816
497.393
466.869
501.300
467.025
466.764
467.233
466.764
498.538
466.713
500.935
466.765
499.945
466.713
499.320
466.869
500.206
466.713
496.351
466.765
496.559
466.817
485.933
466.869
487.444
466.713
499.685
466.817
499.685
466.765
500.987
466.817
501.247
466.764
499.633
466.921
499.528
466.869
498.018
466.817
499.789
466.817
499.998
466.765
501.351
466.764
497.288
466.764
497.809
466.765
500.153
466.817
497.601
466.816
499.581
466.765
499.580
466.816
499.684
466.712
499.788
466.869
499.372
466.816
499.788
466.712
499.684
466.816
495.778
466.817
499.737
466.765
499.685
466.765
499.841
466.765
498.956
466.921
499.529
466.765
500.987
466.817
499.268
466.921
499.059
466.817
499.945
466.764
497.758
466.765
499.737
466.973
500.935
466.817
497.757
466.713
494.684
466.816
493.433
466.921
503.383
466.869
466.764
467.233
466.712
495.569
466.764
499.633
466.869
497.497
466.765
494.997
466.765
498.955
466.765
498.383
466.869
500.102
466.765
497.914
466.817
487.287
466.764
498.330
466.869
497.133
466.868
495.674
466.712
496.090
466.765
498.122
466.816
500.050
466.869
499.684
466.817
497.601
466.764
498.017
466.869
499.424
466.869
497.861
466.816
498.747
466.869
499.268
466.712
498.799
466.817
499.268
466.765
498.955
466.869
499.007
466.764
500.361
466.817
498.643
466.817
498.174
466.764
498.538
466.765
498.747
466.869
500.101
466.868
498.434
466.817
498.331
466.765
497.758
466.817
498.018
466.713
499.476
466.817
499.945
466.817
493.799
466.713
500.206
466.765
498.434
466.712
495.778
466.869
495.309
467.025
503.018
466.973
466.816
467.129
466.869
496.560
466.817
499.789
466.869
496.924
466.816
496.663
466.765
500.154
466.921
496.820
466.817
500.361
466.764
496.871
466.816
496.715
466.765
501.664
466.816
500.257
466.816
500.049
466.712
499.789
466.765
501.508
466.817
499.789
466.764
499.320
466.764
489.475
466.713
501.924
466.764
500.205
466.712
498.903
466.765
498.435
466.765
500.101
466.764
499.320
466.869
497.757
466.816
499.372
466.713
499.528
466.869
499.685
466.765
498.070
466.817
494.893
466.817
499.476
466.817
498.330
466.817
497.861
466.816
495.518
466.765
500.570
466.764
496.924
466.712
498.434
465.462
499.581
466.817
499.424
466.765
500.049
466.869
499.320
466.816
499.059
466.764
498.955
466.869
499.788
466.816
495.569
466.816
493.954
467.025
497.340
467.078
466.817
467.130
466.817
499.789
466.817
496.143
466.816
498.591
466.764
498.122
466.765
494.788
466.712
496.455
466.765
499.164
466.869
498.174
466.921
496.038
466.816
499.528
466.869
499.997
466.765
498.487
466.765
496.612
466.713
497.914
466.765
499.528
466.816
499.267
466.817
496.246
466.713
499.528
466.817
499.007
466.765
498.226
466.764
499.477
466.869
498.174
466.764
499.632
466.816
500.674
466.817
499.737
466.764
498.330
466.817
499.216
466.816
497.965
466.764
499.632
466.764
497.966
466.713
497.393
466.817
498.018
466.869
500.465
466.712
498.747
466.765
499.581
466.765
498.226
466.868
496.871
466.764
498.903
466.765
499.528
466.765
498.747
466.765
499.685
466.765
498.851
466.816
499.893
466.869
497.913
466.973
495.101
466.921
466.817
467.025
466.765
498.799
466.869
484.214
466.764
499.529
466.765
500.049
466.816
499.684
466.869
500.101
466.764
500.049
466.765
496.768
466.869
499.997
466.712
499.059
466.816
497.444
466.712
497.392
466.869
495.465
466.869
495.882
466.816
497.601
466.765
499.372
466.764
497.601
466.869
500.258
466.869
499.997
466.816
500.205
466.868
498.174
466.817
498.434
466.764
497.549
466.869
499.580
466.817
499.736
466.921
498.591
466.765
498.747
466.921
499.997
466.816
499.841
466.765
498.695
466.921
497.861
466.764
498.227
466.764
496.663
466.764
496.923
466.817
496.872
466.713
500.101
466.765
500.049
466.764
501.195
466.817
499.424
466.765
501.039
466.816
499.320
466.817
499.164
466.868
499.476
466.817
494.580
466.816
497.497
467.026
502.758
466.764
466.765
466.973
466.765
500.726
502.341
466.973
466.712
467.181
466.869
500.049
466.765
499.581
466.817
501.560
466.764
497.080
466.817
498.955
466.817
497.236
466.868
497.184
466.869
499.841
466.765
497.080
466.816
499.892
466.817
489.423
466.765
500.153
466.816
499.788
466.920
500.570
466.765
500.049
466.869
498.434
466.764
497.809
466.712
497.810
466.817
497.757
466.764
499.684
466.816
492.288
466.817
498.487
466.817
500.049
466.764
499.737
466.869
500.414
466.817
499.737
466.817
499.841
466.712
497.809
466.765
499.841
466.816
497.809
466.712
498.330
466.764
496.923
466.764
499.945
466.817
500.779
466.869
499.059
466.765
499.685
466.869
499.685
466.765
499.372
466.765
500.518
466.765
499.581
466.817
499.060
466.817
500.258
466.765
498.955
466.817
497.340
466.973
498.434
466.869
495.986
466.868
466.764
467.129
466.816
499.632
466.816
496.663
466.869
499.476
466.817
499.893
466.817
500.883
466.765
501.091
466.868
499.736
466.816
499.840
466.765
498.018
466.765
497.184
466.765
497.393
466.869
499.320
466.712
498.174
466.765
497.341
466.765
497.653
466.816
490.725
