125.742
123.189
123.085
123.189
149.233
123.137
123.085
123.033
146.525
123.449
123.293
123.398
151.890
122.928
122.877
122.825
151.161
123.345
123.397
123.345
151.421
123.293
123.397
123.241
151.681
123.554
123.815
123.919
123.658
123.815
123.867
123.918
123.605
123.450
123.502
123.658
123.450
123.501
123.346
123.346
123.398
123.032
122.981
123.032
123.137
122.981
123.033
123.033
123.085
123.033
122.981
146.890
123.085
123.033
123.033
145.483
123.450
123.346
123.398
151.317
123.450
123.449
123.398
156.838
123.346
123.294
123.346
156.161
123.398
123.346
123.398
123.762
123.450
123.398
123.241
123.502
123.346
123.398
123.242
123.398
123.294
123.450
123.346
123.397
123.449
123.345
123.398
123.501
123.294
123.294
153.713
123.293
123.345
123.501
155.380
123.345
123.449
123.293
156.578
123.293
123.294
123.346
124.023
123.398
123.345
123.449
123.450
123.346
123.450
123.241
123.345
123.345
123.345
123.345
123.345
123.450
123.398
123.346
123.397
123.241
123.294
155.328
123.449
123.345
123.398
150.067
123.502
123.345
123.293
154.650
123.346
123.398
123.398
155.849
123.397
123.294
123.293
123.710
123.294
123.241
123.293
123.554
123.293
123.241
123.293
123.345
123.346
123.398
123.346
123.762
123.397
123.345
123.293
123.293
123.346
123.345
158.349
123.293
123.346
123.346
153.348
123.242
123.398
123.294
156.161
123.450
123.242
123.398
156.214
122.877
122.876
122.929
156.943
123.606
123.554
123.867
123.814
123.606
123.554
123.814
123.762
123.866
123.762
123.814
123.554
123.867
124.023
123.606
123.658
123.918
123.814
123.814
123.606
123.762
123.762
153.297
123.971
123.866
123.918
156.629
123.710
123.918
123.918
156.890
123.866
123.866
123.867
123.970
123.293
123.397
123.397
123.606
123.397
123.345
123.449
123.294
123.502
123.345
123.293
123.345
123.398
123.398
123.346
123.398
123.346
123.450
150.119
123.397
123.397
123.345
155.327
123.606
123.658
123.866
157.567
123.918
123.814
123.970
156.526
123.554
123.814
123.815
123.814
123.450
123.398
123.241
123.606
123.397
123.397
123.293
123.398
123.450
123.241
123.345
123.398
123.397
123.293
123.345
123.502
123.345
123.345
151.525
123.450
123.033
123.033
151.265
123.398
123.346
123.346
156.839
123.346
123.294
123.502
154.859
123.398
123.397
123.293
156.734
123.346
123.501
123.398
123.658
122.929
122.773
122.877
122.929
122.773
122.825
122.825
123.658
123.867
123.919
123.867
123.346
123.345
123.449
123.293
123.346
123.294
123.398
155.171
123.294
123.346
123.293
154.703
122.929
123.033
122.981
157.724
123.033
123.085
123.085
124.179
123.397
123.345
123.346
123.710
123.345
123.397
123.345
123.606
123.398
123.293
123.346
123.346
123.346
123.398
123.450
123.345
123.293
123.450
154.338
123.346
123.346
123.241
153.348
123.554
123.345
123.293
156.734
123.293
123.345
123.293
156.734
123.398
123.397
123.346
157.360
123.346
123.346
123.346
123.711
123.294
123.293
123.346
123.554
123.346
123.346
123.346
123.554
123.345
123.397
123.397
123.346
123.346
123.346
123.294
123.449
123.346
123.346
153.973
123.345
123.293
123.294
154.807
123.293
123.293
123.241
157.932
123.345
123.398
123.345
157.098
123.502
123.449
123.293
157.724
123.450
123.346
123.501
123.398
123.294
123.398
123.398
123.398
123.501
123.345
123.397
123.554
123.293
123.345
123.397
123.346
123.398
123.294
157.464
123.032
123.137
123.033
154.390
123.345
123.345
123.398
154.547
123.450
123.294
123.294
157.203
123.449
123.293
123.345
123.606
123.398
123.294
123.346
123.397
123.293
123.345
123.293
123.501
123.293
123.397
123.293
123.346
123.346
123.398
123.346
123.293
123.450
123.502
150.276
123.397
123.345
123.397
154.650
123.085
123.033
123.085
157.047
122.981
123.033
123.033
156.474
122.929
122.929
123.085
123.606
123.346
123.346
123.293
123.658
123.919
122.929
122.877
122.877
122.980
122.824
122.981
122.929
122.825
122.876
122.772
122.929
122.825
122.877
151.005
122.981
122.877
122.772
156.005
123.918
124.022
123.501
157.359
123.606
122.876
122.825
156.943
123.554
123.866
123.866
156.110
123.606
123.554
124.023
123.606
123.033
122.980
122.981
123.293
122.981
123.138
123.033
123.137
122.981
122.981
123.033
123.190
123.085
122.981
122.929
123.189
123.033
122.981
155.068
123.033
123.033
122.981
152.619
123.294
123.346
123.398
156.109
123.554
123.346
123.398
157.255
123.398
123.398
123.398
123.450
123.398
123.294
123.293
123.345
123.345
123.293
123.345
123.554
123.345
123.397
123.345
123.137
123.137
123.137
158.401
123.033
123.085
123.085
154.286
123.137
123.137
123.033
151.838
123.450
123.293
123.346
156.943
123.346
123.398
123.398
154.495
123.242
123.346
123.398
123.658
123.398
123.398
123.242
123.711
123.919
123.398
123.398
123.502
123.241
123.398
123.294
123.346
123.293
123.293
123.293
123.346
123.346
123.294
154.286
123.502
123.346
123.294
153.297
122.981
122.981
123.085
155.276
123.346
123.346
123.346
154.286
123.345
123.293
123.398
154.286
123.033
122.981
123.033
123.606
123.293
123.449
123.450
123.554
123.345
123.397
123.293
123.345
123.398
123.242
123.346
123.502
123.398
123.502
123.450
123.397
123.346
123.398
150.900
123.345
123.294
123.242
156.317
123.345
123.293
123.293
156.682
123.970
123.867
123.815
124.231
123.241
123.345
123.345
123.605
123.398
123.398
123.345
123.397
123.346
123.241
123.293
123.606
123.294
123.242
123.450
123.398
123.293
123.398
154.755
123.294
123.294
123.345
151.317
123.345
123.346
123.345
153.505
123.398
123.346
123.398
156.682
123.346
123.346
123.346
157.828
123.345
123.397
123.345
123.815
122.929
122.825
122.824
123.554
123.398
123.346
123.450
123.397
123.397
123.345
123.293
123.450
123.397
123.345
123.398
123.345
123.346
123.345
152.202
123.502
123.346
123.346
152.359
123.397
123.345
123.397
156.786
123.397
123.293
123.397
156.942
123.293
123.345
123.345
154.390
123.293
123.293
123.241
123.501
123.241
123.293
123.345
123.450
123.294
123.294
123.398
123.398
123.346
123.398
123.294
123.450
123.294
123.346
123.398
122.981
123.085
122.981
156.369
123.293
123.346
123.398
156.526
123.397
123.345
123.449
156.578
123.397
123.293
123.397
123.710
123.294
123.346
123.346
123.241
123.033
123.033
123.137
123.189
122.928
122.981
123.033
123.293
123.033
123.033
122.980
123.033
123.085
123.085
153.192
122.981
123.033
123.033
151.369
123.137
123.137
122.981
151.473
123.866
123.918
123.918
158.609
123.605
123.814
123.762
156.890
123.449
123.866
123.918
123.919
123.866
123.866
123.815
123.710
123.918
123.814
123.762
123.502
123.554
123.814
123.815
123.501
123.398
123.450
123.501
123.606
123.449
123.502
150.588
123.606
123.450
123.397
154.755
123.554
122.616
122.721
155.953
122.720
122.616
122.617
156.161
122.825
122.720
122.668
157.099
122.720
122.720
122.720
122.981
122.669
122.720
122.668
122.824
122.669
122.668
122.668
122.668
122.668
122.669
122.669
122.877
122.616
122.668
153.192
122.981
123.085
123.033
156.526
123.033
122.980
123.033
156.318
123.397
123.345
123.397
157.984
123.346
123.293
123.345
123.815
123.346
123.398
123.293
123.502
123.294
123.294
123.346
123.450
123.346
123.294
123.241
123.553
123.346
123.293
123.293
123.346
123.345
123.449
150.692
123.397
123.345
123.293
152.359
123.293
123.242
123.398
150.796
123.085
123.085
122.929
156.474
122.981
122.981
123.085
156.317
123.241
123.397
123.345
123.606
123.398
123.294
123.346
123.606
123.033
123.033
122.981
123.137
122.981
122.981
122.980
123.033
123.033
123.033
123.085
123.033
123.085
122.981
153.661
123.085
123.033
123.137
153.140
123.293
123.397
123.293
155.536
123.293
123.345
123.293
156.787
123.242
123.241
123.397
156.526
122.824
122.876
122.824
123.762
123.606
123.553
123.814
123.762
123.345
123.242
123.294
123.449
123.293
123.293
123.293
123.137
122.981
122.981
151.994
123.033
123.137
123.137
152.358
123.398
123.398
123.294
156.526
123.397
123.293
123.345
156.213
122.824
122.825
122.773
157.203
123.345
122.980
123.033
123.658
123.346
123.345
123.345
123.398
123.294
123.397
123.398
123.397
123.241
123.293
123.345
123.502
123.085
123.032
122.981
123.085
123.085
122.981
151.786
122.981
122.980
123.033
154.963
123.502
123.346
123.398
156.838
123.346
123.346
123.398
154.547
123.294
123.241
