232.575
167.620
941.707
591.413
559.066
535.053
120.898
39.535
728.613
1044.113
337.221
242.888
216.584
57.245
747.105
767.367
569.900
247.524
576.254
683.296
90.582
599.486
759.346
30.263
638.552
774.763
245.493
733.353
680.432
366.547
1139.956
335.293
44.692
169.392
1102.087
426.917
595.266
150.067
37.503
978.482
673.348
720.175
717.050
270.860
545.678
852.219
367.120
699.184
215.438
634.802
365.973
737.208
641.261
962.802
618.655
957.177
1080.211
190.592
564.326
497.653
551.982
529.166
742.417
50.057
1071.356
825.602
716.894
546.147
181.841
978.065
242.159
506.456
654.856
33.649
373.214
790.390
223.825
797.058
977.648
976.919
766.638
814.246
1040.519
926.914
173.663
566.618
387.277
506.091
548.647
842.583
174.027
386.913
254.244
1071.407
537.293
782.108
565.524
379.881
124.127
939.467
943.426
305.811
405.352
525.000
56.099
495.987
734.291
413.218
256.118
104.125
923.112
374.464
1049.999
139.337
398.997
655.846
197.519
654.075
728.925
394.830
704.808
544.220
458.639
886.337
898.473
167.568
814.664
571.671
637.407
62.871
48.599
321.177
610.841
87.925
809.507
771.378
792.578
156.057
570.212
467.702
140.378
73.341
1103.494
795.131
41.254
584.381
537.292
979.836
704.392
160.224
1021.507
120.429
448.951
482.235
822.789
686.005
405.144
689.808
847.791
548.961
114.178
883.732
927.278
745.646
532.917
1143.915
945.301
916.757
961.813
227.262
41.462
700.746
916.393
981.086
302.322
1137.039
583.807
1145.582
548.179
533.073
940.822
419.000
613.185
325.397
859.355
695.277
1087.138
61.100
946.343
121.210
638.240
13.282
316.542
1009.995
1002.338
108.761
118.085
955.771
112.667
890.712
48.390
286.434
394.986
963.480
660.326
407.280
631.573
131.054
404.676
829.925
444.679
480.880
19.794
677.150
219.397
668.660
914.986
503.540
254.660
561.462
570.890
41.358
535.365
877.534
281.382
616.207
671.368
629.801
116.990
366.858
1117.558
861.283
585.631
613.290
821.435
527.031
900.506
812.944
950.354
945.822
710.643
86.206
888.108
897.953
201.947
141.316
402.227
867.220
334.512
1141.258
816.434
863.158
918.164
895.349
352.899
512.238
846.489
202.416
538.074
610.685
555.367
308.208
954.104
127.982
1093.858
434.313
1144.643
654.908
985.253
702.100
895.400
779.921
185.592
45.682
557.503
1073.387
313.156
947.176
830.029
620.009
416.447
1034.060
271.277
126.262
490.309
633.239
914.204
634.385
1141.831
651.731
907.745
213.927
690.485
513.644
207.729
1006.505
70.840
121.210
922.434
143.243
1073.960
75.007
1139.539
712.779
584.120
847.218
227.157
516.978
1074.324
1122.974
13.595
620.842
1029.008
121.262
215.333
249.816
272.735
226.793
794.505
971.814
151.057
1086.773
847.896
748.772
413.947
1006.036
302.894
671.472
27.712
121.783
680.483
44.379
939.103
1081.877
964.991
220.855
487.183
399.049
557.659
945.354
1083.804
832.374
573.911
166.891
648.813
107.042
679.077
278.205
737.677
985.253
144.233
475.828
395.924
531.459
918.007
334.669
544.741
957.646
227.991
337.273
515.728
599.642
1093.857
238.513
1073.751
125.325
67.924
1058.906
437.751
577.453
742.156
364.775
1139.591
609.956
856.647
227.783
889.827
374.464
258.984
440.616
947.541
834.196
896.651
215.907
429.626
847.948
612.717
64.173
552.710
742.729
1128.653
592.454
237.731
1095.889
983.742
299.144
413.010
401.706
605.997
575.942
29.118
1012.756
1019.892
1039.321
381.756
764.086
252.890
793.932
561.826
158.714
973.846
21.044
126.314
435.824
220.386
94.853
1078.543
553.023
750.334
1103.389
21.200
305.186
970.512
868.731
1122.715
1099.431
946.135
692.360
1012.547
958.063
276.746
889.879
485.621
514.061
908.214
225.438
641.366
759.293
682.619
285.965
148.036
707.830
280.601
1114.328
1123.808
219.918
461.295
726.634
873.575
558.857
485.517
312.948
549.221
220.542
1060.364
898.265
79.487
655.533
331.178
811.955
677.671
757.627
1066.042
930.143
1092.347
36.045
314.614
712.727
612.508
393.059
498.539
176.996
868.992
789.452
480.464
106.417
1107.817
1128.653
262.057
588.912
896.755
808.204
395.768
1133.861
30.680
474.422
313.103
122.460
735.905
903.370
85.529
724.081
440.460
148.920
890.921
598.704
1127.715
321.386
53.652
1071.615
301.852
374.829
386.913
1056.511
1035.622
983.482
1002.755
806.277
798.724
618.759
1109.953
14.637
1128.080
1078.856
799.089
390.872
771.013
719.498
582.610
878.055
756.116
566.254
187.310
968.949
767.158
960.927
644.230
787.525
1127.403
527.813
335.658
768.982
585.162
210.385
31.096
85.373
362.848
873.940
271.433
980.565
1059.896
549.585
1109.849
897.796
521.092
18.856
515.832
393.945
829.509
232.054
661.055
609.018
720.175
310.760
1020.413
377.120
223.980
454.472
176.736
695.172
839.353
811.226
263.360
522.082
942.332
257.265
132.774
965.043
451.086
1038.696
624.801
507.445
613.498
454.264
811.851
1096.618
461.921
371.391
728.457
78.549
994.889
42.400
183.195
292.425
946.291
182.414
869.252
298.779
672.045
461.034
476.765
796.276
1124.798
623.238
717.936
251.640
39.327
660.169
674.077
959.781
497.132
185.487
717.831
629.906
731.010
1139.643
293.518
220.803
612.195
442.492
438.429
123.085
362.692
609.852
380.767
396.080
347.482
447.335
670.066
749.813
56.100
758.512
665.274
1110.994
876.700
977.075
84.435
339.460
179.497
1083.232
732.208
136.368
426.448
220.178
843.729
159.859
1103.859
896.077
1007.391
383.475
827.217
70.632
791.432
1003.640
533.907
651.366
926.185
362.744
652.407
808.412
464.838
538.022
475.411
751.376
411.343
393.580
923.736
625.478
109.698
692.777
1122.506
725.853
824.560
141.368
328.314
979.784
57.766
234.606
520.885
988.275
327.428
805.444
64.225
781.118
236.377
510.988
141.420
544.116
779.921
1159.124
1037.185
774.034
508.487
395.976
798.881
1075.522
782.004
609.175
1044.946
921.548
94.540
620.946
643.449
873.575
368.943
19.794
44.380
29.586
947.905
626.989
956.708
338.836
170.798
121.679
756.950
197.103
555.836
171.006
416.760
541.355
514.998
823.362
1095.628
940.405
1052.187
18.960
824.560
518.020
564.899
594.903
554.274
655.220
437.127
1147.300
848.782
693.245
489.475
1061.198
893.786
196.686
284.351
146.264
619.644
564.326
664.805
856.855
223.251
132.722
418.166
196.894
180.694
827.373
953.167
56.464
141.107
1010.099
83.654
121.522
309.718
571.202
81.831
866.751
472.390
336.179
969.262
40.421
493.121
188.925
807.996
1051.145
167.985
149.182
51.047
554.065
1094.482
25.106
1118.183
279.715
364.411
99.801
753.616
121.783
769.243
1101.254
673.347
37.400
389.205
957.177
1067.865
514.582
236.481
204.082
195.280
478.328
34.535
297.061
259.973
682.567
844.719
829.560
678.608
581.880
714.966
836.280
731.582
294.404
515.363
1119.224
1119.537
334.564
428.115
51.516
832.894
845.968
935.144
226.637
294.664
317.271
788.202
78.654
1066.250
1139.070
1066.563
10.990
304.614
58.235
571.723
236.274
548.127
643.032
924.049
622.613
200.749
961.032
183.143
305.811
524.947
641.990
792.942
506.456
348.211
699.183
43.389
690.224
1060.260
450.773
429.001
108.969
358.629
1011.349
406.394
155.015
1008.797
691.214
371.443
117.719
395.716
1093.493
642.876
114.959
487.132
1068.542
1120.527
873.731
1058.906
798.933
1125.111
930.664
907.173
319.719
484.266
775.389
655.637
218.355
100.270
325.449
10.521
912.850
687.672
196.530
20.419
434.887
1114.119
60.995
669.128
542.032
1066.511
45.994
467.442
799.349
1110.839
110.219
240.492
303.519
615.842
252.681
103.448
890.869
1132.038
959.938
1145.633
763.357
780.597
253.150
119.283
921.288
785.806
241.430
669.545
719.081
969.210
516.666
866.231
1101.515
1082.241
613.915
339.513
110.272
483.381
581.984
67.506
21.929
355.400
1012.704
477.182
970.407
931.602
807.007
498.851
919.153
893.525
692.047
841.489
348.524
683.921
909.204
388.320
441.137
338.523
280.028
706.476
1074.949
925.612
439.158
532.656
198.405
855.397
800.704
311.228
1044.530
388.215
1060.313
453.847
790.234
592.819
579.640
513.540
498.278
91.468
731.374
385.767
112.406
557.398
904.724
631.833
53.963
770.024
877.118
914.673
165.537
634.073
467.390
1050.207
976.503
1073.439
680.901
754.657
840.812
681.681
823.883
387.070
62.194
916.236
833.988
597.142
451.243
725.123
896.598
343.315
145.795
85.685
1075.887
213.563
725.280
12.137
793.255
635.010
1117.714
602.142
527.500
379.620
78.758
288.258
881.701
178.299
212.937
599.382
286.487
699.860
655.117
