1197.461
1134.382
1209.650
1181.939
1179.751
1191.419
1156.572
1196.524
1186.367
1194.909
1179.231
1190.065
1212.150
1156.624
1175.532
1244.080
1161.572
1216.265
1186.992
1240.174
1196.055
1172.407
1191.419
1207.410
1220.745
1183.189
1223.818
1185.898
1171.417
1183.032
1202.462
1220.432
1182.304
1232.413
1190.013
1159.697
1176.418
1238.663
1207.098
1159.280
1197.566
1173.448
1200.274
1176.834
1141.362
1187.930
1169.178
1208.035
1174.178
1187.982
1176.991
1169.959
1204.962
1200.743
1215.172
1172.511
1276.897
1184.700
1172.407
1208.817
1195.482
1211.317
1235.902
1192.304
1175.011
1212.723
1178.293
1200.638
1231.215
1181.679
1184.387
1148.290
1150.738
1190.898
1230.485
1195.586
1208.973
1181.574
1191.314
1207.410
1163.812
1157.510
1237.987
1197.774
1208.452
1173.918
1169.646
1157.770
1159.073
1230.798
1226.371
1179.074
1154.280
1250.436
1182.460
1199.076
1160.635
1175.636
1202.723
1191.627
1191.159
1154.800
1214.495
1165.427
1156.833
1218.349
1140.685
1179.804
1167.355
1171.209
1190.378
1182.669
1187.252
1219.234
1185.117
1250.748
1200.795
1152.613
1217.307
1220.433
1169.646
1151.415
1197.514
1164.177
1164.073
1193.503
1199.858
1185.428
1196.993
1202.826
1211.421
1183.605
1160.843
1210.952
1161.052
1184.648
1243.196
1251.112
1170.375
1221.630
1210.952
1160.478
1192.252
1188.398
1194.701
1176.938
1190.899
1266.999
1191.210
1199.545
1180.689
1190.846
1203.087
1209.077
1158.551
1164.593
1210.952
1166.677
1206.473
1172.719
1165.948
1253.456
1241.216
1217.932
1197.462
1218.714
1241.997
1159.645
1215.641
1248.665
1188.450
1145.425
1201.837
1166.417
1198.191
1196.680
1226.371
1289.710
1215.640
1223.506
1155.687
1158.811
1173.761
1158.603
1151.936
1204.389
1195.170
1160.114
1243.768
1190.690
1159.958
1253.873
1184.126
1180.064
1195.638
1219.755
1169.907
1175.428
1152.822
1216.474
1147.456
1183.710
1185.741
1196.263
1224.131
1271.791
1173.084
1185.689
1209.859
1200.586
1167.771
1208.452
1194.441
1163.135
1196.368
1187.669
1274.501
1219.390
1173.397
1240.069
1176.209
1179.907
1187.148
1192.617
1203.921
1200.795
1207.202
1206.056
1172.354
1181.470
1210.431
1203.660
1164.750
1222.985
1207.150
1173.032
1189.961
1173.657
1175.428
1174.751
1200.847
1175.844
1198.556
1188.502
1221.839
1183.762
1185.221
1188.503
1165.218
1176.939
1204.649
1199.909
1185.116
1225.433
1178.345
1163.448
1180.533
1176.417
1248.872
1176.678
1198.503
1247.571
1223.714
1186.575
1191.784
1186.315
1186.106
1229.443
1184.179
1191.888
1165.584
1142.821
1234.236
1177.199
1209.703
1198.034
1152.040
1175.375
1216.213
1207.149
1167.876
1195.065
1179.282
1206.786
1195.690
1163.396
1160.687
1194.648
1205.327
1201.368
1220.432
1190.430
1185.377
1207.932
1166.989
1227.568
1181.470
1271.532
1207.306
1199.961
1225.746
1228.870
1174.439
1174.646
1182.564
1194.232
1194.857
1182.929
1257.155
1271.531
1146.050
1190.429
1175.793
1285.075
1163.500
1217.828
1214.755
1191.836
1248.508
1262.781
1338.204
1226.944
1180.898
1185.116
1241.945
1268.874
1182.512
1197.306
1178.344
1226.006
1200.483
1158.603
1195.169
1168.083
1178.137
1227.568
1208.556
1170.115
1234.340
1219.652
1150.217
1210.119
1198.815
1227.308
1186.210
1164.750
1227.464
1225.068
1191.002
1199.493
1220.484
1163.135
1180.324
1172.251
1170.583
1159.437
1164.021
1171.521
1195.013
1170.583
1216.473
1166.521
1195.221
1242.049
1184.491
1147.040
1179.804
1199.076
1184.700
1153.395
1249.081
1188.867
1157.875
1174.125
1201.108
1242.049
1181.367
1204.650
1187.461
1175.220
1214.702
1168.084
1285.075
1165.166
1166.677
1154.801
1163.969
1202.566
1233.610
1170.948
1186.210
1213.973
1200.430
1195.586
1175.115
1177.355
1201.055
1201.681
1188.711
1169.750
1192.877
1195.690
1156.988
1178.501
1180.845
1172.719
1192.669
1244.497
1226.944
1190.221
1226.370
1174.022
1181.470
1168.813
1204.597
1206.161
1146.362
1171.365
1183.658
1180.116
1164.125
1183.397
1215.431
1164.698
1186.887
1247.414
1189.596
1195.325
1287.366
1178.553
1216.422
1153.863
1160.531
1219.286
1171.990
1189.544
1237.882
1168.552
1195.587
1250.122
1170.375
1176.261
1207.306
1184.074
1183.293
1197.930
1143.550
1223.037
1259.447
1206.264
1234.496
1183.658
1178.866
1173.605
1221.370
1246.633
1178.866
1169.334
1225.068
1182.616
1195.847
1281.428
1215.536
1208.869
1162.458
1193.503
1133.184
1179.335
1183.189
1262.780
1169.022
1191.576
1218.088
1234.028
1152.822
1187.929
1210.900
1220.745
1172.146
1173.762
1226.579
1211.786
1210.327
1276.688
1183.138
1190.586
1209.077
1190.429
1207.149
1186.314
1183.710
1210.900
1196.888
1150.581
1219.704
1219.078
1132.820
1209.442
1152.978
1191.315
1197.930
1174.125
1164.646
1245.226
1181.887
1160.791
1173.292
1146.519
1165.219
1169.178
1188.190
1247.101
1196.628
1173.970
1206.264
1172.876
1191.888
1227.828
1221.995
1204.597
1172.667
1170.792
1186.106
1172.094
1166.521
1216.318
1173.813
1202.410
1218.922
1176.470
1181.105
1182.512
1237.882
1185.533
1160.061
1191.575
1224.391
1170.792
1156.259
1162.719
1167.042
1163.656
1260.592
1266.895
1240.122
1196.159
1206.056
1152.770
1168.448
1198.035
1150.894
1168.604
1170.740
1201.212
1225.433
1163.396
1214.703
1166.782
1194.700
1206.213
1152.509
1159.749
1237.361
1178.397
1200.170
1178.397
1194.961
1148.341
1205.952
1172.199
1200.431
1183.293
1189.909
1311.743
1183.918
1233.402
1227.465
1179.542
1257.363
1175.949
1160.739
1228.402
1217.203
1191.628
1191.992
1180.221
1160.374
1182.928
1260.905
1239.340
1153.707
1173.866
1204.962
1150.582
1178.501
1239.445
1158.916
1199.962
1249.029
1136.935
1166.000
1228.246
1155.478
1248.977
1157.770
1259.186
1192.252
1164.490
1192.617
1193.086
1179.804
1168.812
1220.797
1154.645
1215.692
1197.774
1175.532
1171.834
1177.251
1186.418
1188.294
1173.031
1184.491
1256.582
1173.709
1161.156
1216.369
1146.571
1218.089
1213.817
1188.189
1185.742
1181.783
1198.034
1233.975
1158.811
1182.669
1181.627
1161.000
1168.917
1187.564
1183.085
1222.984
1183.554
1207.722
1153.238
1219.964
1204.129
1155.843
1207.045
1187.721
1151.311
1204.806
1178.814
1158.448
1202.045
1203.399
1166.833
1181.574
1199.337
1213.870
1186.106
1197.045
1201.420
1191.784
1197.774
1211.682
1206.837
1181.001
1188.971
1166.260
1194.232
1192.148
1186.106
1164.958
1176.626
1133.289
1150.634
1232.413
1181.991
1194.753
1173.605
1217.047
1213.817
1270.438
1170.480
1166.938
1184.022
1147.040
1179.335
1174.230
1192.513
1197.670
1165.322
1145.581
1209.337
1169.855
1212.099
1188.033
1202.775
1238.507
1283.876
1198.607
1174.386
1167.302
1175.220
1158.656
1224.860
1234.131
1163.917
1180.064
1239.810
1173.292
1177.199
1168.656
1233.402
1168.136
1209.598
1193.242
1200.274
1207.671
1162.198
1232.048
1164.177
1162.093
1199.962
1162.563
1184.804
1214.286
1153.447
1186.366
1258.040
1198.347
1168.761
1179.387
1187.929
1200.691
1183.450
1162.354
1162.094
1164.958
1218.348
1218.349
1167.771
1196.315
1189.075
1203.972
1186.470
1196.211
1194.440
1197.254
1177.459
1168.552
1151.832
1162.875
1224.183
1165.375
1195.222
1180.897
1243.664
1170.220
1248.091
1250.800
1189.700
1188.971
1160.791
1159.020
1192.877
1193.034
1175.115
1241.893
1165.479
1284.501
1205.170
1163.760
1161.208
1210.275
1146.155
1224.131
1235.434
1183.501
1174.646
1187.148
1181.157
1241.581
1206.056
1167.667
1161.833
1191.263
1237.570
1262.520
1186.575
1211.577
1155.582
1203.399
1221.370
1189.127
1214.651
1256.686
1183.918
1255.175
1187.981
1187.408
1208.504
1169.802
1180.012
1184.648
1180.428
1171.730
1197.045
1229.131
1208.973
1174.698
1165.844
1261.322
1191.732
1261.791
1207.410
1179.178
1192.044
1141.466
1185.117
1191.419
1161.781
1195.691
1163.083
1186.575
1205.326
1227.985
1160.166
1197.878
1236.892
1158.604
1206.733
1197.566
1194.284
1162.041
1202.618
1211.786
1191.315
1187.460
1177.303
1251.373
1225.589
1157.145
1209.129
1174.126
1163.239
1185.481
1257.207
1173.188
1167.771
1188.815
1154.280
1224.599
1213.036
1343.778
1267.729
1202.826
1224.183
1212.776
1257.884
1162.093
1147.040
1206.629
1189.440
1165.687
1247.830
1188.502
1166.052
1162.354
1158.707
1141.727
1167.250
1201.420
1163.395
1161.937
1211.577
1179.803
1259.030
1187.304
1234.184
1227.309
1186.523
1193.867
1169.698
1201.628
1182.512
1163.760
1212.984
1156.885
1163.812
1209.025
1247.831
1186.366
1230.485
1207.775
1139.956
1185.846
1158.083
1205.015
1220.537
1169.803
1256.842
1182.408
1186.887
1223.662
1163.448
1156.624
1233.924
1191.419
1199.024
1212.150
1180.220
1220.224
1177.928
1173.449
1242.257
1188.814
1187.200
1183.970
1175.375
1179.438
1207.931
1169.698
1170.740
1199.962
1191.107
1228.870
1169.021
1180.428
1179.907
1182.251
1150.374
1173.084
1224.183
1208.087
1222.359
1194.024
1174.490
1194.701
1146.936
1173.552
1236.893
1197.513
1161.416
1171.157
1212.463
1176.470
1192.096
1170.376
1264.811
1205.639
1174.647
1226.371
1166.313
1187.253
1218.662
1168.448
1182.825
1176.626
1239.288
1222.464
1178.084
1189.127
1214.703
1170.949
1151.415
1197.462
1145.686
1229.704
1300.283
1182.616
1184.439
1164.021
1174.438
1184.699
1200.066
1157.145
1187.460
1190.273
1178.970
1195.899
1151.467
1174.491
1242.362
1150.165
1187.461
1201.472
1208.088
1181.575
1195.951
1160.270
1192.930
1184.544
1162.197
1153.238
1150.686
1227.308
1161.052
