29929.815
74919.078
264249.291
1305.493
224768.433
180935.534
6159.095
6620.233
260581.952
222014.309
167521.873
65179.736
183210.913
85678.781
210812.792
175678.820
1053.802
166062.459
45429.359
136863.861
230876.169
40909.747
16097.050
246888.472
202974.679
239545.406
11714.536
62333.572
174623.508
82035.610
186264.131
221361.745
246018.646
235892.287
72295.175
37898.983
149073.706
14080.237
245673.769
45447.381
176141.625
175015.473
213421.174
2293.246
55028.219
30959.187
246523.696
30785.681
82312.096
151714.487
144645.667
180714.576
74684.420
209525.113
110534.347
140204.607
75717.178
95490.735
111459.387
23516.633
211259.139
82125.724
249930.854
148256.178
153229.167
243360.156
247438.525
231933.200
264140.740
166564.852
219415.096
5384.852
126012.743
245288.992
93302.446
263908.946
134853.560
134194.381
30276.308
35585.996
263597.561
155055.128
21624.104
22567.426
133457.329
165261.287
244449.378
196510.815
19940.084
49139.931
3263.238
177342.942
145616.544
152915.282
117165.156
212505.095
149080.739
235698.779
25331.446
260839.426
148971.144
238455.769
1436.808
38071.188
263814.405
254493.907
27542.757
255479.733
147543.713
140744.660
224630.817
36325.131
233750.932
30317.405
137474.911
47441.171
48461.115
175145.852
125333.875
206283.389
177673.079
8001.046
59729.618
200641.534
169696.150
238552.602
118877.251
70786.381
88074.434
95296.654
11681.824
105190.907
133467.018
197416.269
255324.093
55798.710
17840.711
65567.171
182913.437
223419.292
256654.068
54066.353
31443.506
232153.015
151898.829
61801.956
84682.590
1661.309
37570.618
1510.357
200057.726
172291.457
208705.660
232019.252
84856.357
40360.528
196497.585
53001.144
191781.392
16911.453
19575.725
139672.524
33529.960
198742.285
252309.058
202805.757
13597.795
166934.108
61944.731
64566.655
57623.056
90714.798
149491.093
233026.695
93082.321
90973.364
238094.745
216191.760
53282.891
251560.912
66464.603
213860.958
152388.408
67430.634
147587.259
117322.464
42836.448
56161.246
58691.600
214543.317
209539.231
99774.437
138692.480
235898.644
255253.306
260257.808
234784.993
191350.934
82232.298
229823.255
7136.639
164870.051
119921.156
251794.320
255111.730
107065.258
222732.507
95940.415
30493.048
210302.536
3583.737
228937.439
17832.689
243172.848
191713.939
5845.939
196258.812
38223.234
30831.362
40655.609
84910.008
51777.118
2980.240
77599.030
63788.715
174774.410
228638.192
227968.907
258430.233
55853.091
217643.100
41968.186
91716.667
246348.942
240203.650
247882.322
212388.418
164597.369
220793.202
29114.683
98929.303
130059.548
65465.807
233417.776
82627.649
124877.477
259882.355
193149.809
65891.682
94918.805
225354.483
225781.817
260177.645
12161.247
153171.768
89949.150
2300.122
193716.584
249336.528
195027.858
221487.073
194717.619
194650.895
215196.663
10578.227
84094.980
212412.535
159104.589
124545.205
191705.085
199110.343
100685.257
47939.918
48093.787
189479.137
250460.075
50832.702
58507.466
38428.099
104105.332
168809.137
44916.392
20326.372
184021.256
131878.061
95520.374
210152.261
139421.666
152186.410
21332.304
23498.558
166997.500
8194.243
212299.347
2664.898
66160.770
62853.415
117823.971
244929.376
104634.342
200544.964
83876.991
126366.529
161315.745
260680.976
20654.373
166004.851
159206.475
205877.883
82987.268
231059.263
205880.279
135548.265
257710.736
250261.515
256706.784
47488.936
241618.114
258702.761
208927.141
230761.057
178097.550
156608.355
182868.122
127946.268
229266.171
216393.135
233295.368
12152.861
69053.503
196530.351
175303.109
251024.767
201384.265
166476.929
57907.408
257404.248
232821.312
37683.650
114906.863
169662.816
64732.714
245073.089
63869.765
192813.735
6806.450
61440.984
9213.144
14468.036
3643.170
36052.293
238900.190
257826.582
182564.551
187819.182
59005.953
8441.610
20387.055
10242.360
103548.715
73035.353
167498.123
265042.394
224663.740
223246.934
48934.079
8265.552
7536.521
4980.489
16051.786
27524.683
181639.826
192591.422
245857.801
85431.831
65711.509
50884.062
91566.601
44120.428
105514.013
179050.509
357.326
87238.676
146105.813
41988.553
25376.399
160205.324
106456.033
184338.633
60492.610
188361.944
74723.123
46976.230
87031.780
257009.314
163638.214
13322.299
202236.224
1331.381
197048.683
9079.747
85227.853
246350.663
243274.839
230138.549
235072.679
37210.740
48696.400
205874.186
199782.129
169777.931
173404.746
207833.233
155694.776
31346.153
53984.366
35481.350
149644.703
144451.954
220918.842
48789.950
63151.986
19155.632
253952.556
16373.588
61488.645
107512.698
27685.481
130413.543
191806.710
228480.991
105301.700
77504.334
11046.034
148151.692
70774.453
250403.353
208497.986
257579.266
139771.442
71157.721
174121.587
126575.822
207717.388
53890.035
143096.821
221363.312
231045.201
6689.095
127226.928
189860.895
101088.266
92296.100
20238.135
218194.147
238131.314
53306.852
173879.272
131083.036
10979.933
107010.618
22271.303
129379.587
228428.643
119372.927
235722.275
14185.613
1937.795
183291.604
210623.039
3328.921
27938.735
115206.371
144778.288
256725.537
198841.673
179437.839
255140.851
130225.140
202655.121
106502.131
209876.872
15150.499
162325.064
8621.108
157828.633
102697.226
261932.351
250215.575
111332.502
22158.740
199593.935
48058.263
180181.193
43095.849
10951.858
225429.650
91141.142
14393.654
36163.814
164083.883
82594.886
21318.762
156806.188
222765.325
134978.992
75140.508
169750.482
183093.667
257889.923
69754.458
100541.494
54378.989
59852.391
147868.905
141462.441
93404.698
20323.090
261343.804
196452.167
199057.475
245592.517
235508.974
169986.495
380.923
221783.979
151877.266
39138.429
249839.809
120360.784
259814.331
3533.525
144990.028
233339.177
23169.568
95937.656
210157.108
6450.061
223984.821
59822.753
193726.223
73373.512
262519.857
34994.376
58661.546
79766.432
259262.089
262438.704
235730.975
260049.980
91694.687
168974.312
44524.896
12411.740
228822.640
233282.818
258790.689
5180.561
61810.813
116830.439
71249.084
236407.396
101281.567
83918.611
250156.455
143316.895
42675.495
179050.302
121312.181
106955.665
40563.257
196841.893
120494.236
29283.294
199229.681
169610.833
118024.878
151145.528
64871.999
236866.921
261370.526
77806.916
31358.810
18761.322
1788.821
80841.121
262801.292
169745.325
23793.275
8364.885
406.029
217237.335
64997.532
11544.885
141823.207
168570.314
25160.232
23727.488
5169.623
8934.524
166643.979
14107.948
224715.779
24715.501
125285.383
166036.731
45270.802
73765.009
26781.329
192440.055
181772.913
34939.839
1382.167
119979.706
94320.987
152663.491
140286.284
204999.779
223942.891
243400.272
8978.122
24516.159
36116.414
33622.471
235754.416
4757.864
194292.841
189735.831
229022.921
97906.391
247024.065
20072.337
263848.114
28737.720
123766.328
10324.712
242241.512
22430.016
225763.799
175377.858
22817.816
204489.833
58120.659
260070.555
22216.818
108775.845
99449.512
51959.428
59390.315
104814.518
193466.407
206541.598
95667.734
139955.784
224728.073
117469.147
92406.111
195352.790
144894.029
16056.995
31664.830
44315.761
214398.463
66495.389
8421.765
136796.672
218272.281
50185.869
207937.516
218662.632
64489.410
189178.330
24484.333
63853.514
54771.424
122142.158
218151.489
150437.439
2403.987
225019.820
238837.792
152108.020
153322.098
126553.217
37795.329
3088.949
99014.313
100394.344
84268.176
258571.398
198829.746
1823.617
53770.648
153779.225
36905.085
48627.278
144150.884
98589.896
56667.704
182735.248
23579.765
65304.438
132954.210
10990.663
13842.871
17901.707
36576.615
263874.003
219898.119
175725.497
98977.851
261060.549
97781.119
124024.687
77171.438
229557.088
119557.374
201249.619
92604.881
228189.871
199745.097
232163.439
54550.309
47713.908
24520.014
51074.185
61212.839
252133.943
198590.400
253333.280
108118.020
54591.770
117678.022
119700.982
217310.938
28304.656
38986.800
226472.307
263513.186
3072.125
229176.792
141254.349
8355.613
120772.024
10257.674
125549.472
21827.666
257333.673
69684.192
51693.674
187151.255
70891.810
5541.013
155515.178
265562.398
194231.482
223111.976
32473.244
91367.989
142582.449
241324.912
52587.772
93065.292
191257.076
169383.468
10638.753
186939.828
126318.455
36523.954
123543.078
236418.076
152524.519
52881.030
207579.408
246033.709
151889.926
78182.266
154324.697
247666.578
249715.373
19892.684
183431.098
4246.563
77494.126
44115.533
232589.628
152313.978
172708.326
14166.497
10896.904
246820.765
222970.974
49120.921
144219.537
80870.603
8242.946
97276.643
49249.839
5081.384
194902.747
249232.825
159922.851
200456.209
150249.817
207683.378
227092.524
179606.400
144247.873
118262.924
29344.342
55396.641
221042.868
87482.086
168338.990
63365.758
28689.903
257034.946
9051.150
44903.579
204774.134
68695.396
24427.609
73867.467
51328.065
78615.902
84208.275
139135.600
173474.183
208159.570
174787.906
255700.753
125534.680
238943.012
6523.714
143999.307
145338.502
118885.016
2546.136
37699.122
195888.156
84215.411
251635.145
38258.343
92594.776
32490.224
153198.232
102927.458
15402.034
204988.895
59527.256
149343.843
20087.703
105683.198
133840.184
207448.668
97581.778
5496.581
95890.101
245747.588
26662.621
11531.081
42371.299
153165.468
77152.269
29939.088
215596.864
21327.096
197804.595
250128.018
226992.985
118082.594
249621.354
182206.968
5062.216
130354.477
178648.858
195436.758
252311.878
194088.605
216422.727
9479.785
250696.928
259322.412
211262.740
9281.225
225957.153
2415.655
196909.715
150635.012
148511.991
199805.365
246525.217
169710.637
66252.344
94281.765
21595.612
166722.843
12240.005
212477.392
192531.109
175090.644
71485.358
178879.454
223695.160
209929.225
257645.580
155177.698
199048.467
227639.663
188016.810
221079.955
76957.719
166056.371
164806.300
22947.620
255688.878
9271.797
209038.043
1163.708
263450.526
250484.772
181127.435
185677.779
38733.234
18149.075
128989.083
210661.589
47698.021
216572.586
237305.196
228437.502
226611.177
251959.970
112896.460
109385.646
359.775
163970.229
240130.526
166112.992
131690.547
144706.096
25049.337
215538.057
160256.947
142214.601
5395.843
16626.322
175195.238
257950.194
262404.746
44255.443
6595.179
253284.996
97853.159
168919.726
164195.251
258787.725
84238.018
104863.900
158828.370
181851.257
229228.465
83517.218
21080.040
245687.739
190028.624
115521.770
235930.426
230164.234
22550.967
40924.907
59828.848
14488.819
70090.951
18842.008
62342.533
87335.562
25211.280
217923.292
109620.825
144013.997
146029.872
248652.614
47904.291
254878.330
257755.175
3701.718
139650.391
43427.341
14150.870
7535.949
1992.280
10664.954
4019.510
196716.781
43581.263
42551.265
102939.388
41318.800
12635.253
