991.139
162.099
120806.248
21634.574
149342.282
165235.823
132896.967
2586.296
576.567
171636.243
70493.542
41999.492
122997.452
96122.260
48116.395
55537.437
46956.699
107773.404
24887.133
144281.367
15340.154
43003.236
175969.794
32373.130
4790.107
31974.600
11975.448
105514.588
76112.064
102980.277
143561.661
21238.702
73825.641
32488.193
156766.657
105882.802
62012.293
157663.568
59836.922
154217.032
26190.282
110898.295
34914.942
165625.861
2708.495
91293.191
40955.171
101758.230
147490.797
67501.165
123284.408
98590.262
118921.896
32416.728
88697.988
142950.611
136150.360
19589.269
35302.532
171444.142
138626.593
45527.547
39699.006
18350.658
6364.949
46276.788
69569.129
36633.652
106428.273
33232.224
12544.462
94266.191
55353.565
44775.911
158472.814
97565.370
121693.835
8975.622
33265.613
130846.714
66394.494
43484.846
35598.916
147312.760
33706.698
51624.032
68445.477
166784.777
81686.205
144938.985
63752.411
54372.219
12712.655
113921.561
51581.216
138655.450
4557.740
45451.655
3303.502
81533.273
33562.256
24917.137
139374.896
119266.826
9405.560
170773.763
132106.473
81648.232
121989.698
151334.092
158334.572
92848.396
155901.573
15075.649
152246.473
31131.184
66633.476
74504.770
68385.262
120944.439
30259.693
64598.224
140844.884
72425.868
134982.850
6845.985
107524.682
68162.377
116001.973
8998.697
69374.579
168130.587
21749.846
90088.645
149924.996
6875.571
34563.397
166404.479
125138.600
112543.092
123093.973
143200.533
41090.236
125872.006
133892.378
77590.282
61597.877
55449.043
155198.535
154177.548
120359.277
123836.286
132457.393
20382.472
55574.890
162394.138
8280.085
116076.200
123572.301
61123.872
156437.146
64391.120
79431.660
99528.636
119841.414
52320.871
86928.283
114770.186
132047.197
38936.067
151350.501
85695.089
80432.749
48288.392
85403.237
158404.162
40425.015
130163.731
75486.533
140412.655
152238.608
83706.300
100772.092
163233.335
94806.766
55226.522
42871.453
166608.667
154638.688
38467.895
70507.555
125223.192
97792.684
115822.946
130613.983
17941.763
158095.486
23629.145
147353.545
145190.676
48991.482
147143.680
48854.177
30639.417
71754.917
50455.168
123803.991
114224.560
153663.280
116711.158
168923.842
39431.844
166812.333
69943.385
59920.264
174531.633
7781.181
43349.521
130968.966
98047.605
110212.395
120992.829
90137.818
93987.571
151184.078
158836.288
150380.249
155555.966
176326.080
148813.741
62901.182
140149.816
71926.392
109742.974
152316.377
125584.374
78488.964
81854.868
101042.379
161504.624
118087.335
116820.284
49550.339
102809.167
156051.067
86902.969
40077.532
153341.895
90859.242
130273.950
25549.959
91288.660
6279.055
26926.500
148766.445
78190.601
116103.599
88441.557
144470.345
81504.469
115026.878
75704.420
68890.000
29826.733
169387.378
156546.584
124294.039
146098.110
1949.514
31285.887
7558.659
27909.149
58211.034
72574.060
90502.853
100892.000
132380.043
144887.938
79377.542
72084.845
62621.676
65933.616
6400.108
137468.199
44532.241
53772.369
132891.968
166245.037
176454.583
112764.573
64599.630
160406.547
105648.561
136778.809
142995.044
108974.460
62800.912
24687.947
136283.811
25922.183
41152.690
141188.930
149063.870
77218.995
6361.251
135497.067
141777.581
23048.463
54499.836
53163.767
62165.798
73432.894
156343.127
154819.696
140297.748
49438.453
113543.243
63646.985
36344.353
148096.796
76265.933
145080.562
98043.803
149460.628
153405.911
167938.850
70617.826
84898.605
5469.339
102233.278
71087.299
51994.225
174942.351
97087.720
119235.209
89145.220
163483.464
162193.755
58686.289
85326.981
74951.846
32671.232
135820.745
46133.441
94221.136
10897.946
32211.135
103438.605
12791.205
147767.649
67599.249
104816.969
169536.195
119941.684
76044.193
29451.072
4063.159
130904.221
29212.090
114684.397
123731.485
33652.318
32249.420
164210.567
4779.585
136341.213
148928.701
160497.025
167053.763
78610.643
55068.173
125805.751
110086.185
158155.545
16012.720
164889.853
141882.331
127956.327
104495.218
150246.694
147213.324
19612.448
134832.003
139847.548
170942.687
9985.513
39839.437
52546.988
99079.165
142867.324
156362.556
79158.978
85744.105
112243.167
137457.156
43038.449
19398.261
133489.944
78148.306
54701.626
33986.310
154000.292
97521.513
88287.428
92591.653
59156.752
92185.155
143829.241
152695.894
44958.586
35343.682
171869.185
70012.506
81090.002
10308.982
153564.521
82244.646
108259.130
160467.803
111848.962
13636.340
24883.175
39835.010
28660.577
151432.593
136207.554
157894.894
15253.270
11031.918
156495.277
89720.433
61630.589
91032.958
59555.125
9001.353
55937.790
93676.030
89885.710
74024.203
141812.324
89494.682
44708.092
122887.392
91080.202
82981.750
154108.012
126239.336
92929.603
14662.326
124962.491
50176.130
10810.073
133551.929
18005.311
137123.217
50184.099
105975.000
123799.408
28462.017
16771.700
59287.286
58891.882
18645.062
38132.914
121283.067
120318.337
101479.349
158377.078
91908.253
154791.725
79127.569
176152.783
111078.001
138479.913
129331.098
14346.983
26197.002
39029.774
152668.027
18180.069
62735.645
18930.975
62190.540
144586.608
101058.527
1794.655
65400.282
167474.795
43521.622
33337.600
102233.851
151057.712
46166.517
23352.607
149787.900
30166.455
107964.310
175462.507
158771.856
158136.221
66981.115
13496.743
174828.851
159817.063
159338.579
72721.158
173695.458
128334.854
45346.228
113784.935
114044.595
106435.254
3200.211
34341.292
26676.320
40795.104
509.321
148460.739
50974.906
839.979
100251.104
14161.600
113079.136
79910.563
169228.874
109450.446
37048.850
77645.445
20693.649
175716.751
114753.728
84204.006
63568.956
19100.628
127257.925
80696.526
168383.582
7958.387
14124.358
1495.356
16118.771
109906.845
84402.515
131464.484
117249.442
86517.723
111391.730
150169.188
173590.136
11351.063
175388.594
92978.254
122142.422
59390.213
70767.425
57044.878
42247.278
74643.119
102894.958
30194.791
106128.035
121683.575
169722.881
21785.474
38538.632
669.181
34232.427
172814.956
46691.881
61853.528
12179.634
155230.310
20420.601
21755.107
8081.107
19669.173
127318.817
103148.264
160712.568
14126.962
4107.956
157868.851
127111.869
62677.202
16050.640
117873.096
86949.433
1278.095
84702.649
133380.090
160497.964
29512.015
87799.985
103309.060
65724.481
87547.355
148258.323
25065.745
66075.193
76127.379
82591.920
66794.326
84668.531
99828.563
14568.984
55960.865
160630.581
36403.266
130639.351
93652.226
48318.083
44796.643
20737.820
43640.852
23102.167
137396.057
95040.071
8545.788
19290.854
67077.219
165214.573
86021.372
91898.148
78072.153
96811.287
10405.034
166252.436
99348.255
125166.678
93246.561
14923.446
26817.167
82806.733
156077.633
84769.166
155945.172
30339.024
25396.403
3730.158
4815.630
107245.907
74817.406
47936.170
48288.705
24756.756
155186.139
54772.623
77889.062
34485.160
38709.534
60850.044
68689.564
86914.481
74411.846
126440.606
14288.540
82706.358
146368.242
25295.403
139336.353
152468.476
36704.598
45045.261
161880.495
50925.735
106174.603
77768.166
111994.133
26387.594
37856.221
84005.341
21545.086
23690.923
128289.850
77367.553
60706.540
81136.882
24359.686
64340.803
18584.431
9798.672
7079.915
4064.254
165630.083
101580.870
59593.462
166961.985
59376.305
70103.245
1413.159
32926.726
51972.609
36362.636
41888.232
29656.717
3324.442
25029.961
173512.055
161101.981
152634.274
75133.218
80003.698
159189.189
25702.161
129134.985
138168.321
149735.239
92460.704
114981.510
74112.442
105522.820
134019.372
120091.232
44637.252
71989.837
49844.691
68382.972
166877.862
173453.039
59587.263
25437.292
34489.067
109253.239
24004.860
29689.793
53362.641
20695.108
136703.385
54390.607
101551.180
125556.405
31137.696
174664.252
99616.928
103546.324
13414.860
70736.328
94192.072
24514.233
128998.721
74462.215
36186.838
175169.667
14717.176
47953.829
24704.876
50287.599
167844.728
153180.682
27240.751
11825.537
64262.776
96012.303
130542.311
30652.232
20121.770
93828.077
63561.248
77914.117
22758.800
159684.238
11795.691
80789.712
123246.334
16994.326
13916.056
163319.544
165968.762
9767.106
176454.116
173231.456
112559.137
39876.732
128231.876
170031.193
13977.259
6556.686
72202.357
161533.586
53330.086
34565.169
21040.558
56353.352
5357.141
156630.084
161525.097
163800.372
57829.486
47860.851
35803.780
158362.702
50001.686
147128.890
55928.050
56430.859
44814.092
126929.352
136078.116
144713.027
21411.741
149220.190
8990.675
147405.167
100576.449
149130.910
38140.572
135967.949
69381.299
80785.857
88032.143
137018.157
83822.146
149668.046
164104.152
144305.591
58318.441
39250.838
48376.631
132267.689
66081.340
110259.484
70386.137
75632.330
157532.464
53330.503
109767.249
145944.502
21204.481
129685.300
117618.228
146011.072
103033.201
31932.514
172285.842
139196.027
159368.843
167828.894
73781.368
165602.164
53399.103
57416.009
68265.773
60974.588
12817.249
53730.177
40846.255
70278.107
77520.016
170274.967
41422.822
112103.312
162533.738
66472.836
140652.993
119643.793
81593.333
2862.885
73162.609
116792.574
145956.536
103863.907
28229.650
127088.117
175215.192
95421.672
6734.673
26038.445
47942.734
23016.898
58126.495
47882.520
8263.989
49628.629
29867.311
93271.461
18659.439
6323.746
44494.687
51837.492
168787.581
173493.878
92365.799
509.321
76467.413
19198.971
152053.228
105276.182
78318.220
83053.112
57320.583
143016.663
161220.692
60424.325
119540.501
175892.812
161399.668
67397.354
17528.442
80925.298
45420.872
30947.470
113104.451
61739.976
153794.701
133231.482
15842.599
78648.044
139251.345
39301.780
50019.761
89361.336
115341.234
76216.972
55983.628
105571.628
18517.081
42967.505
81239.288
176235.606
128423.614
7649.866
133433.534
32246.816
15325.361
114051.055
175567.155
122992.872
167886.191
46191.989
6497.722
39735.520
71077.456
19195.846
167811.132
138310.835
19666.256
46558.066
128455.284
32668.628
159073.138
170165.582
110812.976
122179.719
86198.839
173050.448
9570.524
87892.598
5504.343
20941.694
144798.401
45832.839
82635.363
39160.307
150112.777
99016.140
153429.979
90599.948
127236.831
20411.277
70713.358
147430.118
76131.859
58910.531
142690.068
87742.115
121217.697
73447.377
48655.512
155723.433
135337.315
52585.169
103800.725
138170.406
49046.644
104133.154
102211.454
4418.299
161581.821
35105.587
148551.426
156946.418
54737.621
25096.425
71860.137
40139.935
135043.015
49238.174
47539.256
70732.735
152307.733
104536.422
121577.056
104700.761
25745.760
87886.504
159776.019
973.273
151322.323
49684.832
69878.119
