669267.458
669397.263
669573.113
669698.647
669868.924
670195.623
670179.580
669815.013
670334.804
670216.720
670179.893
669878.040
669977.321
669860.799
669945.808
669828.453
669866.581
669315.070
668907.633
669255.115
668982.589
669134.167
669470.137
669701.306
669883.824
669866.635
670254.225
670475.237
670208.127
669941.069
669765.323
669720.632
669780.377
669560.460
669385.130
669256.628
669695.213
668980.924
669669.013
669372.577
669872.314
670331.786
669973.366
669992.639
670573.113
669916.225
669811.163
669679.275
669461.545
669226.002
669289.393
669572.546
670319.286
669893.412
670318.141
670157.708
669613.124
670143.228
669881.588
669332.941
669547.545
669731.313
669379.456
669799.914
670071.243
669772.151
670299.650
669940.136
670388.045
669992.277
669759.337
669377.061
669393.365
669819.500
669579.216
669732.825
670525.039
669841.065
670211.310
669057.499
669355.601
669378.468
669394.303
669372.842
669930.971
670449.980
669675.425
669891.071
669285.335
669636.619
669645.318
669060.208
669081.044
669449.310
669990.665
669874.508
669894.614
669608.857
669726.994
668933.790
668732.938
669133.967
669890.865
669561.249
669391.701
670184.227
669918.315
669154.386
668856.493
669116.779
669740.330
669302.370
669901.752
669764.343
669793.773
669250.803
669152.252
669518.798
669578.960
669385.504
670113.492
669919.515
669660.688
669577.346
669405.663
669403.110
669746.999
669721.840
669784.294
669809.453
669594.640
669297.111
669341.073
669604.172
670197.773
669667.096
669541.407
669339.147
668501.565
669816.538
669340.762
669436.709
669747.938
669586.776
668781.489
669326.542
669246.066
669390.195
669757.574
669630.792
669587.506
669031.514
668962.653
669502.186
670128.706
670300.441
669948.949
669264.089
669111.002
669300.188
669851.960
669323.991
669473.278
669821.958
668665.646
669323.627
669879.255
669603.238
669811.488
669657.515
668909.629
669113.295
669939.886
669885.767
669774.714
669537.816
668955.103
669083.137
670021.302
670194.288
669889.258
669768.413
669567.038
669565.945
669559.642
669771.850
669285.761
669424.682
669506.929
669451.976
670261.795
670162.307
669642.412
669210.494
669451.039
669652.308
670234.293
670203.092
670021.929
669112.672
669403.795
669878.269
670056.724
669126.112
669516.723
669517.557
669731.536
669674.343
669394.055
669502.503
669353.478
670081.102
669695.856
669854.310
669042.824
669772.895
669430.101
670201.531
669687.887
669630.538
669447.238
669169.816
669994.845
669863.530
669415.830
669288.995
669769.042
670504.166
669894.627
669273.941
669682.836
669831.809
669863.583
669975.989
669815.245
669307.175
669277.797
669626.893
669708.724
669355.461
669119.917
669486.411
669719.090
669469.847
668906.146
669533.448
669986.982
669778.940
669370.358
669547.095
669636.426
669375.203
670106.994
669247.794
668694.512
669475.317
670201.587
669418.698
670028.393
669473.495
669840.563
669833.321
670016.465
669358.120
669854.886
670112.829
669247.692
669941.614
669029.441
669773.733
669526.678
669631.428
669374.580
669366.975
670014.070
669345.775
669450.734
669492.508
669981.359
669563.036
669574.027
669833.271
669920.155
669590.383
669069.291
669278.425
670151.897
669564.964
669351.506
669336.036
669611.167
669761.703
669461.673
669139.923
669097.315
670862.176
669491.156
668879.482
669706.489
669700.812
668913.755
669180.709
669752.015
669495.896
669727.169
669305.878
669097.524
670539.020
669990.789
669012.829
669067.052
669897.083
669654.975
669231.600
669470.062
669148.259
669437.766
669926.096
669544.757
669356.092
669521.994
669441.882
669508.555
669330.257
669332.757
669412.921
669519.963
669844.891
669834.890
669513.973
669355.833
669574.969
669542.727
669466.416
670096.843
669511.213
669874.999
669480.637
669731.808
669495.691
669729.464
669604.191
669692.950
669437.769
669250.355
669594.347
669868.593
669870.780
669838.694
669440.999
669618.933
669590.753
669112.269
669319.841
669726.600
669395.682
669505.849
669675.762
669466.939
669200.611
669513.559
669716.339
669221.134
669682.482
669584.608
669721.236
669873.178
669606.745
669699.411
669806.921
669592.681
669848.072
669360.316
669585.285
670127.267
669683.108
669767.960
669770.616
669380.475
669584.348
669390.111
669869.533
669609.038
669452.408
669455.639
669702.329
669794.213
669298.435
669288.539
669821.872
669352.191
669351.149
669960.376
669528.667
669182.174
669727.541
669627.063
669605.238
669835.312
669730.562
669680.349
668987.312
669921.936
669518.615
669320.157
669685.663
669535.596
669033.567
669559.765
669749.992
669365.788
669471.006
669880.839
669267.445
669540.180
669274.060
669515.803
669171.237
669299.948
669864.691
669409.595
669717.125
669272.655
669090.970
669620.449
669714.677
669505.594
669996.788
669813.437
669882.871
669680.716
669955.326
669549.557
669667.329
669761.558
669611.386
669639.046
669483.249
669495.125
669730.409
669924.021
669777.810
669629.201
669357.925
669579.404
669755.829
669630.399
670212.488
669298.648
669171.136
669702.021
669756.819
669641.390
669904.281
669618.940
669741.348
669550.861
669517.733
669488.928
669328.079
669428.453
669568.519
669388.398
669319.953
669621.962
669685.354
669623.265
669984.810
669440.591
669145.301
670595.184
669658.997
669532.215
670097.270
669532.891
669210.464
669413.818
669846.881
669288.076
669693.012
669592.064
669199.526
669686.761
669576.855
669441.738
669893.710
669619.724
669530.027
669490.596
669533.674
670255.828
669244.375
669133.062
670023.514
669276.305
669821.463
670070.081
669377.149
669016.540
670020.129
669661.083
669301.152
669650.405
668752.347
669642.748
669306.361
668961.379
669296.256
669387.098
668800.791
669426.269
668904.447
669306.674
669460.700
669062.014
669211.509
669299.277
669775.783
669470.909
669520.341
669511.643
669899.389
669606.912
669601.547
669566.701
670033.569
669850.999
669607.954
670072.740
669916.058
669741.145
669751.719
669518.258
669268.547
669898.712
669817.455
669564.617
669697.235
669570.191
669229.272
669398.716
669340.376
669643.063
669539.355
669670.253
669937.623
669219.480
669464.868
669433.199
669152.651
669811.152
669620.092
669296.675
669621.447
669710.622
669298.916
669184.529
669065.194
669789.068
669788.964
669221.825
670076.283
669506.280
669188.332
669330.481
669284.904
669783.651
669296.520
668762.353
669159.788
669465.547
669523.834
669704.842
669793.861
669734.116
669982.265
669558.942
669266.310
669399.447
668971.124
669594.467
669526.908
669421.637
669441.327
669346.942
670134.416
669457.057
669432.681
669020.348
669749.586
669002.169
669520.397
669320.065
669921.635
669290.167
669342.723
669369.446
669093.584
669211.045
669573.737
669381.791
669895.852
669094.835
669090.304
669853.295
669254.174
669698.020
669947.107
669308.399
669531.701
669083.897
669679.268
669812.302
669659.475
669437.161
669302.252
669465.028
669341.892
669244.590
669738.390
669308.034
669380.802
669775.424
669243.185
669560.612
669330.589
669303.503
669508.575
669753.026
669564.049
669452.320
669557.122
669514.566
669515.243
669539.360
669380.647
669433.412
669474.041
669860.485
669679.270
669427.422
669522.484
670178.069
669193.024
669453.206
669882.363
669170.731
669624.317
669599.992
669386.273
669571.916
669551.133
669551.393
669348.977
669845.797
669413.567
669869.445
669381.377
669219.798
669663.176
669495.659
669824.389
669780.948
668990.661
670032.431
668847.783
669204.798
669554.467
669619.265
669647.081
669701.201
669344.760
669518.474
669644.894
669281.629
669450.238
669565.615
669539.779
669037.647
669686.304
669370.596
669113.748
670022.691
669514.829
668972.693
669142.188
669386.119
668956.180
669234.385
669048.117
669859.499
669673.334
668884.402
669088.017
669172.347
669005.769
669496.182
669038.168
669030.354
669163.858
669474.513
669601.453
670032.693
669695.785
669973.573
669562.751
669956.332
669408.517
669401.694
669459.721
669851.791
669463.314
669327.937
669420.081
669026.553
669822.516
669426.801
669350.283
669808.505
669392.839
669834.497
669856.844
669793.140
669311.374
669412.425
669897.316
669347.627
669691.515
669370.858
669356.118
669641.093
669401.799
669237.044
669311.269
669738.135
669536.969
669394.923
669062.755
669645.053
669084.633
669290.487
669341.950
669188.914
669544.730
669511.133
669532.646
668851.538
669437.898
670042.645
669775.014
669731.051
669864.085
669902.839
669086.873
669264.131
669665.524
669308.614
669732.979
669311.218
669668.858
669637.605
669417.427
669768.451
669758.555
669652.085
669473.058
669697.142
669391.643
669717.040
669676.516
669826.426
669963.471
669626.927
669461.026
668898.522
669436.232
669187.926
669420.657
669531.189
669042.599
668893.105
669198.500
669500.144
668840.079
669640.419
669225.326
669486.706
669520.407
669308.147
669331.586
669273.768
669856.898
669280.645
669650.003
669427.898
668951.446
669253.975
669799.341
669623.074
669024.838
669282.676
669682.559
668946.549
669585.987
669355.027
669536.503
669613.438
669352.839
669311.481
669589.373
669363.153
669463.267
669568.069
669439.827
669922.427
669371.331
669521.867
670000.612
669661.516
670070.775
669607.813
669976.652
669200.846
669583.956
669303.825
669568.799
669450.089
669555.204
669477.020
669446.182
669028.433
669700.740
669271.999
668798.046
670290.693
669425.192
669839.972
669719.127
669487.021
669066.250
669452.747
669372.269
669746.057
669223.610
670163.859
669712.668
669820.179
669641.672
669521.139
669249.341
669826.950
669343.465
669940.191
669699.855
669356.905
669566.717
669418.421
669453.737
668958.116
669270.073
669558.330
669814.606
669614.169
669364.926
669797.104
670008.948
669556.143
669546.767
669779.185
669058.022
669489.522
669541.350
669680.478
669649.382
670120.782
669782.468
669655.216
669435.402
669550.518
669309.766
669578.229
669611.409
669507.910
669350.603
669654.174
669483.011
669275.804
669521.922
669279.970
669541.976
669374.251
669643.236
669397.066
669535.986
670177.716
670079.893
668984.786
669456.915
669616.827
669785.959
669702.044
669734.807
669403.838
669520.828
669746.163
669792.418
669840.964
669253.927
669591.512
669713.765
669767.311
669880.969
669513.900
669322.737
669703.659
669503.066
669613.390
669700.586
669067.764
669368.261
669724.391
669476.762
669533.435
669539.841
669765.385
669361.490
669685.637
669387.900
669613.287
668975.411
669432.696
669607.088
669710.067
669574.168
669442.957
669752.206
669768.354
670059.424
669682.200
669914.670
669392.536
670505.823
669455.094
669869.406
669759.447
669763.718
669448.948
669460.928
669853.311
669719.391
669407.225
669610.319
669344.563
669516.819
670061.144
669245.595
669284.870
669475.096
669611.048
669026.771
669509.944
669505.829
669456.032
669449.469
669281.693
669898.785
669858.364
669521.820
669437.072
669603.704
669741.217
669642.770
669847.791
669304.924
669631.155
669613.183
669377.015
669647.614
669190.695
669339.095
669778.617
669455.044
669897.483
669669.127
669503.277
669785.389
669939.883
669879.356
669173.975
669340.606
669155.171
669365.451
669397.851
669284.038
669725.278
669156.264
669431.396
669602.402
669653.762
669855.865
