1198
986
1270
968
1250
827
1126
1062
1042
1057
1169
1095
1089
980
1089
1057
870
968
1032
1058
1043
986
986
1142
1171
1109
1053
1270
988
1027
1391
986
936
1068
1334
1201
1112
1013
1236
881
1100
1062
741
959
1060
990
993
1087
1155
1210
1064
1084
1037
906
1093
1120
988
1002
1316
1105
1209
1035
1207
992
952
912
984
1137
869
1135
1096
1058
977
1086
957
1346
1185
942
1019
1106
1132
1073
998
990
1038
1090
1046
990
1142
1451
986
1090
922
1054
936
864
1104
980
998
988
1141
990
1042
1045
1304
952
1271
1084
1103
1164
845
1194
1050
1116
1213
1064
1154
1067
1050
1103
1024
1047
1158
981
1202
948
1102
1168
1157
931
1211
938
1194
1139
1047
1070
995
974
1033
977
1082
1111
1072
1030
1090
999
906
1025
1032
1060
1331
1091
1060
1049
1111
1226
1174
1016
1159
864
1171
986
1264
1024
987
1427
1043
1036
1232
938
1100
1223
1087
923
1140
1307
920
1157
1044
1005
1063
995
1118
1103
982
1083
1312
880
997
1100
865
1043
915
1074
1056
836
916
924
1067
1230
1054
929
978
1152
962
923
1256
1174
989
1247
1159
916
1121
986
965
1107
807
958
846
1526
957
1107
1063
933
1098
929
1118
900
987
823
1169
1102
826
1484
948
1033
1285
841
1098
871
1147
1211
1052
1172
954
1032
835
1031
1117
1159
1064
1212
989
1050
1049
1116
992
1045
1181
1099
1092
1189
1485
1147
995
978
1102
920
1167
1103
1001
1226
1144
858
1035
1152
937
932
1044
1067
1017
1102
1163
1160
911
1030
1094
1058
931
1039
1079
1249
964
1130
1084
1264
1043
1040
1100
1060
1172
1040
1149
1066
931
1359
1029
1107
1270
854
1077
1385
986
982
1056
1114
913
1087
1108
786
1144
1051
1176
869
1148
856
1144
994
1230
1040
1095
1003
1131
1107
929
1125
914
948
1149
944
870
1109
816
1061
1166
1149
1038
877
999
1057
941
1078
1080
862
977
1209
982
860
1172
1264
1218
1087
1070
1154
958
994
906
960
975
1080
1056
1183
933
1216
1066
993
1054
1231
982
969
897
907
819
1120
1023
913
927
1163
1136
1021
1051
1213
924
829
1198
920
1038
1153
930
928
796
1083
1067
866
1206
1118
1050
1014
1080
1121
1000
1081
851
924
925
1247
1086
1082
1041
1098
967
1107
1099
989
988
989
1019
1101
905
1121
990
1019
999
1051
935
977
892
1246
857
974
1094
1068
1268
973
1234
1101
1148
1038
1032
1283
981
1069
1206
1326
1121
971
1042
992
1074
1297
1016
963
1213
1148
1109
970
899
1004
1106
1211
883
1207
926
979
964
1116
1092
1039
1102
972
1043
1073
927
1184
1083
1113
1153
909
965
1102
1153
997
1165
864
957
1098
982
1054
928
1251
983
1109
1136
1326
979
1030
928
976
1108
989
1082
931
991
1040
926
951
986
978
969
848
997
1170
1345
989
1145
862
1147
875
1071
986
1343
1173
933
946
1058
1131
1182
1093
1096
1087
931
1035
1147
983
1150
1088
1187
1093
910
1208
886
1205
1138
864
1136
1102
909
1002
889
992
1261
1230
1136
1166
1315
1127
983
1171
947
1296
1218
1337
1073
1146
979
1447
986
1056
984
824
1014
1101
1097
918
1144
965
1085
932
1232
1136
1116
864
1106
1108
1112
937
1038
1040
1057
1052
1043
1093
1232
1130
1206
901
977
920
951
1198
1460
913
1162
1100
813
1041
1044
999
935
1083
1078
1201
975
1221
1094
1021
1094
1046
977
1227
1192
1158
1164
1169
1156
916
1255
1000
922
863
992
1136
1222
1088
1214
1204
1090
911
1164
775
1223
883
912
1060
1334
1133
1098
1145
1028
1159
1125
1147
1155
1165
988
1337
1026
934
1284
972
1092
1041
1096
1088
934
976
1096
917
1221
930
985
1101
1085
1134
1058
913
931
982
855
1092
949
975
1023
1033
981
1045
1086
1072
1093
1148
921
1138
937
1202
1161
926
1036
1056
1121
1038
1161
1029
1085
1207
1151
974
1055
1001
1095
927
1120
1266
1211
1288
1025
1149
1182
1096
1013
1191
1086
1103
1014
1055
1240
1078
1112
989
1204
1036
1081
1052
974
1111
1172
1100
818
1031
1129
1021
1046
960
990
1036
860
917
1258
1049
1285
1151
910
994
1266
1455
934
1258
1061
994
931
1057
961
993
1150
1036
929
1105
1147
1031
974
986
1213
1081
1036
1050
957
1009
980
1097
1097
924
1043
1246
932
1098
1031
963
1113
979
987
1089
1037
1141
1173
1076
996
986
1022
1042
1036
1104
1089
1080
971
1108
962
1126
1224
965
1086
991
925
1095
820
1433
1036
963
1091
979
1049
1201
925
1035
969
879
891
1160
1033
1040
1032
944
1432
915
1111
1154
927
1035
1033
980
1050
1000
984
973
1101
1002
1211
1098
870
1113
1105
1087
1084
932
982
981
1083
1138
1309
982
1017
1100
968
963
1041
1033
1173
1212
848
957
1198
1094
939
1289
1021
1144
1252
990
1092
1001
1165
1095
946
1050
1095
912
993
1068
1080
1051
1202
1153
1207
1081
927
1027
980
1028
1084
1041
816
1063
1039
961
1132
1120
1078
1039
1233
931
1247
1155
822
943
1075
1176
1164
1066
1027
1064
1012
995
884
993
889
1098
1435
1146
1023
979
1080
1044
971
953
1231
987
874
1051
848
1110
1297
1224
1121
973
1043
1228
1093
1143
1217
978
1151
1037
1216
1096
921
1026
920
1102
1029
1081
1055
1246
980
1213
1154
990
1339
1330
979
1164
1050
1153
912
1051
995
1192
871
1141
934
1046
897
983
1101
940
1079
1053
1031
1106
1033
997
866
919
