3122
3105
3099
3122
1484
3186
3130
1456
1486
2548
3108
3095
3067
2597
3049
2588
2589
2585
2598
2598
2584
3170
3092
2596
3082
3048
3093
2600
3116
3123
3114
3055
3076
1452
1494
3102
3042
3102
3093
1446
2587
1491
2597
2981
1486
3173
3173
2974
1454
3106
3137
3085
1471
2597
3127
1455
2526
3159
2529
2596
3114
2545
2596
3108
3065
1486
3153
2556
1457
1485
3094
2592
3079
3066
3149
3108
2590
3080
3108
3063
3096
2591
1495
3043
1482
3029
2589
2592
3122
3135
3072
3103
2598
3179
1490
2603
2590
1489
2589
2590
1497
1491
3141
3115
3121
3087
1483
2544
2587
3101
3014
3109
3118
3121
1487
2552
3007
3171
1455
3119
1460
3097
3050
3072
3129
3066
3173
3172
3062
3135
2549
2599
2585
3111
2592
3134
3115
3047
2587
3120
3062
3096
2533
2584
3080
1481
1458
2594
3150
2591
3156
1452
3076
2600
3090
3009
3096
3081
1498
1491
1491
2544
3045
3119
2601
2554
2589
3038
3120
3102
2563
3136
3136
2578
3045
3099
2565
3046
3031
2603
3030
3141
2556
3047
3064
2595
3110
3138
3052
2592
3050
3149
1458
1486
1491
3183
2587
2597
1494
3063
3129
2551
2543
3035
3085
3032
1441
1483
3052
1485
3025
1486
3102
1490
3091
2591
1482
2595
3153
1449
3026
3066
3086
2598
3171
2592
1449
3097
3174
1453
2595
2587
3055
3171
1485
2598
3076
3108
3083
1478
3076
3111
3114
3119
2590
3143
2585
1449
1486
2547
2592
1485
3155
3138
1446
3150
3110
3077
1462
2536
3019
3072
1479
3125
1451
3037
1453
3072
1481
1483
2556
2995
2551
1454
1454
3035
3149
3151
3151
2547
3156
3111
2599
3038
3122
3164
3093
3093
2585
3122
2594
2599
3095
1452
2545
3090
3163
2595
1460
1487
1497
1456
3076
2604
1493
3156
1487
2589
3045
2584
3033
3100
3078
2590
2539
3107
2549
3104
3054
1490
3110
2587
2583
1494
3039
3053
1493
3041
3063
3108
3115
1496
1481
3041
3176
3129
3109
3060
2958
3128
2591
3109
2592
3113
3172
3126
2598
3137
3159
3096
2597
3109
2537
1481
1494
3071
1494
1446
3055
3065
2594
2597
2593
3142
2590
3171
2592
2599
3038
3089
3120
3133
3131
2578
3071
3068
2599
3099
3164
3176
2593
3103
3085
1493
1489
3074
3058
2598
1447
3148
3064
2591
1486
1496
3110
2598
3003
1478
2492
2580
3145
3011
3148
2565
3148
3071
3094
3150
2592
2550
3056
3148
3090
1451
3182
3154
2582
3123
1494
2594
1493
1490
3069
3127
2598
3118
2586
3073
2597
1443
3079
2601
2582
2593
3075
3103
2596
3093
1484
2597
3121
3116
3045
3174
3108
3154
1494
2594
3094
1474
1447
1451
1490
3071
2601
2543
1480
1495
3120
3086
1485
2589
3061
1481
1444
3193
1483
2552
3022
3121
3075
3057
2596
3103
1491
3126
2591
1482
2585
2585
3097
1497
2600
2591
3150
2586
2590
2599
2596
1497
3170
3137
3001
3090
1457
3057
2589
2598
3069
1465
2599
2568
3008
2590
2996
2596
3089
3146
2593
1447
2507
3132
3124
1490
2594
1490
3077
3076
2589
2556
3062
2588
2546
3076
3098
1463
3119
1483
3113
1491
1449
2587
3061
2599
3109
3101
3030
1486
3051
1490
3124
3120
3086
3052
2604
2559
3053
2601
3131
2594
3084
3070
1486
3146
2592
3133
3135
3101
3118
3110
1493
3178
2598
3117
2584
3122
3094
2590
3093
1489
2594
2594
3052
3083
3148
3068
2990
3085
2961
3110
2547
1484
3071
1488
1489
1444
3129
3072
3111
2592
2581
2602
2594
1443
3132
2593
3049
3172
3133
3127
2594
2595
3094
3104
3115
3129
2595
3110
1453
2605
3119
2959
2552
3049
3052
1442
2589
3185
3060
2499
3180
3122
1495
1450
3002
3040
3105
1486
2555
3088
1494
1494
3118
2589
1487
3094
3077
3101
3090
3120
1453
3117
3102
3052
3125
3056
3083
1485
2586
3119
2538
1496
1489
3042
3182
3176
3061
2596
3049
3000
2600
3139
3094
3142
2594
1493
3060
3041
3037
3082
1483
2608
3067
3075
3104
3130
1495
3071
2542
1474
3141
3030
3176
1481
1492
2591
1490
3041
1488
2588
3113
3093
3055
2599
3082
1458
2594
3061
2541
2589
2550
2582
3117
1497
3182
1454
1447
3107
3147
1442
2600
2548
3099
3154
3182
3047
1495
2591
3042
3026
2589
3030
1492
2587
3121
1493
2594
2591
3059
3167
3085
2577
2548
3162
2593
2555
3068
1483
3080
2588
3057
2604
3106
2592
3185
1495
1448
3171
2587
3119
3096
3140
3139
3146
3121
3093
1483
3077
2536
3121
3109
1487
3074
3041
2592
3123
3170
1460
2550
3157
2593
3096
2586
2597
1465
3061
1483
1451
1440
3107
3058
3061
2590
3077
1484
3084
1453
3084
3099
1489
2586
3107
3159
3041
3076
2586
2543
1489
3101
1488
3124
1483
1442
3079
1486
3057
1491
3051
3075
1493
3144
2599
1465
3076
2555
3127
1451
3144
3090
2548
1486
3098
2492
2584
1497
1464
3159
2546
1463
3088
3067
2601
3138
3150
2584
3081
2599
3092
1447
3151
3178
2583
3081
1451
2531
1480
2505
3068
3101
3167
1482
3074
3019
2580
1484
3056
3117
3009
1451
1479
1486
3085
2591
3133
1495
3072
3102
2590
3158
3137
3165
1485
3054
1496
3127
3097
1494
3145
1457
1446
3042
3108
3058
3099
2597
3099
1480
2602
1491
3108
3068
3155
3138
1494
3091
1448
3033
3048
3056
2605
2521
2593
2586
3133
3090
3005
3082
3096
3189
3085
3127
3145
2591
3019
1491
1443
2595
2592
3149
2591
2555
2601
3099
2588
3117
2548
2590
2556
3154
3126
3098
1483
3094
2544
1486
3034
2589
3147
3203
1453
3095
2580
3092
3093
3118
1454
3090
3160
3104
3148
3096
1488
2546
3151
3040
3134
3163
2994
3176
3192
3031
1484
2600
3166
2601
3026
2548
2602
3058
3073
1445
3124
1492
3091
1484
1455
2567
3024
2598
3173
2551
1484
1488
3156
1455
1451
3085
3110
2587
1495
3191
1453
3092
1493
1467
2599
2593
3121
3113
2557
