693
692
708
684
701
698
703
703
702
704
701
694
692
688
700
689
693
699
695
691
693
667
693
681
699
689
681
688
679
695
673
681
682
696
689
695
696
687
688
689
703
703
675
705
703
699
696
695
706
691
702
674
697
682
692
677
681
701
701
700
704
692
694
701
685
683
689
695
699
701
694
694
697
704
675
697
672
696
692
681
707
693
695
696
707
690
689
683
697
696
684
688
692
691
692
689
703
694
702
701
706
691
699
704
695
707
706
677
694
679
687
706
678
692
682
688
706
688
697
709
667
692
695
693
691
696
689
695
675
692
677
690
691
706
689
686
694
685
694
705
690
677
695
696
693
673
694
707
687
687
683
697
693
688
693
702
687
692
674
676
675
683
695
688
688
708
678
700
702
710
697
695
694
686
698
698
703
697
697
692
666
695
695
702
697
684
692
684
696
693
690
687
686
687
701
689
674
703
691
697
700
683
699
703
679
688
702
700
699
691
687
698
689
686
690
704
693
690
697
704
674
701
697
693
700
704
681
697
685
690
686
703
690
704
700
679
690
697
675
676
699
705
697
699
691
680
704
677
696
690
700
684
696
710
692
697
700
710
702
696
701
692
708
701
695
691
683
703
696
684
698
680
699
698
694
702
697
694
699
701
694
693
700
690
692
693
694
688
689
696
690
700
698
689
695
691
698
695
681
688
688
700
694
696
704
702
699
697
700
702
685
690
706
688
702
703
688
693
697
699
694
689
699
669
704
701
686
696
695
694
685
705
696
688
698
697
702
675
682
685
701
701
704
700
684
691
692
701
680
691
702
700
685
692
682
695
695
696
696
703
688
691
697
687
691
707
687
704
693
697
705
677
692
686
681
692
693
686
689
689
694
700
689
686
699
703
704
690
696
693
693
697
686
697
695
682
691
698
682
694
706
703
706
687
684
696
708
687
681
687
681
704
700
688
708
688
688
682
698
682
701
685
703
689
701
702
698
689
690
690
696
694
696
689
686
692
697
692
703
704
685
697
676
682
694
690
678
685
697
688
712
676
705
685
690
689
692
702
681
681
693
693
673
693
677
700
697
688
694
683
682
695
681
699
699
703
698
701
700
692
699
687
692
689
684
696
691
703
683
687
673
700
702
692
693
694
702
681
690
696
706
700
676
684
689
688
706
687
701
687
691
680
679
691
705
694
697
692
698
696
689
695
692
688
696
691
693
680
698
685
696
690
694
696
706
697
700
695
689
693
703
692
704
678
699
687
700
692
707
707
687
671
697
698
696
701
689
692
698
677
704
694
688
690
682
709
691
695
697
703
696
685
696
700
691
698
690
682
687
696
696
702
703
680
693
696
691
690
686
701
703
684
687
699
692
703
684
697
704
700
699
704
687
696
688
682
691
694
703
688
693
692
691
698
692
697
700
699
690
703
706
689
700
697
702
691
704
707
693
692
690
674
699
691
684
710
683
683
697
690
689
687
693
685
683
681
687
686
695
682
688
705
691
703
693
706
687
690
692
686
698
700
699
691
690
698
685
700
688
684
699
705
678
678
698
704
680
682
692
687
694
683
693
696
695
675
695
683
692
700
692
701
708
693
701
699
702
682
694
692
701
694
688
693
687
694
679
689
686
702
702
684
698
689
706
687
693
693
700
693
682
693
690
696
688
711
697
672
694
690
692
697
684
691
681
676
696
702
696
692
692
692
698
684
679
700
691
701
697
695
687
701
700
691
698
693
679
686
682
700
693
701
681
697
683
687
684
696
686
694
691
696
695
699
701
680
696
690
703
696
704
691
696
690
689
688
696
700
699
700
690
679
705
694
689
687
706
700
685
675
701
685
695
701
678
687
692
682
704
691
704
700
687
683
689
703
681
690
690
703
679
702
687
698
697
699
703
681
695
692
699
685
700
700
671
699
687
691
680
697
699
691
696
695
700
704
694
692
675
700
686
701
703
701
696
696
699
679
693
705
690
690
695
689
694
697
684
698
677
679
690
699
686
697
695
689
697
704
702
704
699
689
702
701
707
699
699
686
686
691
692
702
694
702
685
692
703
693
687
678
698
688
697
699
682
706
692
684
689
696
682
687
703
695
703
683
683
698
701
677
688
696
694
681
676
695
682
694
682
694
688
706
702
701
696
685
682
701
694
689
702
696
704
691
699
680
697
673
699
688
698
692
682
698
698
689
680
697
682
695
682
698
700
707
685
683
693
675
695
691
705
687
693
697
698
703
697
701
704
684
683
698
691
707
695
705
688
691
683
684
687
676
708
691
690
707
694
699
676
699
