48
47
52
52
55
48
59
55
48
50
50
62
59
54
50
48
61
51
48
52
53
57
53
62
53
55
53
69
52
55
49
56
48
56
48
50
48
52
55
57
64
68
53
48
48
50
49
53
48
50
58
57
51
55
51
57
49
56
61
63
51
53
54
52
54
53
57
58
51
49
58
51
52
50
49
55
50
56
49
66
69
47
49
51
51
49
50
48
60
50
51
48
53
51
50
51
53
49
58
49
55
51
69
48
51
49
49
54
65
52
50
71
49
58
55
51
46
58
49
58
59
54
49
61
61
52
64
64
56
55
54
66
54
67
54
48
50
57
61
51
48
51
57
46
55
48
56
60
52
54
54
62
51
63
55
49
51
53
53
52
55
57
63
49
53
51
58
47
53
55
61
53
58
55
53
49
55
59
53
48
50
51
48
47
51
59
64
50
50
55
49
53
50
58
53
48
50
48
63
57
61
53
54
48
49
55
52
52
51
73
47
62
51
60
49
49
51
53
60
50
50
48
55
62
49
52
54
52
57
59
52
61
53
49
50
46
51
66
61
56
52
51
72
46
59
54
58
48
49
51
68
55
50
47
50
50
57
59
48
51
57
52
56
54
59
49
52
50
49
50
51
50
52
54
55
60
53
58
63
49
64
61
58
54
58
58
51
48
51
61
53
58
50
69
55
46
63
60
54
56
65
58
49
49
53
61
64
63
49
66
48
51
50
56
59
51
46
51
59
50
51
52
57
54
61
63
50
50
51
78
47
56
57
48
60
51
53
49
49
50
60
55
53
53
59
49
51
53
56
60
52
59
60
52
54
57
48
48
50
50
52
49
48
54
51
49
51
57
47
47
50
49
48
59
59
53
48
51
53
50
52
49
49
55
51
49
55
51
51
55
47
61
54
51
52
51
52
49
53
60
51
49
48
51
61
57
48
48
51
58
51
59
51
52
48
59
55
49
48
56
47
59
50
49
63
60
47
62
59
50
48
52
48
49
53
51
50
48
49
54
47
50
60
48
50
46
58
57
49
56
54
48
49
48
48
59
49
70
47
61
52
51
64
63
54
61
48
52
49
58
49
58
54
50
51
54
63
50
59
47
52
50
52
61
52
51
49
61
52
49
59
59
49
52
47
65
47
51
49
59
67
56
50
53
54
47
47
48
52
73
54
52
59
49
52
57
46
49
49
46
50
48
51
67
64
55
58
48
50
63
65
52
57
50
49
60
51
49
51
49
52
63
51
48
57
53
52
58
60
58
53
58
48
57
48
54
49
48
55
66
67
54
57
57
54
58
49
58
55
50
51
74
49
52
57
49
51
50
53
51
65
46
55
52
64
66
52
52
58
52
54
48
56
59
51
51
53
61
58
50
49
61
49
53
51
56
53
49
60
47
58
60
55
51
52
49
52
63
47
52
64
74
64
48
53
49
50
51
62
55
65
58
50
59
48
58
60
65
76
51
59
53
50
49
55
53
56
60
59
50
56
50
49
62
52
57
58
55
48
51
58
68
56
55
55
61
52
51
54
56
53
50
51
57
55
48
49
55
59
51
51
51
55
49
55
57
46
48
53
57
51
60
53
58
50
57
49
61
58
48
47
64
60
63
60
61
58
49
62
49
57
53
52
60
60
50
51
50
52
57
59
50
59
51
49
48
63
58
50
57
48
47
46
52
47
50
52
58
60
52
52
55
47
48
58
51
52
56
47
48
51
57
54
63
50
48
50
54
47
51
58
49
61
50
50
49
55
50
49
49
54
54
52
50
48
54
50
50
57
55
60
62
58
51
49
61
61
48
58
53
51
50
49
50
58
54
52
47
62
53
51
53
49
60
61
61
49
64
49
66
53
52
50
64
47
56
49
51
48
51
50
50
58
58
59
49
56
51
50
54
63
49
55
49
55
50
55
51
49
66
52
56
52
59
46
49
51
59
52
48
52
48
58
59
49
50
50
63
58
48
59
53
51
64
57
56
49
63
52
52
52
48
49
64
69
47
48
57
56
55
62
48
61
51
58
52
54
51
55
50
56
72
51
52
53
61
56
54
51
71
51
67
47
58
53
48
55
51
79
53
58
57
50
52
59
53
55
48
49
60
64
58
57
49
56
57
60
54
60
52
57
76
52
58
63
52
53
51
61
52
52
53
48
55
54
58
49
55
58
55
52
52
52
52
58
48
46
57
50
59
52
50
54
50
52
55
49
51
54
57
61
65
68
49
56
54
54
52
50
53
59
58
51
52
68
48
50
52
53
52
71
49
52
53
55
57
50
46
53
57
