2731
1467
973
1332
2002
1934
222
3127
872
993
1388
11298
11786
5835
151
10671
5332
364
4937
5214
4911
586
482
987
1586
630
1352
2363
509
5316
1762
3671
1647
1827
1129
2502
2943
252
6608
8310
3160
1395
1678
1733
682
3718
3128
492
7
81
513
4850
221
604
1803
4777
1899
220
3582
3942
11229
5624
1678
296
830
3646
1522
1867
104
6297
746
5471
13218
252
2946
409
1328
702
2561
1999
5270
3477
3962
223
1524
2322
670
640
5214
1048
247
1664
2311
3169
339
1649
3926
2392
2908
2746
8872
3213
679
5349
13704
1449
1228
608
844
7556
1307
496
1658
2913
3062
6769
6895
4215
5654
102
175
1732
277
3839
4807
370
1323
1790
1092
6449
2327
2107
174
295
9929
344
2461
227
4974
4397
2133
700
7691
5393
6925
795
18246
9549
6613
1882
392
3649
340
3906
4278
4437
2771
3595
5552
1880
6023
1481
2688
1211
200
1658
575
559
750
586
2289
1346
6
394
389
3238
199
1667
5547
773
3210
492
5045
12038
7602
2801
4528
7469
8918
1185
6097
338
794
511
644
3599
1171
513
4781
482
1345
5198
1489
318
4774
5841
197
4774
1827
4424
1786
1278
1899
777
1139
148
889
2609
2297
4135
3844
3080
199
1697
850
1186
7235
298
5506
2182
607
1043
385
4310
5484
1425
8413
4561
899
1640
1060
3824
2678
2060
79
327
2925
1136
1513
8086
6
6872
7
4847
6
5239
2396
297
324
1502
3936
200
8797
5549
226
1734
2827
1705
2673
126
694
438
2318
458
2293
1028
170
2125
9191
2957
1801
1292
3481
5577
2022
244
7592
3357
153
153
914
2492
2817
5909
223
1280
1229
1483
1114
1952
2732
3256
3266
2419
2451
3408
504
1166
1154
836
3568
2541
9856
1301
6557
4561
1106
7875
2570
7338
673
1041
150
7371
1464
1677
1494
894
1384
30
1129
18094
1148
6783
221
2594
1979
281
2512
8567
32
2407
78
5736
3626
2612
4761
394
127
7847
4024
5043
364
4758
4409
319
634
1977
9018
920
1761
1887
2619
6048
1884
3051
5711
2264
4203
3048
4365
1550
1526
3380
3660
1438
3178
290
2443
389
798
1015
491
2410
1113
2695
81
200
3932
2868
1390
7604
1858
1724
2173
4315
5175
6995
2174
300
1542
393
8324
1905
7927
627
866
2188
653
3909
1160
1091
22111
3696
3852
1325
4189
2889
2441
10778
390
1962
697
6034
2328
1944
5421
8085
1262
752
13624
5085
525
2635
4421
916
56
3149
1222
8089
5339
6579
4325
10681
985
4137
1734
1056
267
3735
7767
715
2955
986
4873
829
1352
272
774
2395
2040
699
1188
2631
6878
1774
125
220
4223
6332
9016
10657
4496
16827
4538
960
314
1036
5950
270
56
1316
56
826
2064
2445
9233
1376
4915
551
506
3863
5228
7
1334
1297
297
6284
2426
2425
435
3405
2138
629
205
1041
6674
3706
961
8151
577
7150
1080
876
152
8976
4681
913
10490
5092
1482
612
5371
2796
2957
3013
1737
747
294
506
269
1528
516
2229
3552
2048
30
266
1625
316
745
1017
152
960
2229
727
1394
927
2055
3543
262
914
8426
488
9419
1044
3839
1280
7
1926
540
221
2054
1206
555
1733
2319
730
465
3534
1444
177
1842
5581
10361
1680
2454
2171
153
2277
884
820
361
2380
108
54
291
3197
8559
2473
4687
3312
2642
103
251
8159
2532
3634
104
398
1705
1060
1770
1267
182
1746
55
1438
2730
2503
3334
11523
5046
970
470
791
245
1765
7
489
221
1046
473
2099
2412
11399
4434
6057
4297
5004
798
3283
993
2230
436
4340
7090
2238
732
6931
3151
8407
347
924
7773
3331
1219
1776
851
5174
4319
8388
2413
1312
1109
298
2462
3199
319
31
3850
3409
7688
537
2330
2210
2924
1422
366
1285
3375
7825
3707
4410
2920
3390
4470
1506
154
1711
9322
389
1827
2930
2949
1142
847
106
1537
2364
171
1268
2239
1256
1729
7740
102
1502
680
828
9839
2771
877
7652
4653
1587
4288
3436
220
1349
338
128
4303
7738
9007
3405
388
6091
5864
3877
1499
3432
2362
1177
9818
3390
940
1197
3734
5799
432
6543
819
2273
6218
700
555
1463
14353
763
5072
2814
3684
274
5848
1838
124
678
1059
57
2394
3877
5800
6
57
392
10323
3040
3346
7
1736
6904
2530
5009
3599
586
1378
874
222
2852
1108
1008
102
1954
590
8258
672
1293
3375
5712
7480
15936
2099
1018
2780
515
2179
1938
6209
3555
5520
100
8271
1397
1429
7199
321
1617
275
271
2711
3313
6198
533
3641
1615
1309
1833
2946
2086
2133
4331
386
5079
102
1573
267
1007
1302
3559
2051
82
3132
685
5045
718
2524
3385
711
1388
4595
8377
437
1270
1293
482
1398
2724
1386
82
562
3831
5415
3282
1855
53
1257
3013
6572
28465
504
3844
1006
825
14456
4543
916
2179
1423
1128
6118
2712
219
195
1910
125
1378
511
8785
2601
583
3297
8611
1920
1295
1113
3828
154
1997
4615
16734
1442
31
8622
2412
5354
649
4272
1966
2570
5705
462
1142
2119
2354
3214
4699
2047
406
3037
659
554
1034
2810
5257
585
1901
1208
4574
8243
79
754
9425
11362
4659
2851
2200
3689
5620
5345
6023
2000
1140
407
1655
2233
3420
2221
7428
708
3044
2665
56
1827
250
537
1299
2980
3501
2311
1133
6
7
3704
654
951
483
14766
366
7604
2748
1972
390
2030
7181
7688
11394
2379
13183
1027
318
12650
1302
1317
2716
53
463
150
367
837
4838
8626
76
3971
1012
831
3991
5920
1069
312
8348
1619
4354
2456
482
3033
2769
1301
4808
1781
1300
7375
1201
198
2663
605
10710
272
3283
3609
