48
49
597
48
593
600
538
49
49
600
437
483
596
597
484
436
483
596
49
591
49
484
600
48
49
48
49
596
593
596
593
48
591
48
593
596
437
591
437
591
48
597
48
600
49
597
484
596
593
436
596
597
597
48
596
593
538
48
49
600
538
485
483
48
49
483
436
484
596
49
49
597
436
484
592
597
596
49
48
539
436
483
485
591
48
484
436
600
591
593
436
436
49
596
483
540
49
483
49
591
49
49
539
596
49
600
538
593
595
593
592
597
591
49
593
48
436
592
436
596
49
436
539
592
538
49
597
436
597
49
435
600
48
597
592
49
48
600
538
597
596
593
483
539
538
593
435
437
592
593
596
539
539
48
436
600
49
596
597
436
592
436
592
596
597
483
592
596
540
483
592
591
592
483
592
592
484
539
592
538
593
591
597
599
597
436
484
600
593
483
435
540
596
597
538
48
593
48
592
592
483
593
483
48
592
483
539
596
593
596
600
483
600
436
436
600
49
483
539
596
597
596
597
596
593
592
592
593
599
593
436
539
592
597
591
539
591
593
596
600
596
597
483
597
591
592
483
593
596
539
49
596
49
48
592
592
597
596
593
591
596
591
437
48
600
593
538
593
49
49
49
48
437
591
597
596
539
592
592
591
436
436
49
539
484
436
539
599
600
596
437
600
597
538
593
596
436
49
539
48
483
539
591
593
49
538
593
48
436
436
436
591
593
591
539
483
597
436
484
592
592
591
597
592
592
600
436
591
49
597
591
485
599
597
596
597
600
600
436
592
591
48
539
483
597
49
49
597
49
591
437
596
600
596
592
49
49
538
48
597
539
48
48
599
49
540
591
600
600
592
436
539
596
593
49
599
593
538
597
592
592
48
539
539
600
49
484
483
597
591
593
591
592
596
539
483
48
540
592
436
48
592
597
592
596
437
596
593
591
484
48
600
437
591
49
592
591
597
599
597
49
48
483
48
592
539
591
49
49
593
596
437
596
437
49
436
597
597
591
592
597
484
596
597
592
593
539
596
49
538
485
49
538
48
540
483
596
539
48
49
436
437
48
484
596
597
597
592
597
591
592
600
596
539
539
49
48
485
591
48
437
48
436
592
597
49
436
600
483
48
597
592
484
48
592
48
596
600
593
591
437
50
600
600
600
592
599
540
483
596
597
597
49
49
48
484
49
591
485
49
597
49
596
592
600
597
483
592
48
600
596
592
437
48
539
592
599
49
49
49
49
596
592
539
596
592
597
592
600
49
600
596
597
436
591
437
483
592
596
48
597
596
600
48
483
49
48
601
483
436
49
592
48
49
49
48
539
596
600
49
49
592
539
436
49
596
593
49
591
540
600
49
592
597
436
591
593
48
436
592
591
437
591
597
49
436
600
484
538
597
483
485
48
483
48
539
597
49
48
436
600
591
597
591
597
49
600
597
538
597
49
48
591
593
591
592
49
48
49
49
597
591
484
483
48
593
436
592
48
484
436
437
591
592
538
49
592
592
48
539
592
484
484
600
484
596
592
596
48
484
592
48
48
539
591
437
592
48
436
48
49
49
49
600
597
436
600
436
436
49
49
484
483
485
48
49
48
600
600
592
592
592
600
48
539
539
592
597
597
592
596
540
596
484
591
484
436
599
601
435
49
48
597
48
48
437
48
538
437
596
540
48
600
597
596
49
436
597
48
539
592
483
600
49
483
48
483
601
592
48
49
436
597
539
48
48
598
435
592
49
599
49
592
596
49
49
600
600
49
600
600
596
483
539
600
49
49
591
600
436
48
48
437
50
592
600
600
436
484
483
593
483
593
436
436
484
539
539
591
49
592
49
592
597
591
484
539
436
591
593
538
592
592
600
591
437
483
484
539
435
597
436
592
592
436
596
593
48
538
597
592
597
48
599
539
600
600
591
600
436
437
436
436
48
437
483
436
592
600
484
596
600
436
539
596
592
49
591
597
591
597
49
538
600
597
49
48
484
48
437
483
49
484
48
598
48
49
483
484
599
601
596
49
592
48
592
597
591
592
436
592
600
436
596
601
599
437
49
593
483
48
597
436
592
538
49
593
538
484
484
597
596
593
436
596
48
484
591
600
539
49
539
48
49
597
600
596
600
483
49
483
592
48
600
539
48
483
540
48
600
600
596
597
591
600
49
591
49
48
593
484
591
484
591
597
592
597
539
49
437
591
592
436
593
591
597
591
484
591
540
483
597
538
484
596
598
49
599
48
593
591
436
48
593
483
539
483
484
436
592
597
596
597
48
592
600
49
592
483
436
