7891
7934
7887
7908
7980
8009
8025
7894
7930
7936
7951
7896
7885
7958
7935
7890
7998
7945
7954
7842
7962
7929
7973
7962
7918
8049
7900
7864
7885
7872
7883
7996
7928
7991
7944
7827
7954
7883
7993
7949
7941
7946
7930
7920
7973
7816
7932
7932
7934
7968
7953
7980
8006
7995
7919
7961
7930
7893
7897
7993
7892
7956
7801
7957
7924
7847
7956
7938
7907
7913
7925
7887
7974
7788
7890
7914
7807
7916
7988
7914
7896
7942
7893
8028
7960
7943
7868
7976
7944
7943
7871
7930
7977
7875
7930
7978
7961
7854
7981
7941
7894
7871
7832
7951
7920
7895
8034
7934
7915
7935
7933
8003
7909
7889
7936
7841
7881
7935
7896
7988
7924
7945
7882
7911
7963
7921
7957
7994
7979
7926
7877
8014
7925
7884
7993
7963
7911
7968
7956
7961
7827
7962
7846
7915
7846
7946
7887
7927
7963
7927
7976
7917
7863
7972
7977
7928
7904
7983
7991
7956
7937
7777
7969
7882
7921
7968
7955
7959
7977
7934
7869
7920
7978
7925
7861
7902
7936
7932
8010
8010
7896
8014
8029
7941
8014
7983
7902
7907
7856
7889
7930
7862
7916
7944
7968
7900
7935
7916
7834
8010
7876
7981
7856
7905
7916
7952
7891
7975
7963
7962
7971
7904
7941
7924
7956
7960
7922
7974
7947
7922
7955
7987
7910
7953
7906
7965
7984
7896
7904
7950
7862
7840
7997
8021
7914
7992
7996
7924
7924
7977
7953
7879
7932
7897
7929
7920
7899
7845
7992
7954
7923
7840
7918
7922
7942
7942
7927
7959
7933
7873
7964
7946
7975
7836
7910
7936
7950
7929
7993
7908
7965
7963
7912
7908
7925
7955
7894
7963
8011
7892
7906
7945
7932
8016
8037
7962
7960
7844
7827
7893
7812
7933
8015
7944
7899
7988
8007
7918
7897
7922
7890
7895
7859
7994
7929
7966
7988
8027
7912
7969
7808
7973
8003
7930
7972
8025
7906
7975
7893
7876
7914
7854
7992
7970
8010
7891
7856
7879
7932
7912
7861
7944
7881
7923
7912
7901
7913
7948
7961
7926
7898
7935
8012
7909
7914
7833
7947
7950
7849
7903
7918
7916
7947
8026
7924
7968
7916
7936
7930
7872
7922
7833
7938
8002
7985
7935
7933
7914
8030
7927
7912
7910
7904
7909
7943
7823
7945
7929
7912
7962
8009
7974
7893
7971
7876
7969
7956
7962
7936
7866
7903
8019
8000
7908
7975
8005
7933
7974
7902
7919
7942
7938
7998
7935
7873
7863
7949
7991
7949
7998
7843
7970
7941
7966
7940
7928
7941
7895
7980
7905
8020
7888
7959
7954
7919
7844
7935
7915
7884
8007
7938
7921
7928
7847
7855
7899
7960
7946
7919
7897
7900
7963
7901
7937
7932
7992
7902
7845
7970
7992
7883
7898
7874
7933
7940
7927
7930
7928
7937
7992
7963
7915
7860
7966
7978
7941
7955
7997
7926
7897
7899
7938
7867
7984
7984
7970
7976
7994
7988
7930
7938
7893
7898
7907
7870
7955
7931
7844
7921
7921
7966
8005
7991
7920
7850
7934
7935
8009
7890
7960
7964
7941
7931
8004
7880
7882
7980
7957
7952
7964
7898
7973
7910
7889
7957
7901
7979
7979
7965
7954
7861
7923
7966
7934
7871
7958
7885
7942
7935
7961
7982
7947
7917
7947
7889
7971
7930
7885
7921
7935
7923
7908
7952
7983
7925
7942
7911
7952
7996
7903
7906
7922
7935
7976
7949
7932
7857
7870
7960
7889
7967
7912
7913
7905
7982
7896
8020
7958
7941
7909
7945
7869
7895
7899
7998
8002
7991
7874
7863
7924
7951
7985
7965
7993
7943
7980
8007
7830
7983
7880
7880
7891
7985
8033
7948
8003
7974
7941
7967
7962
7902
7935
7820
7974
7954
7939
7909
7879
7946
7880
7979
7933
7900
7994
7924
7946
7909
7946
7934
7903
7869
7918
7842
7971
7988
7994
8004
7897
7976
7884
7899
7926
7971
7888
7879
7945
7915
7915
7910
7972
7923
7914
7859
7971
7928
7964
7898
7978
7974
7932
7948
7961
7938
7913
7867
7901
7919
7939
7981
7943
8008
7897
7907
7941
7912
7905
8030
7939
7880
7993
8013
7914
7920
7917
7941
7925
7927
7973
7911
7967
7819
7953
7908
7887
8020
7911
7857
8001
7874
7904
7900
7993
7923
7947
7884
7963
7997
7915
7925
7943
7958
7956
7920
7955
7995
7879
7947
7906
7908
7925
7920
7933
7954
7942
7989
7908
7934
7894
7845
7915
7916
8019
7886
7912
7938
7931
8043
7898
7968
7939
7964
7960
7843
7926
7931
7999
7917
7932
7917
7955
7964
7908
7881
7908
8062
7945
7918
7952
7876
7964
7946
7920
7941
7910
7965
7954
7903
7871
7877
7910
7915
7909
7918
7897
7956
7816
7915
7951
7936
7966
7937
7871
7916
7842
7931
7901
7957
7956
7965
7902
7904
7955
7904
7985
7915
7905
8010
7919
7973
7936
7906
7943
7972
7911
7945
7903
7920
7975
7880
8021
7940
7917
7955
7822
7894
7961
7936
7992
7917
7871
8022
7932
7936
7998
7937
7964
7882
7943
7984
7921
8033
7927
7782
7948
7965
7926
7949
7939
7916
7912
7958
7961
7915
7908
7906
7917
7907
7886
7983
7993
7919
7965
7915
7974
7970
7905
7991
7917
7903
7885
7966
7986
7989
7974
7865
7844
7903
7903
7924
7891
7909
7945
7907
7944
7977
7880
7912
7843
7935
8022
7852
7927
8012
7960
7851
7973
7918
7847
7875
7922
7898
7980
7979
7963
7871
7939
7866
7889
7931
7927
7869
7972
7979
7916
7842
7985
7939
7896
7901
7916
7879
7946
7934
7911
7923
7910
7968
7945
7907
7989
7850
7912
7984
7882
7983
7929
7905
7976
7940
7874
7955
7846
7973
7848
7967
7889
7879
7963
7958
7902
7980
7949
7945
7996
7903
7910
7955
7999
7936
7893
7905
7821
7946
7991
7953
7946
7907
7967
7959
7977
7959
7920
7976
7888
7924
7906
7861
7975
7974
7907
7888
7931
7881
7960
7952
7875
7891
7920
7918
7881
7934
7997
7950
7953
7912
7907
7982
7920
7997
8012
7902
7974
7939
7823
7945
7919
7965
7896
7920
7969
7876
7826
7977
7904
7866
7874
7931
7966
7870
7928
