118
156
111
104
136
112
122
123
143
126
176
126
124
142
143
124
126
138
128
120
144
134
116
114
117
145
126
127
120
144
111
116
126
124
128
128
109
134
103
152
128
117
104
135
121
127
138
121
147
157
128
121
136
110
113
118
125
135
114
119
138
143
110
107
117
126
120
111
135
109
128
128
168
123
139
122
111
128
142
124
108
120
136
119
120
132
100
111
119
142
149
137
125
117
171
108
172
116
118
149
112
125
115
104
118
141
107
133
136
142
126
151
146
116
133
129
116
120
135
123
115
127
141
131
153
107
126
133
114
125
112
120
136
111
120
135
116
123
123
133
123
125
145
143
142
121
120
122
152
124
114
128
139
119
118
118
114
112
125
118
112
130
109
110
98
121
108
105
119
109
107
133
124
120
149
118
122
131
124
115
107
111
164
153
125
143
120
110
108
123
115
138
105
132
105
117
116
110
119
105
146
159
130
133
116
132
124
136
126
119
134
136
133
141
125
119
118
111
130
147
122
122
118
120
130
113
129
163
126
130
121
124
157
110
114
119
125
108
116
125
141
111
130
138
120
126
124
110
117
116
117
140
123
116
126
113
127
152
130
121
130
126
164
110
102
115
121
129
135
135
133
106
134
130
107
152
99
117
120
121
120
133
110
123
127
144
125
117
125
130
154
141
132
126
113
118
123
116
115
116
103
124
120
111
109
114
129
96
110
133
117
119
135
130
116
125
114
121
134
121
132
109
116
115
118
115
142
112
109
109
124
134
120
119
130
127
131
132
129
127
135
106
118
163
109
111
133
146
136
129
143
120
132
116
118
123
132
123
139
129
140
127
147
121
142
121
137
134
131
120
126
121
116
119
121
101
131
103
128
130
137
114
133
120
139
112
124
137
120
113
137
113
110
122
142
118
125
115
146
115
140
133
128
111
135
128
125
119
146
111
147
138
144
129
123
117
133
104
122
144
155
125
126
114
133
132
129
140
111
173
134
137
147
126
132
121
119
109
113
115
124
113
146
132
113
152
108
138
132
153
104
148
134
140
107
123
134
126
134
132
121
123
136
121
110
118
117
124
110
130
124
126
133
119
140
141
133
127
133
116
120
118
113
132
106
135
169
111
131
120
129
140
142
112
166
125
123
158
115
104
111
119
119
139
110
108
134
117
113
137
138
111
132
119
108
124
125
129
112
120
108
133
132
126
138
123
118
131
138
153
140
116
109
134
127
132
119
115
126
125
135
117
124
137
119
127
117
125
141
116
128
119
110
114
134
111
146
115
118
114
118
150
120
153
129
139
149
123
120
122
132
105
142
133
125
140
112
123
114
137
110
117
129
114
132
120
141
114
123
104
140
122
132
115
113
135
121
117
118
126
125
123
128
146
142
152
127
141
137
120
128
137
121
138
126
142
126
113
121
94
121
110
124
104
118
121
102
125
129
126
136
107
122
124
111
113
123
115
108
113
114
151
102
172
129
131
157
110
141
112
122
143
118
130
118
128
131
123
96
135
131
114
108
127
144
100
140
111
148
109
120
125
127
111
123
103
133
140
125
147
121
125
129
130
124
106
115
122
110
117
123
115
139
118
134
114
143
130
128
113
111
121
114
121
132
113
137
126
131
120
126
112
167
108
126
122
138
105
111
120
107
115
140
125
114
132
113
112
126
116
125
150
114
144
116
126
119
125
112
114
127
112
122
142
127
104
146
111
113
130
129
127
115
135
115
115
132
131
125
131
117
157
120
140
127
123
116
157
117
123
134
135
129
125
105
127
102
145
135
123
121
126
124
139
110
126
134
121
129
134
121
111
115
119
113
143
107
117
138
109
128
128
125
126
136
105
152
123
109
149
113
136
128
119
136
145
119
152
129
127
105
124
110
112
96
119
116
99
126
125
124
128
127
153
170
124
123
103
133
120
109
134
105
135
129
115
128
113
125
176
136
135
145
134
135
114
115
112
108
111
126
123
145
122
108
125
147
137
137
141
140
111
124
127
116
107
120
119
133
109
120
110
154
116
123
115
124
128
100
109
120
136
112
136
109
109
113
125
117
127
139
121
107
130
120
117
118
137
119
108
105
114
124
124
127
130
107
126
103
120
120
126
122
126
105
137
133
139
123
129
109
109
120
110
143
114
148
126
95
147
119
130
119
133
136
112
113
122
105
129
132
111
124
147
128
114
107
111
127
103
108
131
116
124
106
123
120
135
151
115
118
120
117
103
106
119
132
122
136
142
131
136
114
111
115
122
125
108
116
110
114
128
127
142
133
138
129
119
119
116
