472
389
454
461
368
488
364
356
393
474
462
366
368
467
345
460
479
356
368
464
470
470
483
485
478
386
375
482
377
479
366
474
382
471
354
363
375
367
462
460
471
372
478
358
364
493
464
481
485
365
486
491
358
361
368
363
486
358
380
494
459
482
373
391
382
386
363
491
486
353
488
487
365
383
470
463
357
470
368
467
353
367
386
473
484
377
466
386
375
462
390
361
347
489
393
363
378
494
384
368
355
488
481
472
377
361
382
483
363
462
480
365
354
380
466
471
362
366
384
464
493
474
367
474
357
464
385
382
497
364
478
386
364
483
498
467
479
470
379
381
360
360
478
489
363
366
362
356
367
464
487
374
362
345
473
467
363
481
476
378
464
353
379
357
481
388
377
381
463
485
353
461
360
354
460
470
369
383
473
366
355
365
357
384
467
454
475
356
457
474
350
461
458
443
365
376
366
381
462
353
490
467
466
464
354
371
363
385
453
372
482
483
373
384
363
478
489
379
457
456
457
486
379
387
366
363
491
462
458
380
359
386
359
476
465
364
467
361
486
372
496
487
358
370
477
391
351
380
458
380
388
488
490
378
376
348
375
453
493
361
470
360
495
359
489
368
488
360
472
377
474
359
466
368
374
364
480
477
359
367
365
356
458
363
360
459
350
360
480
463
464
384
382
355
389
465
486
478
360
360
386
362
373
376
467
388
357
465
357
388
355
382
367
381
468
380
387
489
376
455
470
469
475
457
488
485
391
485
364
481
370
350
357
479
366
358
484
353
375
468
471
378
465
374
363
352
484
371
385
374
373
477
453
367
369
373
483
356
362
383
482
363
368
362
477
476
461
471
476
364
358
487
392
365
477
489
374
476
385
490
487
386
476
497
379
469
460
377
491
361
385
376
468
354
461
470
485
355
465
369
373
493
482
382
359
476
470
382
464
464
372
365
488
363
388
362
383
383
481
485
481
362
379
480
478
464
380
384
474
459
377
481
486
372
377
367
363
487
360
362
385
463
352
357
470
370
384
384
484
489
450
485
483
374
388
486
380
379
357
386
464
356
384
369
479
353
466
362
482
476
350
385
388
488
384
372
385
493
384
384
356
351
379
381
366
451
462
367
385
390
478
361
465
460
355
364
359
460
357
487
485
478
360
491
483
461
388
383
367
481
489
478
478
384
464
358
363
392
378
356
379
472
484
371
369
383
455
464
371
377
377
369
392
369
387
459
385
450
372
369
383
362
380
365
355
354
488
361
465
466
361
468
380
379
379
364
466
478
482
361
490
487
365
494
492
382
385
473
482
466
374
469
490
462
384
466
386
375
463
482
379
463
491
471
453
391
385
493
357
353
470
386
491
482
360
362
372
487
376
487
383
384
371
383
466
347
375
374
494
461
381
382
453
379
390
356
368
383
381
491
486
485
377
485
356
382
466
358
365
454
372
384
460
380
356
362
379
369
378
448
380
361
370
457
366
362
365
377
481
364
464
378
478
374
463
481
391
367
365
372
381
366
483
381
459
372
363
487
474
357
381
484
368
367
362
364
487
481
378
356
362
463
388
375
371
363
379
480
481
479
361
377
494
361
466
485
469
480
378
367
461
462
490
369
471
364
373
482
461
470
473
390
372
381
364
362
351
353
372
383
461
491
384
394
489
366
457
362
469
491
454
365
370
357
461
487
478
461
356
484
464
379
361
361
473
386
380
379
376
466
367
375
380
365
370
469
351
397
373
486
460
364
466
378
373
473
355
477
368
489
480
385
382
364
464
356
367
487
481
363
465
456
496
375
360
481
487
456
382
481
380
359
471
449
487
478
377
482
386
468
364
357
461
355
492
473
462
375
388
371
485
379
475
385
375
358
466
354
383
485
377
451
364
368
481
488
481
483
363
378
487
380
359
491
383
472
370
468
380
468
384
468
383
368
359
388
389
467
372
474
486
377
482
381
473
463
468
484
455
465
378
376
363
457
490
381
467
362
364
386
476
370
355
376
369
366
368
375
360
359
473
494
468
485
482
473
472
378
360
478
371
483
465
469
379
457
467
491
367
364
367
364
390
469
469
386
471
487
383
464
377
369
466
474
469
364
458
380
366
362
461
354
470
463
364
368
371
474
456
371
366
487
492
362
383
363
481
480
490
354
488
468
459
354
495
358
380
383
370
358
387
378
365
453
384
488
368
373
365
478
450
376
380
383
387
376
454
375
360
392
467
378
478
381
388
470
360
488
393
351
493
459
364
463
386
488
461
390
453
368
387
480
367
361
381
480
472
487
466
464
