84
81
91
109
98
92
90
93
80
81
77
88
92
84
84
85
90
87
78
82
89
89
91
98
82
85
100
99
93
87
84
106
83
82
88
89
96
80
92
78
91
92
114
85
91
87
86
101
80
83
92
95
92
95
95
94
90
80
88
95
83
85
90
92
93
93
89
97
96
94
87
88
84
88
87
86
96
84
88
89
92
87
76
92
87
97
90
111
97
83
81
80
85
100
80
96
81
92
108
83
87
98
100
98
92
82
101
99
92
79
89
85
89
94
89
81
95
89
90
87
97
96
87
83
81
85
97
93
94
94
99
93
85
102
93
83
98
86
89
83
84
92
89
88
91
86
106
91
76
96
92
88
82
98
90
101
86
108
86
101
93
87
102
86
118
91
95
99
90
92
105
86
96
93
80
89
85
89
88
102
97
109
82
92
97
89
83
103
91
91
97
108
101
79
94
90
98
102
86
95
83
79
92
82
93
85
86
84
88
95
84
83
97
82
86
97
88
103
83
92
87
95
85
95
83
93
90
97
89
90
86
92
86
88
96
102
91
108
88
92
90
85
86
88
89
101
86
92
102
86
91
84
89
87
102
110
86
80
107
89
86
85
85
94
100
100
90
92
89
94
97
107
93
81
94
84
96
97
94
90
98
90
84
95
93
97
82
94
87
92
82
86
84
82
95
105
93
87
100
100
108
85
84
94
91
92
89
115
95
82
100
95
91
82
97
82
94
87
90
85
86
96
101
109
88
93
79
101
106
95
90
84
87
92
92
92
90
86
80
79
78
95
91
80
91
90
87
84
88
89
82
85
78
90
98
91
88
94
82
88
89
92
91
101
89
99
88
91
92
106
105
93
101
83
93
109
84
107
89
93
86
94
87
86
87
89
105
92
96
89
87
92
89
95
82
88
82
96
86
96
95
93
93
88
91
82
83
96
90
103
83
89
83
96
87
104
83
92
92
87
83
91
82
92
95
77
93
80
89
75
91
91
85
87
86
87
103
95
88
93
85
85
89
85
91
87
96
112
93
83
92
84
94
87
93
94
92
96
87
92
98
85
81
88
95
87
90
106
98
87
88
105
84
105
86
91
86
119
92
83
92
87
98
89
94
92
83
96
85
88
90
86
89
90
84
98
90
86
97
101
102
100
94
88
102
88
80
96
94
82
82
107
90
94
95
101
88
94
87
97
100
82
90
84
80
88
85
95
84
90
87
96
88
83
93
102
104
99
90
97
90
97
93
88
96
92
88
93
85
84
85
92
92
86
84
92
75
108
101
105
83
84
85
90
88
90
79
96
94
90
84
94
87
86
88
87
101
93
97
95
104
93
90
100
93
88
83
88
93
117
87
85
86
102
88
83
94
96
101
81
90
98
93
85
85
85
96
85
93
93
92
86
87
87
88
85
98
94
90
112
93
96
96
103
93
82
98
89
89
89
82
86
99
90
90
101
86
98
100
96
92
80
111
79
90
88
78
96
84
96
102
87
86
88
96
88
91
85
107
88
89
98
101
105
82
113
82
99
82
113
96
80
90
94
93
109
86
83
87
84
86
86
100
87
88
97
94
85
105
91
100
92
81
90
84
96
84
88
93
100
97
86
107
100
82
91
85
91
85
94
82
100
79
93
86
93
82
100
96
91
94
94
95
88
84
94
92
112
92
89
91
91
105
84
90
94
87
84
99
87
92
94
93
92
82
112
86
96
88
90
86
92
84
90
88
93
91
81
86
87
97
81
90
90
96
88
97
86
93
91
83
83
97
87
97
87
99
80
85
96
98
89
84
83
95
88
83
90
98
102
90
97
94
97
93
74
90
92
87
101
85
87
98
89
86
96
92
96
93
78
93
88
91
104
87
75
91
81
94
97
123
80
86
88
112
87
92
97
85
86
91
84
102
82
79
94
91
96
84
88
96
86
106
85
88
86
91
95
82
75
96
95
82
82
94
100
108
94
102
92
90
88
90
91
106
80
90
80
90
93
85
91
96
83
94
97
88
95
82
100
84
94
77
95
98
91
91
96
114
101
91
99
95
81
101
98
84
91
90
95
80
86
94
90
90
88
86
84
80
93
93
89
99
91
88
85
101
86
98
94
93
99
96
82
104
82
82
82
115
86
99
99
99
92
96
98
84
93
108
80
87
98
88
84
92
94
105
94
95
87
86
96
94
91
92
117
96
95
87
99
100
82
83
98
89
92
84
88
79
94
100
85
89
96
101
84
100
86
88
88
82
88
98
95
94
94
89
100
94
95
84
83
102
87
83
86
87
102
95
99
