1190
1190
1188
1192
1191
1188
1192
1196
1181
1191
1192
1199
1186
1187
1188
1193
1195
1194
1192
1188
1189
1190
1190
1190
1191
1188
1195
1193
1192
1181
1191
1189
1188
1192
1195
1181
1191
1192
1191
1179
1180
1195
1194
1189
1189
1191
1177
1190
1185
1188
1197
1189
1187
1195
1189
1190
1188
1189
1188
1193
1179
1192
1172
1194
1196
1194
1183
1194
1190
1195
1190
1198
1189
1191
1184
1188
1182
1189
1192
1188
1191
1180
1196
1190
1192
1187
1192
1186
1191
1193
1189
1191
1186
1190
1191
1196
1190
1186
1196
1191
1186
1198
1193
1192
1183
1185
1188
1180
1181
1185
1187
1190
1192
1185
1183
1183
1190
1201
1190
1177
1190
1192
1184
1190
1188
1196
1196
1195
1189
1188
1187
1190
1195
1191
1201
1187
1198
1194
1181
1190
1194
1188
1188
1189
1192
1198
1196
1189
1190
1195
1191
1189
1199
1190
1189
1194
1189
1193
1196
1197
1193
1187
1197
1187
1187
1188
1190
1178
1188
1181
1192
1190
1186
1188
1185
1189
1191
1190
1188
1202
1184
1193
1189
1183
1198
1195
1181
1190
1178
1188
1188
1189
1189
1194
1187
1195
1198
1188
1184
1194
1189
1192
1193
1196
1194
1193
1198
1188
1193
1193
1195
1194
1194
1191
1194
1192
1187
1195
1193
1191
1184
1194
1193
1193
1182
1189
1186
1191
1187
1184
1182
1185
1190
1192
1189
1188
1188
1184
1183
1188
1186
1192
1193
1186
1177
1191
1188
1190
1188
1187
1196
1183
1195
1194
1184
1190
1201
1188
1195
1191
1193
1189
1187
1191
1186
1187
1193
1189
1189
1179
1196
1193
1187
1195
1184
1194
1187
1193
1191
1188
1192
1188
1189
1198
1186
1186
1186
1189
1175
1194
1189
1192
1193
1196
1191
1184
1190
1197
1189
1197
1198
1183
1196
1188
1191
1193
1189
1189
1195
1188
1188
1190
1189
1198
1198
1192
1190
1187
1188
1180
1193
1195
1194
1193
1183
1193
1195
1189
1194
1185
1194
1195
1185
1186
1189
1186
1192
1187
1191
1191
1196
1194
1187
1197
1193
1186
1181
1194
1194
1195
1181
1175
1187
1190
1188
1192
1192
1187
1188
1186
1188
1188
1191
1193
1189
1191
1190
1188
1190
1195
1193
1191
1196
1192
1187
1196
1182
1191
1182
1189
1189
1201
1191
1190
1189
1188
1196
1193
1196
1189
1188
1193
1192
1195
1190
1187
1193
1186
1186
1193
1194
1187
1184
1191
1204
1178
1185
1195
1189
1191
1195
1189
1186
1191
1191
1192
1191
1186
1190
1197
1198
1189
1193
1195
1188
1189
1193
1189
1194
1196
1193
1192
1195
1191
1186
1190
1185
1192
1195
1191
1189
1194
1195
1189
1184
1194
1185
1192
1189
1190
1179
1190
1176
1187
1190
1188
1193
1187
1196
1191
1193
1186
1194
1186
1195
1190
1193
1183
1184
1192
1189
1186
1187
1193
1182
1204
1192
1198
1201
1180
1198
1188
1191
1192
1191
1186
1191
1185
1173
1189
1185
1188
1193
1188
1178
1191
1188
1188
1185
1194
1195
1192
1186
1193
1192
1188
1192
1195
1190
1196
1190
1194
1190
1184
1189
1193
1191
1195
1180
1191
1190
1189
1188
1192
1196
1196
1180
1192
1191
1196
1193
1196
1193
1191
1189
1187
1188
1188
1193
1198
1192
1195
1197
1193
1198
1193
1185
1195
1189
1194
1197
1198
1189
1195
1195
1192
1193
1192
1189
1189
1192
1188
1186
1189
1186
1182
1196
1200
1189
1184
1197
1193
1187
1189
1190
1192
1189
1198
1190
1183
1187
1190
1180
1185
1194
1188
1191
1186
1185
1198
1188
1191
1182
1188
1183
1194
1192
1192
1188
1184
1191
1195
1190
1192
1189
1186
1196
1187
1192
1177
1189
1194
1190
1195
1187
1192
1186
1187
1187
1193
1184
1188
1196
1189
1186
1187
1195
1193
1197
1188
1182
1185
1190
1192
1188
1196
1194
1193
1178
1191
1194
1187
1190
1193
1190
1180
1190
1182
1192
1198
1185
1189
1176
1190
1192
1194
1188
1186
1199
1198
1188
1189
1189
1182
1185
1190
1195
1196
1182
1195
1191
1187
1196
1183
1180
1191
1181
1192
1185
1188
1199
1186
1193
1185
1195
1187
1183
1191
1192
1183
1188
1195
1188
1187
1191
1188
1200
1190
1198
1193
1179
1184
1192
1188
1196
1194
1189
1192
1192
1191
1185
1195
1190
1190
1187
1188
1182
1191
1192
1180
1195
1192
1174
1195
1195
1196
1189
1189
1194
1188
1180
1196
1191
1191
1191
1195
1190
1189
1189
1186
1193
1188
1192
1192
1190
1192
1194
1185
1189
1187
1191
1193
1189
1192
1182
1192
1192
1186
1183
1191
1194
1194
1190
1188
1194
1187
1196
1194
1196
1193
1174
1197
1182
1195
1197
1193
1193
1193
1194
1194
1183
1184
1184
1190
1193
1193
1196
1188
1190
1191
1185
1190
1191
1188
1186
1189
1184
1187
1191
1188
1190
1178
1188
1185
1187
1193
1191
1193
1191
1189
1180
1195
1178
1192
1190
1189
1184
1194
1192
1193
1193
1186
1196
1184
1192
1188
1196
1186
1192
1196
1188
1187
1185
1197
1195
1184
1189
1190
1196
1192
1192
1192
1194
1192
1191
1190
1190
1196
1187
1192
1172
1196
1191
1188
1186
1181
1192
1190
1192
1181
1190
1186
1192
1191
1191
1190
1194
1184
1189
1186
1199
1186
1195
1194
1188
1194
1184
1192
1187
1192
1187
1192
1194
1199
1197
1191
1192
1185
1190
1191
1183
1186
1189
1192
1192
1191
1192
1184
1189
1195
1188
1198
1198
1188
1183
1197
1189
1186
1186
1197
1186
1187
1198
1189
1192
1190
1189
1191
1188
1189
1194
1187
1189
1189
1188
1191
1189
1186
1187
1190
1188
1187
1193
1189
1189
1187
1190
1183
1186
1191
1198
1191
1189
1187
1192
1181
1194
1189
1189
1191
1194
1194
1194
1195
1190
1193
1195
1195
1198
1200
1185
1182
1191
1196
1191
1182
1193
1187
1185
1198
1190
1196
1198
1192
1194
1187
1192
1190
1190
1188
1186
1184
1187
1183
1184
1191
1190
1185
1184
1196
1187
1187
1197
1184
1179
1185
1200
1192
1186
1183
