34661
34773
34927
34964
34902
34887
34896
34753
34619
34809
34806
34803
34912
34731
34716
34802
34749
34769
34749
34760
34727
34836
34714
34731
34800
34925
35051
34773
34615
34608
34753
34758
34628
34892
34862
34739
35001
34801
34884
34834
34772
34743
34852
34898
34912
34718
34656
34863
34630
34804
34903
34862
34777
34845
34947
35000
34848
34750
34934
34645
34850
34908
34678
34839
34879
34786
34859
34970
34805
34843
34850
34929
34735
34823
34886
34877
34701
34925
34731
34759
34854
34744
34870
34932
34809
34938
34856
34941
34761
34841
34934
34818
34855
34791
34717
34852
34816
34834
34867
34797
34726
34881
34838
34920
34727
34819
34849
34800
34754
34748
34686
34741
34919
34907
34689
34747
34846
34749
34753
34693
34802
34934
34553
34798
34811
34909
34772
34797
34825
34737
34895
34656
34723
34888
34861
34883
34782
34797
34758
34722
34781
34875
34736
34724
34794
34768
34906
34969
34781
34817
34827
34795
34759
34723
34833
34824
34774
34737
34833
34708
34853
34840
34790
34761
35030
34882
34920
34834
34666
34706
34933
34787
34809
34861
34636
34840
34881
34813
34726
34881
34816
34912
34777
34697
34953
34798
34789
34793
34864
34638
34966
34806
34810
34783
34936
34914
34827
34737
34811
34744
34870
34785
34771
34801
34835
34828
34779
34878
34893
34832
34794
34720
34685
34875
34867
34839
34807
34946
34727
34692
34821
34920
34801
34816
34695
34853
34905
34691
34795
34937
34815
34798
34733
34925
34823
34802
34716
34834
34872
34754
34667
34869
34830
34756
34900
34841
34808
34772
34791
34930
34922
34740
34860
34696
34809
34803
34942
34648
34911
34888
34786
34829
34760
34652
34910
34839
34890
34843
34695
34756
34741
34973
34736
34711
34943
34764
34833
34944
34900
34693
34812
34750
34847
34795
34761
34935
34691
34705
34564
34642
34868
34679
34800
34736
34905
34836
34690
34755
34832
34879
34931
34679
34699
34725
34973
34958
34661
34963
34854
34688
34755
34932
34898
34781
34906
34829
34839
34840
34890
34683
34835
34674
34848
34957
34853
34780
34562
34802
34834
34846
34726
34538
34779
34629
34686
34734
34803
34700
34789
34756
34734
34804
34840
34717
34795
34570
34793
34729
34822
34765
34645
34655
34845
34876
34900
34809
34846
34828
34875
34649
34744
34801
34817
34847
34847
34765
34770
34786
34807
34857
34887
34865
34891
34827
34735
34934
34806
34885
34785
34909
34854
34780
34787
34789
34725
34975
34746
34755
34738
34936
34791
34945
34894
34801
34750
34722
34913
34904
34659
34789
34808
34901
34941
34783
34790
34741
34836
34909
34728
34891
34754
34836
34547
34860
34827
34811
34704
34662
34699
34832
34865
34667
34887
34866
34777
34638
34718
34860
34964
34873
34817
34835
34658
34790
34780
34945
34857
34782
34903
34693
34871
34906
34763
34739
34804
34858
34908
34745
34665
34708
34812
34716
34858
34896
34898
34754
34644
34720
34848
34729
34821
34679
34914
34911
34781
34882
34746
34968
34786
34943
34745
34858
34756
34904
34683
34798
34715
34825
34719
34901
34893
34810
34807
34588
34829
34719
34791
34944
34757
34850
34934
34779
34919
34837
34688
34819
34880
34741
34855
34870
34897
34944
34778
34810
34918
34936
34836
34871
34723
34756
34715
34822
34861
34706
34902
34948
34695
34751
34777
34707
34786
34859
34733
34749
34715
34926
34679
34895
34819
34694
34767
34803
34889
34848
34807
34790
34882
34750
34738
34844
34878
34815
34804
34674
34886
34927
34695
34726
34764
34814
34870
34769
34778
34775
34864
34845
34641
34915
34896
34857
34832
34745
34848
34715
34924
34774
34838
34889
34897
34803
34748
34834
34890
34483
34894
34824
34812
34746
34801
34653
34732
34935
34753
34904
34984
34923
34795
34989
34742
34874
34718
34800
34712
34866
34816
34804
34785
34772
34786
34821
34877
34797
34991
34791
34801
34786
34556
34855
34702
34593
34842
34754
34777
34791
34829
34888
34850
34859
34566
34867
34722
34797
34820
34762
34792
34772
34888
34793
34801
34742
34829
34908
34859
34864
34865
34684
34934
34894
34837
34791
34945
34697
34940
34717
34686
34791
34689
34965
34912
34826
34871
34842
34900
34806
34912
34733
34880
34836
34936
34990
34749
34894
34820
34754
34985
34914
34741
34932
34743
34981
34779
34667
34923
34776
34780
34918
34640
34717
34873
34779
34818
34814
34927
34901
34831
34836
34887
34968
34903
34836
34877
34832
34738
34728
34807
34783
34884
34721
34818
34830
34807
34778
34796
34864
34755
34746
34750
34751
34854
34791
34781
34783
34772
34991
34801
34857
34839
34718
34954
34721
34819
34846
34795
34714
34770
34927
34876
34910
34806
34889
34646
34758
34822
34894
34909
34810
34686
34767
34945
34815
34723
34868
34805
34741
34855
34920
34884
34805
34834
34869
34887
34919
34903
34687
34882
34861
34737
34797
34794
34884
34818
34765
34805
34837
34861
34970
34878
34820
34785
34906
34602
34721
34758
34764
34954
34790
34802
34755
34707
34630
34785
34753
34817
34756
34716
34771
34784
34806
34864
34700
34803
34916
34999
34912
34765
34649
34786
34911
34741
34806
34863
34711
34874
34717
34722
34981
34494
34840
34883
34701
34872
34767
34845
34867
34535
34631
34696
34697
34801
34894
34842
34842
34897
34912
34863
34941
34866
34902
34857
34886
34821
34709
34670
34761
34585
34675
34751
34806
34852
34792
34863
34963
34747
34752
34713
34924
34769
34871
34569
34861
34791
34820
34780
34757
34799
34799
34780
34731
34990
34882
34697
34847
34722
34832
34778
34696
34752
34650
34634
34867
34756
34896
34937
34856
34870
34848
34801
34820
34759
34831
34858
34745
34928
34946
34893
34681
34836
34745
34952
34858
34861
34908
34812
34720
34865
34837
34754
34676
34870
34785
34848
34908
34893
34717
34774
34770
34761
34778
34876
34887
34724
34836
34727
34968
34684
34816
34773
34820
34903
34891
34840
34964
34726
34939
34886
34808
34868
34817
34849
34731
34765
34874
34789
34830
34725
34797
34795
34749
34900
34756
34870
34729
34885
34840
34744
34699
34822
34666
34821
34755
34774
34801
34899
34880
34923
34818
34821
34900
34712
34939
34848
34753
34783
34758
34768
34672
34752
34797
34797
34897
34761
34856
34752
34701
34873
34885
34930
34892
34827
34851
34641
34781
34685
34856
34769
34671
34844
34798
34905
34940
34807
34683
35006
34713
34760
34867
34514
34846
34873
34739
