31
37
35
34
33
37
40
34
28
41
32
43
39
36
36
41
39
38
42
31
28
41
27
32
38
30
41
24
28
47
43
41
40
38
38
42
30
33
38
46
39
30
32
32
34
41
28
45
39
29
41
42
39
47
31
48
39
35
39
44
34
40
34
45
44
31
42
44
37
33
39
38
30
42
38
40
33
43
33
42
44
46
36
39
33
40
46
32
42
47
39
34
37
35
44
37
38
36
36
43
40
42
25
45
32
35
41
35
29
42
53
48
33
50
38
41
34
39
40
42
32
45
37
31
37
45
42
34
31
36
48
43
33
37
33
28
31
38
50
36
46
50
26
42
45
39
36
35
36
41
41
24
41
37
36
36
46
43
37
43
42
31
36
44
45
24
40
44
39
33
48
32
38
50
43
28
42
45
34
38
44
37
39
42
40
42
30
44
32
28
29
43
38
34
40
40
34
38
39
46
33
46
42
35
32
41
33
39
36
40
31
41
34
38
31
41
33
44
46
36
40
39
37
35
38
49
42
35
53
32
41
45
48
39
37
43
46
39
36
39
45
40
57
39
42
46
45
44
40
49
31
37
36
39
35
40
43
41
44
35
46
36
40
45
37
44
42
37
37
42
33
36
36
52
34
46
27
38
40
33
34
38
47
34
42
43
36
39
31
53
39
37
37
29
41
34
49
47
43
27
33
33
31
38
37
39
35
48
36
40
25
36
33
34
43
33
49
49
44
40
37
38
38
41
29
42
45
47
40
41
34
36
44
50
30
50
33
38
33
42
37
41
37
32
47
41
44
43
43
38
31
42
40
47
48
40
33
28
34
37
30
29
43
33
39
38
35
46
40
31
29
30
39
31
30
33
42
43
44
38
35
30
48
37
41
37
42
40
36
26
24
41
39
40
45
40
36
36
44
39
40
33
27
47
46
46
37
30
37
41
38
26
37
37
25
41
39
41
30
30
45
43
39
40
40
37
45
28
40
43
27
37
35
32
38
38
28
38
29
34
32
32
37
38
34
34
34
53
33
48
36
47
33
40
35
43
38
45
31
35
44
32
34
29
40
37
36
29
34
36
32
32
47
32
52
34
44
36
33
44
34
44
34
43
37
31
46
43
42
37
43
32
39
39
45
35
47
34
37
29
40
31
33
37
37
43
43
34
37
45
31
33
25
35
32
38
39
30
48
41
40
40
23
42
40
52
46
33
25
31
43
36
41
36
37
39
47
39
26
34
34
42
28
35
29
44
36
44
43
38
36
34
40
37
39
30
44
36
32
44
36
45
46
30
29
29
41
47
25
32
28
35
42
36
34
43
48
40
49
38
32
33
48
32
44
46
48
47
50
44
31
41
41
41
42
40
41
49
32
42
34
38
42
40
42
33
37
32
43
39
44
43
24
44
36
33
37
39
39
38
29
29
51
47
44
37
34
37
39
42
38
39
31
48
34
31
34
38
42
41
32
45
35
29
42
39
33
43
40
39
40
43
37
35
40
31
34
32
31
38
33
42
42
34
36
36
23
42
33
49
35
32
39
46
46
36
40
36
39
48
27
28
35
47
46
23
37
41
30
47
42
32
37
35
46
41
32
39
43
30
40
42
34
32
45
30
27
39
30
35
38
32
45
44
30
40
37
33
36
38
31
40
42
43
43
43
45
40
35
38
37
26
48
27
48
43
42
53
45
34
33
38
35
38
39
49
37
37
34
39
34
41
30
37
34
43
28
44
43
30
46
35
47
41
42
43
30
40
44
29
35
43
39
38
37
32
40
34
25
35
41
35
38
46
31
32
26
33
46
35
45
35
35
34
42
39
40
35
38
47
29
41
48
42
36
44
37
42
48
29
32
31
44
35
43
41
30
37
27
32
37
41
36
42
39
36
47
35
44
30
32
45
42
37
35
36
31
42
45
41
38
26
42
39
42
31
37
33
36
31
34
39
43
26
30
32
44
49
39
31
35
42
32
24
47
41
33
42
44
42
31
34
41
31
28
38
34
29
34
35
27
34
45
34
49
44
44
35
43
40
30
43
48
45
38
45
30
33
33
34
37
47
39
46
36
35
31
36
21
44
39
33
28
41
40
49
48
41
38
32
42
32
38
26
41
36
43
42
36
36
42
32
33
33
41
34
43
42
33
42
43
44
29
36
40
31
44
34
47
37
31
38
31
39
32
34
40
41
39
45
36
40
29
39
44
48
44
38
39
31
38
35
25
37
41
51
47
36
36
38
39
46
40
52
41
29
42
36
48
37
48
29
35
37
37
27
42
35
44
37
