719240
719852
719437
718775
719164
718988
719440
719231
719434
719122
719428
719327
719119
718884
719618
719323
718878
719476
719408
719205
719280
719394
719743
719386
719246
719645
719182
719362
719697
719697
719079
718940
719274
719234
719624
719598
718890
718964
719327
719234
719571
719198
719223
719617
719631
719238
719243
719278
719240
719207
719278
719593
719753
719520
719708
719724
719663
719395
719182
719234
719535
719283
719594
719741
719209
719150
719396
718947
719553
719158
719059
719064
719733
719361
719462
719203
719414
719464
719885
719472
719104
719246
719455
719230
719518
719425
719514
718902
719666
719062
719923
719007
719926
719375
719607
719380
719327
719013
719346
719646
719221
719499
719937
719150
719264
719441
719235
719681
719264
719866
719139
719122
718842
718722
719165
719239
719055
719159
719823
719251
719087
719122
719374
719363
719424
719334
719027
719364
719429
719212
719720
719205
719418
719280
719510
719158
719368
719178
719159
719356
719339
719269
719281
719437
719339
719632
719372
719027
719187
719330
719031
719626
718965
719433
719499
719379
719275
719398
719048
719273
719383
719379
719595
719592
719652
719487
719803
719444
719600
719587
719323
719875
719188
719796
719026
719602
718970
719472
719546
719371
719310
719292
719368
719082
719325
719192
719974
719599
719223
719616
719285
718974
719275
719684
719831
718994
720058
719280
718722
719482
719451
719034
719379
719378
719109
719511
719656
719638
719071
719275
719368
719503
719467
719387
719192
719054
719404
719233
719437
719541
719936
719226
719398
719615
719626
719406
718924
719447
719376
719769
719573
719194
719477
719855
719351
719255
719358
719173
719253
719637
719555
719041
719699
719360
719294
719355
719624
719559
719909
719499
719357
719659
719423
719176
719189
719554
719194
719275
719443
719033
719434
719176
719439
719386
719558
719299
719559
719232
719677
719320
718870
719040
718906
719884
719762
719170
719267
719210
719370
719250
719509
719423
719563
719484
719299
719634
719942
719119
718904
719017
719595
719291
718954
719550
719457
719225
719718
719576
720004
719275
719524
719320
719087
719334
719331
719663
719425
719567
719220
719674
719689
719422
719295
719517
719106
719652
719072
719268
719483
719377
719279
719636
719370
719487
719519
719364
719397
719393
719608
719548
719548
719388
719484
719345
719113
719082
719689
719039
719169
719706
719318
719447
719504
719170
719548
719444
719262
719567
719267
719245
719641
718887
719525
719278
719410
719229
719596
719392
719501
719586
719405
719093
719775
718968
719594
719590
719868
718929
719353
719301
719400
719311
719375
719353
719615
719605
719522
719356
719275
719170
719262
719379
719739
719229
719703
719333
719413
719045
719033
719600
719233
719260
719422
719114
719672
719611
719529
719034
719270
719127
719261
719583
719789
718989
719317
719320
719572
719140
719124
719236
719209
719022
719207
719463
719163
719208
719109
719921
719558
719330
718742
719368
718847
719107
719033
718916
719474
719678
719628
718964
719183
719603
719628
719516
719134
719790
719521
719063
719512
719153
719299
719024
719503
719164
719275
719468
719408
719338
719479
719309
719634
719536
719321
719514
719908
719803
719339
719210
718879
719693
719557
719242
719193
719686
719293
719487
719147
718925
719368
719227
719481
719821
719229
719363
719610
719065
719144
719038
719568
719278
719784
719219
719419
719677
719424
719349
719428
719487
719482
719003
719407
719402
719726
719521
719746
719634
719172
719674
719149
718999
719476
719439
719104
719275
719407
719509
719028
719102
719331
719268
719544
719467
719190
719889
719053
719751
719008
719319
719664
719267
719376
719782
719326
719245
719701
719226
719670
719445
719276
719703
719270
719343
718800
719101
719456
719611
719385
718752
719274
719283
719412
719106
719396
719817
719262
719730
719067
719727
719344
718805
719244
719682
719038
719289
719917
719556
719658
719313
719144
719579
719179
718940
719173
719321
718991
719376
719407
719333
719788
719196
719239
719096
719475
719955
719366
719722
719589
719182
719302
719367
719488
719240
719119
719429
719455
719360
719275
719256
719295
719612
719612
719245
719735
719652
719370
718918
718997
719556
719970
719542
719704
719952
719195
719455
719324
719395
719716
719123
718816
719658
719941
719532
719624
719001
719372
719164
719548
719509
719193
719445
719438
719555
718868
719113
719630
719368
719355
719531
719452
719025
719776
719445
719197
719857
719266
719621
719499
719030
719190
718792
719329
719542
719450
719382
719144
719487
719374
718920
719323
719376
719291
719172
719617
719719
719358
719424
719505
718935
719483
719155
719665
719201
719549
719716
718748
719369
719762
719593
719312
719358
719282
719654
719307
719245
719397
719418
719174
719360
719320
719292
719091
719171
719247
719303
719451
719620
719691
719407
719126
719419
719456
719291
718883
718872
719459
719334
719636
719463
719501
719454
719429
719662
719477
719430
719399
719687
719448
719157
719349
719438
719352
719673
719802
719446
719281
718995
719139
719167
719733
719061
719555
719521
719393
719050
719460
719451
719713
719147
719394
719676
719103
719709
719640
719253
719572
719618
719595
718873
719363
718749
719651
719866
719346
719264
719689
719854
718887
719115
719181
719512
719178
719821
719275
719394
719399
719490
719273
719275
719124
719205
719485
719692
719234
719569
719513
719066
719370
719180
719162
719275
719036
719057
719395
719383
719338
718895
719352
719552
719188
719101
719578
719410
719486
719232
719806
719576
719457
719675
719697
719666
719344
719597
719425
719448
719724
719826
718862
719532
719586
719312
718829
719501
719565
719462
719294
719433
719543
719425
719119
719460
718858
719188
719199
719494
719775
719251
719603
719434
719155
719640
719709
719248
719056
719640
719457
720023
719336
719216
719716
719117
719153
719159
719487
719861
719494
719377
719268
719145
719295
719591
719193
719233
719537
719275
719647
719641
719458
719442
719390
719751
719707
719571
719274
718949
719643
719561
719675
719275
719637
719501
719905
718883
719588
719677
719684
719086
719037
719750
719681
719155
719609
719287
719058
719335
719515
719138
719652
719393
719477
719404
719154
719774
719149
719620
719557
719630
719480
719499
719628
719164
719383
719474
719391
719338
719570
719497
719560
719091
719492
719646
719068
719324
719320
719495
719571
719534
719643
719580
719452
719138
719209
719340
719480
719215
719159
719633
719339
719733
719274
719611
719155
719679
719433
719067
719609
718867
719354
719650
719354
719720
719176
719641
718924
719197
719409
718919
719102
719456
719529
719368
719230
719254
719554
719867
719522
719109
719687
719773
719147
718981
719458
719178
719114
719275
719444
719453
719284
719125
719110
719730
719535
719214
719135
719210
719296
719212
719436
719338
719371
719478
719548
719182
719296
719265
719445
719674
719404
719383
718893
719440
719357
719605
719527
719199
719283
719432
719340
719217
719248
719689
719230
719752
719519
719091
719248
719466
719215
719536
719524
719461
