126546
127121
126413
126557
127991
126863
127748
127541
126534
126870
126305
126317
126447
127106
126447
126950
126493
126946
126670
126635
126982
126885
126586
126239
126191
127411
126795
126581
126638
127096
126974
126394
127126
126060
126447
127155
126693
126372
126582
126903
126366
126155
126399
126841
126197
126024
126083
126386
126752
127353
126689
126310
126406
126555
126603
126878
126990
127607
126845
126747
126885
126163
126832
126836
126929
126400
126489
126414
127197
126839
127170
127802
127434
127558
127074
127595
126547
126765
126523
126835
126381
126370
126405
127095
126822
127716
127556
127375
127228
126761
127089
126328
126408
126261
126798
126646
126001
126279
126868
126403
126379
126943
126467
126231
127655
126635
126901
125755
126903
126171
126719
126109
127604
126488
126756
126856
126917
127593
126591
127251
127135
126794
126650
126801
125447
126276
127582
127443
126736
126130
125746
126566
126360
126926
126608
125717
126937
127234
126181
126873
126401
126493
126657
126250
126604
127680
126351
126423
126756
126660
126728
127204
127119
126598
127239
127188
126904
126188
126714
126383
126518
126373
126547
126852
125934
126729
126324
126584
126442
126932
126572
125633
126274
127677
126425
126534
126389
126959
126684
126075
126354
126912
126801
126483
126445
126103
126361
125830
127234
126702
127080
126711
126983
126183
127230
126759
126471
126137
126630
126794
126499
126575
126848
127026
126668
126680
126558
126263
127395
126625
126005
125879
126222
126961
126450
126250
127064
126535
126300
126881
127053
126184
127774
126714
126637
126853
126930
127411
125792
127218
126390
126724
126982
127488
127351
126007
126468
127209
126009
125927
126033
126502
126559
126888
126819
126308
126102
127550
126361
126637
126715
126683
126198
126804
126653
126648
126842
126763
127160
126525
127579
126533
126138
127390
126891
127001
127220
127228
126181
127456
127463
127089
127614
127508
126592
127237
127144
126479
126215
126366
127358
126752
126124
126601
127305
127106
127116
126839
126627
127163
127154
125530
126994
126333
127026
127409
126946
126312
127746
127258
126595
126452
126809
126606
127320
126427
126472
126903
126759
126686
126700
126326
127615
126739
126601
126489
126907
125941
127498
125901
126673
126593
127108
126686
125783
126238
126587
127569
126788
126621
126756
127446
127120
126249
126875
126257
126490
126560
126995
126374
126797
126403
127123
126453
126536
126647
126842
126819
126236
126766
126505
126927
126491
125685
126670
126336
126703
126360
126487
126927
126536
126204
126298
126249
126491
126645
126689
127178
127151
127481
126292
126087
126830
127337
126710
127285
126296
126895
126915
126148
126686
126661
126619
126636
126021
126416
127214
125848
126696
127176
126804
126704
126259
127142
126079
126185
127383
126955
126481
126417
127094
126368
126663
126388
126903
126668
127309
127057
126910
125411
126572
126717
126193
126417
127159
126665
126838
126684
126399
127052
126073
126341
126866
126735
127133
126018
126876
126871
125652
126673
126570
127255
126188
126673
127216
127360
126576
127044
126389
126881
126837
126186
126925
126765
127223
126381
127198
126673
127001
127666
127192
126782
127460
126027
126417
126394
126039
126327
127156
126959
127424
126965
126529
127019
127261
126596
126838
126342
126534
127185
126762
126752
126866
127371
126749
126996
126872
126683
126791
127676
127017
126291
125925
127137
126747
125990
126711
126682
127208
126232
126287
126580
127237
126814
126437
126756
126636
126005
126545
126615
125282
127712
126945
126273
126420
126666
127290
126277
127177
126894
126592
126571
126781
126525
127269
127221
127293
126104
126525
126310
126011
126884
127161
127745
126435
126622
126671
126476
126459
126705
126805
127258
126524
126416
126684
126022
126922
126944
126426
126720
126433
126803
127028
126659
126307
126888
126633
126191
126644
127343
126965
126937
127299
126609
126127
126722
126536
126782
126323
126940
126333
126981
127107
126259
126440
126968
126420
126894
126541
127366
127086
126729
126446
126750
127241
125906
126334
126704
126772
126199
126542
126970
126973
126866
126348
126437
127063
125994
127026
127448
126433
127432
126582
126485
126312
126271
126391
125529
126876
126518
127404
126252
126383
126020
126356
126693
126689
126933
126356
126859
127420
126904
126363
127142
126852
126873
126580
126912
126609
126832
127486
127152
125558
126495
125792
127260
127071
126388
126591
126484
127335
126101
126788
126524
126675
127314
126216
126894
127114
126227
126231
126778
126656
126017
126460
126967
125713
126640
127072
126585
126579
126576
126381
126933
126827
126668
126904
127014
126398
126743
127076
127011
127028
127020
126248
126988
126277
126217
126360
126601
125705
126657
126482
126357
126832
126547
126742
125787
127771
126353
126120
126288
127245
125965
125806
126532
127293
126456
125809
126780
127147
126098
126997
126914
127030
127022
127062
126386
126202
125325
126873
127595
126540
126466
126402
126729
126733
126343
126324
126503
127180
126635
125914
126855
126279
127149
126340
127324
127038
126698
126791
126985
126878
126871
126938
127275
128075
126620
126663
126587
126159
127146
126454
126728
126966
126115
127505
126385
126741
126231
126636
126821
126729
126997
126813
127445
126678
127238
127207
127233
127392
126640
126402
126881
126520
126896
126666
125719
126182
126736
126510
127296
126297
126663
127011
126647
126432
127453
126281
126914
126862
126886
127008
126491
127353
126020
126913
126781
126852
126889
127181
127283
125780
126762
126391
126316
126465
126220
126747
126688
126964
126858
126476
127760
126532
126761
126529
126534
126696
127230
126489
126685
126911
126819
127657
126325
126183
126628
127007
126666
126957
127039
126823
127340
126919
126554
126359
127472
127233
125908
126648
126390
126633
127324
126535
126199
126562
126272
126388
127224
126764
127024
126417
126539
126899
127122
126630
126613
127240
126674
126141
126484
126568
126793
126891
126282
127179
127264
126381
126408
126261
126368
126563
127233
126497
126756
126131
126969
126687
126281
126908
126580
125898
126648
126447
127152
126800
126339
126800
126981
125512
126720
126689
126341
126487
127487
126362
125870
126459
126391
126689
126324
126412
126373
125656
126401
126546
126895
126518
126690
126484
127214
127107
127092
126748
127357
126949
126763
127008
126190
127521
126740
127232
126710
126224
127186
126161
127208
127508
127171
126860
126649
126857
127175
126349
126776
127144
126427
127265
126446
126242
126185
126902
127027
126198
127152
127488
127425
126124
125966
126971
126550
126473
126649
126449
126315
127281
127408
126776
127509
126470
127030
127149
126638
126479
125979
127059
126355
126585
126630
126127
127546
126950
127158
126488
126702
127236
127419
126390
126394
126605
126536
126263
127276
127248
127129
126755
126923
126051
126038
126197
127222
126526
126140
126741
125751
126809
126839
126942
126409
126082
126731
126390
127113
126519
126631
126866
126499
126414
127160
126290
126637
127610
126747
126878
125971
126425
127337
126642
126263
