818
814
819
811
815
800
817
819
824
815
823
811
809
820
819
811
820
819
813
808
815
819
811
813
816
822
814
816
814
807
811
808
821
815
817
818
819
817
821
819
814
811
813
818
816
815
816
810
828
822
808
814
815
815
824
818
819
820
819
824
813
808
820
817
819
817
826
819
816
827
821
818
817
813
813
814
817
816
823
814
822
809
820
816
814
817
817
811
816
819
816
823
812
810
809
818
828
822
825
814
817
808
816
809
815
815
819
821
816
818
814
816
812
812
815
808
815
811
821
815
821
820
817
820
819
820
821
812
813
817
815
812
813
818
811
826
820
821
819
822
809
819
815
823
816
810
809
812
814
817
814
820
821
817
816
815
814
809
810
817
814
819
816
824
817
804
806
824
817
811
815
817
814
812
817
811
812
817
817
811
827
816
808
810
812
813
817
814
823
799
813
813
822
821
813
815
814
820
820
813
820
816
818
817
809
814
815
818
813
819
805
816
813
814
821
810
815
815
817
821
811
816
815
814
818
807
816
822
817
810
817
816
817
815
816
820
819
821
803
819
816
817
823
811
811
817
813
822
814
810
816
823
823
825
804
816
815
811
813
814
820
809
818
815
814
817
811
820
814
813
818
813
809
824
818
819
816
817
810
816
815
819
817
814
813
814
824
807
816
814
823
814
809
811
813
809
817
815
821
816
819
811
810
812
813
821
811
819
813
814
820
820
810
820
811
815
821
818
814
818
821
816
817
822
821
810
813
806
815
820
822
814
809
813
824
815
812
821
820
818
813
816
830
815
818
813
813
823
818
818
821
815
813
821
813
816
815
818
815
808
819
811
814
812
815
816
811
824
815
822
812
819
817
812
813
810
821
818
822
815
817
815
823
813
822
823
813
821
823
817
806
817
827
812
814
815
815
817
817
816
812
815
812
825
814
816
816
822
814
813
811
822
814
813
810
813
814
812
817
814
814
817
821
818
816
809
825
811
822
822
819
817
816
815
824
815
818
810
816
826
823
819
818
812
814
813
820
811
820
814
812
819
816
822
812
823
813
816
816
815
813
824
815
819
825
818
810
811
814
815
824
811
820
817
813
813
814
816
828
817
818
816
812
814
811
823
819
825
812
813
819
819
812
814
816
819
815
818
812
812
810
816
819
819
823
815
824
821
817
814
812
808
818
817
805
822
815
822
810
813
815
819
812
819
814
816
818
816
819
816
818
813
815
814
821
818
813
814
803
820
816
813
822
814
815
814
813
816
818
816
814
821
823
815
819
825
807
818
814
809
821
807
819
811
816
819
816
823
817
812
809
815
808
816
816
815
809
817
816
806
814
816
814
809
816
820
814
814
824
812
815
814
809
819
817
817
819
821
814
803
812
818
819
810
815
812
808
817
820
816
811
811
817
818
817
806
828
814
821
807
818
820
818
809
822
818
815
812
819
815
816
819
815
815
809
814
822
820
821
819
813
825
816
813
813
821
816
814
818
825
820
812
805
815
820
818
810
815
814
824
816
821
828
821
812
812
815
812
814
813
821
814
824
819
814
812
816
818
814
814
817
810
814
817
810
815
812
814
806
813
823
817
817
815
820
815
819
815
802
812
815
816
818
806
811
810
813
819
818
819
816
808
822
816
814
815
814
813
817
815
821
818
817
815
822
824
818
816
815
812
817
814
816
815
810
820
821
817
813
817
821
822
817
825
814
816
811
818
814
817
810
818
821
818
819
810
812
822
811
813
808
807
816
815
820
816
812
815
820
814
812
819
807
810
821
810
808
816
815
821
820
822
814
820
817
815
819
814
826
812
814
813
818
814
820
817
822
812
815
814
815
816
814
814
817
817
820
818
816
816
811
808
818
822
822
812
815
809
817
811
819
818
808
823
820
807
814
823
822
818
816
814
821
815
808
813
816
824
816
815
814
817
823
816
808
813
824
811
800
808
812
818
817
816
813
824
817
818
817
812
821
811
811
814
814
817
817
817
812
819
818
818
819
820
818
815
805
809
809
811
818
815
810
809
815
810
813
824
822
809
812
815
812
809
812
810
814
816
821
815
815
812
807
812
822
815
819
815
822
818
825
819
813
815
809
817
815
818
815
813
815
816
817
816
812
821
821
816
812
818
814
812
821
812
812
815
807
811
813
811
818
812
812
819
814
811
816
820
818
817
819
825
817
814
821
811
814
813
810
814
821
813
812
816
812
816
821
811
816
813
817
815
818
816
815
827
810
812
818
816
823
816
807
818
816
820
813
809
818
817
813
815
819
818
816
812
822
824
818
814
