1112
1115
1102
1103
1118
1109
1115
1113
1103
1105
1110
1091
1109
1107
1093
1112
1110
1108
1105
1106
1105
1113
1100
1105
1104
1111
1095
1102
1104
1107
1088
1094
1108
1112
1107
1091
1107
1106
1099
1109
1111
1103
1105
1092
1095
1103
1104
1105
1114
1093
1111
1108
1107
1100
1105
1108
1098
1107
1114
1110
1110
1106
1104
1115
1111
1115
1113
1108
1111
1096
1106
1112
1114
1105
1107
1106
1111
1098
1101
1109
1109
1108
1116
1112
1101
1113
1108
1107
1103
1107
1106
1108
1092
1093
1095
1107
1108
1103
1111
1102
1105
1089
1105
1116
1111
1100
1092
1114
1108
1110
1107
1113
1105
1106
1109
1113
1109
1113
1112
1106
1112
1102
1110
1098
1090
1091
1099
1120
1101
1098
1094
1096
1103
1101
1105
1102
1109
1109
1114
1104
1113
1096
1111
1111
1115
1104
1111
1104
1087
1114
1094
1121
1106
1102
1105
1116
1083
1104
1106
1108
1107
1106
1096
1106
1117
1101
1096
1109
1099
1099
1101
1109
1113
1103
1110
1095
1105
1101
1097
1100
1103
1105
1110
1105
1113
1107
1123
1111
1107
1088
1105
1105
1100
1113
1104
1117
1116
1105
1112
1110
1103
1099
1111
1093
1111
1107
1094
1123
1104
1103
1110
1111
1104
1102
1104
1105
1114
1104
1108
1108
1110
1109
1103
1111
1105
1101
1125
1118
1114
1093
1116
1091
1108
1117
1111
1101
1098
1106
1097
1091
1106
1098
1121
1099
1116
1103
1100
1094
1117
1103
1118
1103
1118
1096
1100
1096
1106
1105
1101
1105
1118
1112
1118
1110
1113
1101
1102
1106
1104
1113
1101
1111
1105
1107
1099
1101
1100
1097
1104
1109
1116
1118
1114
1107
1111
1115
1104
1112
1095
1114
1116
1094
1106
1101
1113
1113
1104
1114
1111
1121
1098
1108
1111
1102
1101
1107
1102
1120
1101
1106
1101
1112
1113
1116
1101
1104
1101
1116
1102
1107
1115
1111
1109
1112
1109
1114
1109
1115
1110
1102
1096
1101
1114
1108
1105
1107
1105
1100
1108
1101
1116
1119
1108
1098
1113
1105
1103
1110
1094
1105
1112
1101
1097
1103
1112
1100
1114
1104
1107
1115
1094
1111
1111
1104
1103
1111
1099
1099
1113
1109
1110
1108
1110
1107
1102
1109
1108
1101
1106
1105
1115
1107
1108
1098
1099
1108
1101
1091
1104
1115
1106
1113
1103
1104
1112
1114
1111
1105
1093
1096
1101
1116
1105
1103
1110
1108
1104
1102
1120
1101
1107
1104
1102
1106
1105
1105
1105
1095
1104
1103
1115
1108
1110
1097
1106
1112
1101
1116
1110
1109
1111
1112
1117
1118
1119
1100
1096
1109
1103
1106
1097
1108
1106
1100
1107
1105
1102
1108
1117
1098
1109
1116
1098
1098
1106
1102
1101
1113
1112
1110
1109
1110
1113
1091
1114
1101
1103
1104
1112
1108
1099
1107
1089
1115
1108
1103
1113
1105
1091
1090
1109
1098
1106
1112
1113
1100
1114
1111
1111
1106
1095
1098
1110
1115
1113
1109
1109
1112
1115
1102
1114
1104
1103
1094
1101
1109
1104
1111
1111
1110
1112
1100
1101
1105
1107
1104
1117
1090
1084
1118
1116
1097
1100
1098
1106
1107
1105
1102
1102
1112
1110
1112
1105
1113
1101
1106
1100
1096
1096
1106
1117
1107
1108
1093
1117
1113
1106
1104
1112
1114
1099
1100
1109
1101
1095
1112
1100
1114
1101
1113
1106
1113
1112
1095
1113
1105
1105
1108
1111
1108
1101
1114
1112
1112
1110
1098
1110
1105
1107
1118
1113
1097
1105
1099
1108
1121
1107
1097
1116
1106
1115
1093
1107
1114
1112
1108
1096
1111
1112
1106
1106
1102
1113
1104
1113
1110
1113
1109
1094
1113
1112
1112
1104
1107
1105
1104
1103
1108
1110
1107
1101
1098
1105
1090
1106
1110
1099
1103
1106
1113
1113
1111
1109
1108
1103
1105
1102
1106
1102
1110
1096
1104
1119
1087
1115
1110
1113
1117
1087
1110
1111
1097
1119
1114
1101
1115
1090
1107
1102
1116
1099
1103
1119
1105
1106
1099
1113
1101
1104
1113
1094
1104
1107
1106
1107
1113
1107
1101
1099
1104
1099
1125
1093
1104
1106
1094
1115
1111
1109
1104
1104
1101
1094
1107
1118
1112
1107
1106
1110
1109
1105
1106
1112
1110
1109
1099
1104
1115
1106
1103
1102
1112
1114
1101
1104
1111
1113
1116
1096
1111
1110
1097
1099
1109
1096
1111
1093
1101
1101
1099
1121
1113
1100
1096
1110
1104
1108
1097
1091
1099
1105
1093
1112
1098
1102
1102
1112
1112
1114
1094
1117
1107
1113
1098
1115
1116
1104
1092
1106
1103
1113
1101
1105
1102
1107
1100
1112
1088
1102
1110
1112
1098
1103
1114
1107
1101
1108
1114
1114
1107
1118
1104
1109
1114
1112
1110
1105
1103
1102
1107
1120
1098
1100
1098
1105
1103
1109
1106
1097
1101
1102
1100
1115
1102
1106
1114
1115
1111
1110
1107
1099
1108
1106
1111
1106
1109
1108
1107
1115
1096
1113
1095
1107
1105
1107
1088
1102
1098
1111
1103
1114
1107
1110
1118
1107
1114
1101
1098
1103
1115
1118
1106
1106
1115
1113
1119
1111
1109
1120
1112
1116
1099
1113
1109
1104
1114
1105
1116
1110
1103
1112
1112
1098
1103
1123
1114
1111
1106
1097
1116
1114
1107
1097
1094
1103
1111
1106
1100
1109
1114
1107
1100
1093
1100
1108
1108
1098
1106
1109
1095
1107
1094
1120
1109
1106
1100
1105
1106
1119
1106
1092
1110
1108
1114
1119
1099
1102
1117
1114
1103
1113
1093
1102
1111
1110
1118
1110
1111
1113
1107
1099
1116
1090
1096
1094
1086
1111
1112
1109
1119
1099
1109
1110
1105
1097
1116
1090
1097
1098
1101
1107
1097
1102
1103
1112
1090
1114
1099
1107
1104
1111
1101
1096
1099
1101
1104
1113
1115
1112
1093
1101
1114
1105
1112
1106
1113
1102
1101
1110
1112
1100
1112
1099
1106
1107
1104
1107
1102
1105
1110
1099
1111
1103
1109
1110
1102
1098
1100
1114
1100
1100
1102
1101
1103
1106
1103
1103
1120
1105
1116
