2184
2182
2184
2191
2177
2187
2178
2178
2182
2188
2178
2175
2180
2185
2176
2180
2190
2180
2181
2178
2182
2183
2188
2181
2178
2181
2187
2185
2180
2184
2182
2186
2185
2180
2185
2184
2183
2185
2183
2177
2182
2182
2186
2184
2180
2187
2181
2185
2180
2179
2178
2179
2178
2184
2181
2183
2182
2183
2176
2179
2184
2180
2184
2183
2186
2187
2188
2177
2182
2184
2182
2183
2179
2176
2183
2184
2177
2183
2179
2183
2178
2184
2184
2184
2184
2179
2181
2184
2179
2178
2185
2173
2181
2179
2182
2180
2183
2181
2188
2181
2181
2177
2185
2187
2180
2183
2182
2183
2185
2180
2182
2179
2185
2180
2178
2187
2180
2179
2183
2182
2178
2182
2188
2188
2183
2187
2181
2184
2176
2178
2178
2179
2187
2182
2180
2182
2178
2183
2180
2182
2183
2180
2181
2181
2181
2182
2177
2188
2186
2181
2180
2180
2181
2184
2182
2182
2180
2180
2177
2181
2188
2178
2186
2180
2185
2181
2185
2182
2180
2174
2182
2182
2187
2183
2182
2184
2176
2180
2184
2182
2181
2177
2177
2185
2183
2182
2180
2185
2179
2186
2180
2182
2186
2184
2184
2183
2180
2180
2180
2178
2184
2178
2182
2180
2182
2182
2180
2181
2178
2186
2184
2176
2185
2180
2180
2183
2175
2177
2182
2183
2180
2181
2182
2185
2179
2180
2182
2177
2185
2176
2182
2179
2182
2173
2184
2180
2183
2181
2185
2181
2181
2187
2185
2176
2182
2179
2180
2176
2179
2181
2180
2174
2184
2184
2175
2183
2183
2187
2182
2182
2182
2183
2182
2182
2183
2179
2182
2183
2180
2182
2183
2182
2185
2180
2182
2178
2180
2182
2178
2177
2182
2181
2185
2179
2182
2177
2183
2185
2185
2182
2184
2179
2179
2178
2179
2181
2179
2176
2178
2188
2182
2183
2184
2183
2183
2187
2181
2181
2184
2182
2184
2181
2186
2181
2177
2179
2181
2178
2179
2181
2177
2182
2181
2174
2184
2185
2173
2175
2180
2179
2180
2182
2180
2183
2181
2179
2180
2178
2188
2180
2176
2184
2182
2182
2182
2181
2173
2182
2180
2189
2175
2180
2177
2182
2185
2182
2182
2185
2181
2179
2180
2185
2179
2182
2179
2183
2182
2183
2177
2182
2191
2173
2180
2177
2184
2180
2181
2180
2183
2179
2185
2182
2189
2180
2181
2188
2184
2187
2184
2181
2186
2183
2188
2187
2179
2181
2184
2180
2186
2184
2177
2180
2182
2173
2180
2176
2181
2182
2181
2179
2179
2184
2181
2184
2183
2183
2178
2185
2173
2179
2180
2185
2182
2180
2179
2185
2176
2191
2179
2186
2185
2183
2179
2180
2188
2177
2178
2181
2179
2178
2181
2186
2186
2181
2184
2183
2180
2178
2177
2183
2182
2187
2182
2181
2183
2185
2183
2185
2190
2177
2181
2184
2187
2181
2182
2180
2183
2183
2179
2181
2183
2181
2181
2183
2182
2182
2180
2177
2180
2183
2179
2183
2183
2181
2182
2184
2181
2177
2178
2185
2181
2176
2181
2178
2183
2178
2179
2181
2185
2182
2187
2184
2186
2188
2177
2185
2180
2178
2186
2179
2183
2180
2185
2181
2178
2186
2188
2181
2176
2183
2176
2178
2182
2183
2183
2181
2180
2181
2185
2183
2180
2184
2183
2181
2180
2183
2184
2182
2176
2180
2183
2183
2182
2187
2185
2185
2179
2184
2182
2182
2181
2178
2180
2178
2186
2180
2178
2183
2181
2178
2185
2186
2180
2184
2178
2182
2178
2181
2180
2184
2188
2182
2176
2179
2178
2183
2181
2188
2180
2179
2178
2184
2178
2186
2186
2181
2178
2179
2182
2182
2183
2182
2183
2181
2180
2184
2174
2181
2184
2184
2184
2181
2183
2173
2183
2184
2181
2187
2182
2180
2188
2179
2184
2183
2180
2185
2181
2178
2181
2178
2176
2179
2179
2185
2183
2181
2180
2182
2187
2175
2180
2182
2181
2186
2174
2184
2182
2181
2181
2185
2184
2184
2185
2187
2183
2183
2184
2185
2180
2185
2186
2180
2181
2180
2182
2184
2179
2183
2179
2180
2181
2181
2179
2183
2181
2181
2181
2182
2182
2176
2182
2183
2183
2182
2183
2181
2182
2184
2182
2181
2175
2179
2182
2183
2180
2183
2176
2180
2181
2180
2182
2180
2182
2184
2182
2183
2181
2181
2178
2180
2179
2182
2185
2180
2179
2181
2183
2179
2183
2172
2185
2180
2180
2185
2180
2183
2183
2183
2178
2184
2177
2177
2181
2179
2175
2185
2183
2180
2181
2182
2179
2180
2181
2178
2182
2180
2180
2177
2181
2182
2180
2186
2182
2180
2178
2184
2182
2182
2178
2186
2183
2184
2186
2178
2180
2180
2182
2178
2179
2178
2185
2185
2186
2183
2173
2177
2182
2183
2179
2182
2183
2177
2184
2179
2178
2184
2180
2179
2180
2182
2179
2182
2182
2185
2180
2183
2178
2185
2181
2182
2182
2179
2179
2180
2183
2181
2183
2182
2179
2183
2177
2182
2180
2178
2184
2175
2182
2179
2182
2182
2182
2184
2186
2176
2181
2184
2180
2184
2179
2179
2179
2184
2182
2183
2184
2182
2179
2185
2179
2182
2183
2185
2181
2185
2186
2178
2186
2183
2183
2181
2180
2178
2186
2184
2181
2183
2176
2180
2180
2180
2182
2175
2177
2182
2184
2180
2178
2187
2184
2185
2189
2186
2182
2179
2178
2185
2180
2182
2180
2181
2177
2183
2182
2182
2179
2186
2181
2180
2185
2185
2179
2180
2184
2179
2181
2181
2190
2178
2183
2179
2176
2172
2182
2177
2182
2186
2180
2176
2185
2183
2184
2183
2183
2182
2176
2182
2178
2183
2184
2182
2185
2187
2178
2182
2179
2177
2182
2181
2180
2182
2187
2184
2186
2179
2176
2179
2184
2178
2178
2185
2181
2183
2176
2185
2186
2181
2186
2178
2175
2189
2182
2181
2180
2182
2180
2187
2181
2184
2185
2184
2187
2186
2186
2176
2183
2183
2182
2180
2185
2185
2179
2180
2180
2182
2178
2179
2176
2183
2181
2177
2182
2184
2177
2180
2178
2176
2177
2184
2180
2180
2183
2178
2182
2180
2181
2181
2181
2180
2181
2182
2176
2181
2180
2182
2176
2180
2184
2184
2184
2184
