3523
3527
3516
3510
3522
3515
3522
3526
3500
3506
3506
3495
3508
3516
3494
3520
3504
3516
3504
3507
3501
3516
3506
3490
3504
3505
3502
3509
3510
3516
3490
3501
3523
3527
3515
3491
3518
3522
3494
3515
3518
3501
3505
3482
3498
3501
3512
3514
3528
3490
3520
3520
3501
3497
3525
3531
3504
3523
3535
3516
3530
3520
3501
3529
3522
3518
3528
3520
3508
3512
3517
3523
3540
3525
3515
3512
3515
3507
3502
3532
3523
3517
3524
3519
3503
3536
3525
3496
3511
3512
3513
3524
3472
3495
3492
3542
3517
3519
3517
3505
3515
3495
3525
3534
3533
3503
3509
3516
3518
3524
3511
3536
3524
3505
3522
3549
3517
3522
3518
3507
3520
3502
3522
3512
3465
3485
3508
3545
3500
3507
3493
3505
3516
3524
3509
3521
3515
3503
3528
3518
3524
3483
3511
3524
3528
3517
3521
3518
3491
3536
3499
3545
3517
3511
3525
3511
3502
3518
3501
3511
3517
3511
3500
3506
3535
3497
3521
3520
3498
3504
3501
3533
3508
3505
3521
3495
3498
3502
3511
3497
3515
3518
3513
3511
3526
3514
3539
3515
3514
3491
3496
3519
3522
3520
3510
3529
3509
3521
3519
3515
3520
3511
3519
3495
3515
3521
3494
3525
3527
3495
3520
3529
3518
3505
3526
3507
3522
3498
3526
3518
3531
3513
3517
3526
3515
3507
3549
3526
3548
3497
3525
3498
3519
3536
3531
3506
3494
3522
3498
3505
3524
3519
3534
3496
3533
3513
3510
3496
3555
3509
3542
3508
3532
3502
3518
3509
3523
3505
3511
3513
3528
3517
3534
3515
3529
3500
3512
3503
3509
3521
3508
3521
3504
3528
3504
3515
3486
3506
3515
3525
3534
3531
3537
3529
3528
3524
3514
3523
3495
3528
3521
3489
3505
3510
3515
3523
3513
3519
3516
3534
3500
3513
3519
3512
3499
3499
3520
3528
3506
3501
3500
3530
3535
3524
3507
3504
3502
3529
3502
3517
3527
3513
3515
3529
3510
3530
3517
3533
3519
3507
3500
3503
3529
3517
3523
3515
3512
3514
3519
3514
3536
3535
3525
3506
3529
3507
3515
3525
3506
3499
3521
3520
3489
3525
3506
3500
3538
3498
3517
3530
3493
3517
3542
3529
3513
3518
3506
3496
3514
3522
3520
3521
3520
3541
3512
3521
3516
3517
3523
3505
3518
3513
3511
3512
3500
3516
3502
3497
3505
3520
3530
3519
3501
3510
3520
3535
3529
3505
3475
3497
3520
3534
3513
3510
3508
3514
3514
3514
3530
3505
3512
3505
3521
3524
3529
3519
3496
3492
3505
3499
3529
3511
3525
3515
3505
3523
3498
3525
3512
3514
3521
3532
3547
3534
3541
3502
3494
3522
3515
3507
3513
3525
3518
3510
3521
3509
3498
3522
3530
3490
3517
3511
3508
3492
3520
3520
3501
3522
3525
3523
3519
3516
3522
3484
3538
3520
3492
3498
3517
3513
3496
3520
3488
3530
3500
3504
3525
3496
3489
3501
3532
3508
3499
3524
3523
3508
3519
3516
3529
3510
3491
3488
3509
3532
3522
3515
3521
3521
3550
3510
3519
3510
3492
3494
3506
3523
3517
3525
3518
3523
3508
3499
3500
3514
3508
3494
3514
3482
3477
3531
3532
3481
3500
3498
3500
3510
3517
3516
3514
3520
3520
3522
3508
3526
3500
3504
3509
3497
3490
3525
3527
3518
3539
3499
3530
3510
3505
3508
3532
3528
3493
3497
3504
3498
3494
3515
3507
3535
3502
3514
3524
3519
3506
3505
3531
3534
3504
3521
3534
3531
3496
3522
3523
3515
3537
3507
3519
3503
3514
3531
3513
3505
3518
3502
3519
3539
3518
3493
3524
3517
3536
3504
3532
3528
3528
3512
3502
3525
3522
3512
3515
3518
3534
3507
3551
3510
3542
3522
3496
3513
3531
3522
3507
3517
3510
3513
3518
3516
3510
3529
3511
3495
3515
3493
3521
3503
3522
3502
3518
3516
3515
3519
3515
3520
3527
3513
3503
3509
3516
3517
3495
3521
3550
3480
3506
3522
3518
3522
3491
3528
3522
3513
3533
3524
3508
3519
3485
3522
3515
3537
3529
3496
3527
3533
3495
3519
3525
3500
3501
3517
3501
3503
3513
3499
3522
3527
3513
3497
3497
3498
3510
3531
3503
3498
3501
3494
3516
3509
3520
3516
3502
3507
3473
3502
3528
3524
3512
3501
3516
3528
3521
3516
3530
3522
3521
3499
3528
3529
3513
3507
3497
3512
3531
3507
3507
3520
3533
3528
3489
3522
3521
3505
3510
3516
3498
3522
3487
3493
3504
3505
3534
3548
3491
3494
3505
3514
3509
3491
3496
3499
3536
3504
3525
3508
3512
3513
3529
3532
3535
3505
3545
3522
3525
3494
3519
3536
3507
3486
3514
3520
3515
3506
3512
3505
3513
3496
3524
3484
3502
3516
3534
3514
3512
3527
3521
3508
3517
3521
3525
3509
3533
3524
3520
3537
3508
3511
3507
3519
3517
3511
3542
3500
3505
3514
3495
3513
3518
3521
3500
3511
3507
3490
3512
3503
3509
3524
3525
3524
3523
3524
3498
3514
3527
3513
3515
3504
3529
3511
3521
3490
3499
3497
3501
3519
3496
3478
3508
3501
3515
3496
3537
3530
3522
3509
3524
3504
3501
3494
3507
3536
3519
3508
3524
3522
3516
3525
3524
3522
3511
3512
3533
3503
3511
3518
3501
3526
3521
3534
3521
3509
3537
3513
3499
3515
3539
3529
3517
3522
3493
3531
3517
3538
3475
3486
3525
3491
3512
3502
3525
3528
3514
3507
3512
3517
3512
3516
3508
3508
3525
3486
3517
3501
3542
3517
3512
3506
3511
3507
3524
3527
3505
3528
3504
3512
3547
3503
3497
3529
3526
3517
3537
3494
3498
3529
3529
3536
3520
3522
3510
3515
3504
3534
3491
3512
3501
3479
3519
3527
3529
3525
3503
3526
3517
3516
3505
3529
3495
3486
3485
3500
3526
3496
3507
3513
3516
3506
3523
3497
3514
3503
3524
3507
3500
3502
3511
3517
3525
3535
3524
3497
3501
3524
3509
3518
3510
3526
3512
3507
3526
3527
3496
3529
3501
3507
3521
3507
3504
3523
3519
3522
3510
3507
3514
3530
3513
3498
3497
3505
3525
3495
3505
3518
3508
3498
3517
3504
3520
3521
3499
3521
