1131
1133
1119
1121
1137
1125
1136
1131
1120
1122
1127
1110
1127
1125
1112
1130
1127
1127
1122
1122
1124
1130
1117
1125
1123
1128
1112
1119
1122
1125
1106
1112
1124
1130
1124
1109
1126
1122
1116
1128
1128
1121
1124
1109
1112
1121
1121
1124
1130
1111
1128
1127
1125
1120
1124
1126
1115
1124
1132
1129
1128
1122
1122
1133
1130
1133
1130
1126
1129
1113
1124
1130
1133
1124
1125
1124
1129
1114
1118
1127
1130
1124
1133
1131
1120
1130
1126
1124
1121
1125
1123
1127
1111
1110
1111
1124
1126
1122
1127
1119
1124
1106
1123
1134
1130
1117
1110
1130
1127
1129
1125
1131
1123
1125
1128
1131
1127
1131
1130
1125
1131
1121
1127
1116
1110
1107
1116
1139
1119
1117
1111
1114
1120
1119
1124
1119
1125
1126
1132
1123
1130
1115
1131
1126
1133
1123
1130
1122
1105
1132
1114
1137
1125
1120
1121
1134
1102
1123
1124
1126
1125
1123
1114
1125
1136
1118
1114
1126
1118
1116
1119
1129
1129
1121
1129
1113
1123
1119
1113
1117
1122
1123
1129
1123
1131
1126
1140
1131
1124
1106
1123
1124
1117
1130
1122
1135
1133
1123
1129
1128
1121
1117
1129
1110
1128
1125
1112
1140
1123
1121
1126
1130
1122
1120
1122
1123
1130
1122
1126
1126
1129
1126
1123
1127
1122
1120
1143
1135
1131
1111
1134
1108
1126
1135
1130
1119
1115
1126
1114
1109
1122
1115
1140
1117
1134
1122
1118
1112
1135
1121
1136
1121
1137
1115
1118
1114
1124
1123
1118
1123
1136
1131
1135
1129
1130
1118
1120
1125
1122
1130
1121
1127
1122
1125
1117
1119
1119
1115
1121
1129
1134
1136
1131
1126
1129
1132
1121
1130
1112
1132
1135
1112
1123
1121
1132
1130
1123
1133
1129
1138
1115
1125
1129
1120
1119
1126
1119
1137
1120
1124
1118
1129
1131
1135
1117
1122
1119
1134
1119
1124
1135
1128
1127
1131
1127
1131
1126
1133
1129
1120
1114
1116
1133
1126
1126
1124
1124
1118
1126
1118
1133
1137
1126
1118
1130
1123
1121
1127
1112
1124
1129
1121
1114
1122
1129
1117
1134
1121
1124
1134
1112
1128
1130
1122
1121
1129
1116
1119
1130
1127
1128
1127
1128
1125
1121
1127
1126
1119
1123
1122
1135
1124
1126
1116
1119
1124
1119
1109
1122
1132
1123
1131
1123
1122
1130
1132
1129
1122
1113
1115
1119
1134
1123
1120
1130
1126
1122
1119
1138
1117
1125
1122
1120
1124
1124
1125
1123
1111
1123
1121
1133
1125
1128
1115
1123
1131
1119
1134
1129
1127
1129
1129
1136
1136
1137
1118
1115
1126
1121
1126
1114
1126
1124
1117
1127
1123
1120
1128
1134
1116
1127
1133
1116
1114
1125
1123
1118
1131
1130
1126
1128
1128
1131
1111
1130
1118
1121
1122
1129
1126
1119
1125
1107
1132
1127
1120
1132
1122
1109
1109
1127
1116
1124
1131
1131
1118
1134
1129
1130
1123
1112
1116
1129
1133
1131
1128
1127
1130
1133
1119
1133
1122
1120
1113
1119
1127
1122
1129
1129
1127
1131
1117
1120
1120
1125
1123
1134
1108
1102
1136
1134
1113
1117
1116
1124
1125
1123
1120
1122
1131
1127
1128
1124
1129
1120
1124
1120
1114
1113
1123
1136
1123
1127
1113
1136
1130
1122
1122
1130
1132
1118
1118
1125
1120
1112
1129
1118
1132
1118
1132
1123
1131
1130
1113
1131
1124
1124
1127
1129
1125
1118
1131
1130
1129
1131
1117
1128
1122
1125
1136
1131
1115
1123
1118
1125
1139
1125
1115
1133
1123
1136
1109
1124
1133
1129
1127
1113
1127
1130
1123
1124
1120
1131
1123
1131
1128
1132
1126
1112
1131
1131
1129
1121
1125
1123
1122
1121
1128
1128
1125
1119
1116
1123
1108
1123
1128
1117
1122
1123
1131
1132
1129
1126
1126
1122
1124
1119
1125
1122
1128
1114
1122
1138
1103
1134
1128
1130
1136
1102
1129
1130
1114
1137
1133
1118
1132
1108
1125
1120
1132
1116
1122
1137
1122
1124
1118
1131
1118
1121
1130
1113
1122
1124
1123
1126
1131
1125
1120
1117
1122
1116
1143
1112
1122
1124
1111
1134
1128
1128
1122
1122
1118
1113
1124
1138
1129
1125
1123
1129
1127
1123
1124
1130
1128
1127
1117
1122
1133
1123
1122
1120
1129
1133
1119
1122
1130
1131
1133
1115
1128
1129
1117
1117
1128
1113
1129
1110
1119
1118
1118
1139
1130
1119
1115
1128
1121
1125
1116
1108
1116
1125
1109
1131
1117
1120
1120
1130
1128
1133
1112
1137
1126
1129
1115
1133
1134
1122
1110
1124
1122
1130
1119
1123
1120
1125
1118
1131
1106
1120
1128
1128
1116
1122
1132
1126
1121
1127
1131
1131
1124
1137
1122
1128
1132
1129
1128
1123
1119
1121
1126
1136
1115
1116
1117
1123
1121
1127
1123
1114
1122
1119
1117
1133
1119
1124
1131
1134
1128
1128
1124
1118
1126
1125
1129
1124
1127
1126
1123
1133
1114
1132
1112
1125
1123
1125
1105
1121
1115
1129
1120
1132
1126
1128
1136
1123
1132
1119
1116
1120
1134
1135
1123
1126
1132
1132
1137
1129
1126
1137
1131
1132
1118
1130
1128
1122
1132
1124
1134
1127
1121
1130
1130
1116
1121
1140
1132
1128
1124
1114
1135
1132
1124
1115
1112
1120
1129
1123
1119
1126
1134
1125
1117
1111
1118
1125
1127
1115
1124
1128
1114
1124
1112
1138
1128
1123
1117
1123
1125
1136
1124
1109
1128
1126
1132
1138
1117
1120
1134
1131
1122
1130
1111
1122
1129
1127
1136
1128
1129
1130
1128
1116
1133
1108
1114
1111
1105
1129
1130
1127
1136
1117
1127
1126
1125
1115
1133
1110
1116
1116
1117
1124
1116
1119
1120
1132
1109
1133
1117
1125
1123
1128
1117
1115
1117
1117
1122
1131
1134
1129
1112
1119
1131
1123
1131
1123
1133
1119
1119
1128
1130
1118
1129
1117
1125
1124
1122
1124
1120
1124
1129
1116
1129
1122
1127
1130
1118
1117
1118
1131
1118
1118
1120
1117
1121
1125
1121
1121
1138
1123
1134
