13
24
9
61
28
25
64
84
26
39
23
63
9
100
18
54
94
91
92
78
45
67
28
98
49
38
78
84
81
18
59
38
83
88
70
67
44
45
11
60
34
87
31
9
19
50
75
59
41
77
19
79
6
66
65
10
8
65
7
73
100
34
50
73
15
82
59
45
57
44
40
98
97
48
9
3
5
5
55
65
85
44
93
26
26
36
96
15
73
15
82
99
45
15
31
7
91
21
57
27
29
68
47
9
57
46
16
31
44
40
33
5
93
27
16
15
13
85
30
60
33
93
78
29
94
24
67
78
76
44
26
25
84
93
66
20
9
15
47
20
44
50
11
91
32
51
21
100
15
46
58
89
24
4
92
81
11
42
7
50
64
77
8
36
31
50
10
19
24
27
93
78
6
54
49
60
65
8
29
40
43
8
76
92
80
81
32
20
61
27
95
34
86
6
9
21
70
31
47
11
83
87
44
62
70
100
89
29
90
77
32
5
51
53
28
69
83
75
61
3
11
41
98
22
33
99
94
67
6
23
66
18
80
98
82
94
49
37
40
17
23
41
15
42
4
7
42
68
70
19
53
91
11
14
41
33
44
13
72
59
6
26
26
36
30
63
9
9
4
31
20
57
49
70
65
82
60
77
21
70
3
68
38
83
63
27
89
55
77
46
95
88
55
3
16
49
32
94
83
33
62
18
84
17
4
40
28
27
16
21
33
53
46
97
8
78
37
84
88
81
70
8
89
32
13
22
96
23
58
43
11
4
88
10
64
36
93
60
59
56
43
57
38
43
14
55
13
6
36
24
21
100
25
93
39
37
35
38
65
67
45
18
4
47
12
83
88
27
39
45
28
25
92
51
54
48
16
46
59
14
67
53
23
66
78
5
63
25
68
47
88
14
18
80
21
85
51
85
11
83
10
4
79
33
22
69
48
69
73
18
2
61
23
29
86
13
100
35
12
45
55
57
17
31
44
33
62
38
60
77
64
81
80
51
5
54
91
5
73
32
5
100
3
45
19
93
31
25
65
45
59
98
58
93
69
25
48
22
83
22
45
10
65
70
20
88
71
78
20
33
77
28
6
47
22
25
97
64
6
28
55
64
28
55
57
80
94
35
29
61
37
76
99
15
62
84
93
50
7
79
13
78
49
66
88
20
94
30
21
58
25
36
49
92
48
90
15
44
40
56
96
89
95
40
87
5
63
34
29
44
40
45
39
98
25
61
90
51
77
4
69
37
20
70
33
50
78
23
2
22
52
83
63
45
69
29
49
87
31
40
83
21
85
38
31
8
15
31
30
80
31
73
68
90
73
36
64
29
6
31
54
7
30
90
23
47
38
63
29
95
3
86
49
24
95
56
94
50
45
50
29
56
34
75
8
84
7
60
79
13
82
14
24
55
40
46
31
48
100
83
100
94
20
10
78
22
9
33
53
86
22
53
27
15
33
69
56
60
22
74
20
67
92
57
89
24
84
8
62
38
40
19
82
98
9
11
24
43
16
30
7
73
20
83
44
57
89
92
14
87
77
24
83
68
69
17
44
91
100
92
4
95
32
89
22
31
7
92
79
90
28
47
11
64
24
64
44
18
89
71
19
73
92
23
41
80
89
74
56
95
95
86
92
33
88
94
94
39
56
21
94
65
7
97
43
47
39
85
74
82
32
56
38
9
35
19
94
84
84
30
43
97
34
48
2
50
88
87
97
32
53
91
89
93
64
34
7
98
65
93
56
21
57
70
51
89
50
79
47
54
5
34
21
25
8
31
54
6
21
42
100
85
100
93
60
72
36
88
7
15
60
93
78
86
99
43
79
39
67
59
83
92
11
41
76
30
46
82
4
38
97
85
78
10
39
88
5
39
36
78
74
65
41
68
31
97
95
86
78
43
18
9
84
99
86
46
4
64
22
44
60
66
47
53
44
67
21
53
73
78
67
36
94
58
13
10
44
19
69
97
57
88
7
50
18
51
57
55
44
99
37
18
96
11
6
4
98
96
20
36
87
34
32
47
43
76
98
40
17
70
65
37
27
19
19
7
78
79
45
86
77
4
84
56
88
32
6
37
75
95
36
8
86
59
42
6
99
58
71
94
56
52
58
55
12
98
17
30
97
79
58
70
92
26
97
88
56
36
90
34
15
94
70
27
65
44
2
66
3
16
91
16
5
80
14
49
73
71
98
68
13
82
21
12
49
69
95
16
8
20
78
53
31
11
18
63
45
29
88
44
8
66
74
78
35
73
48
92
22
96
79
53
49
47
3
60
88
59
9
5
