58
58
52
44
47
55
48
43
58
54
49
49
45
47
53
48
67
45
48
46
51
47
38
61
47
55
46
44
41
52
39
52
50
38
54
47
50
48
51
49
62
58
58
50
51
42
47
58
44
44
38
52
52
48
54
60
45
41
48
50
44
43
44
44
49
50
57
52
50
48
47
46
51
50
50
43
55
47
42
72
48
46
52
47
46
48
39
59
53
45
52
43
54
55
44
45
45
45
49
48
48
49
51
52
40
49
54
43
50
43
55
55
49
43
50
38
47
42
49
49
49
46
55
42
44
47
44
44
52
45
47
51
63
51
52
48
51
49
42
41
49
43
43
50
47
48
47
45
44
48
43
54
45
44
55
43
51
54
54
49
48
46
62
52
42
53
47
43
65
49
48
49
45
47
47
55
40
42
58
50
45
51
57
48
52
43
42
53
49
62
46
47
53
50
47
52
51
47
67
47
43
48
41
54
52
51
40
39
52
45
52
47
45
49
59
50
52
42
43
46
46
42
58
45
54
52
46
48
59
47
53
44
47
44
55
48
58
53
55
49
46
51
58
54
44
43
42
44
50
39
49
50
44
50
44
54
42
50
47
46
47
65
52
57
49
41
48
44
38
49
53
44
56
52
53
49
49
43
42
48
48
43
45
50
50
38
45
51
45
52
54
43
42
52
44
48
46
43
55
59
43
45
44
50
46
49
47
61
46
56
53
49
50
53
49
52
49
47
39
43
45
44
49
51
50
43
49
51
48
45
49
42
44
45
58
53
46
45
52
46
48
60
42
44
52
53
45
45
43
46
49
49
47
53
41
63
62
59
44
43
47
49
50
49
42
39
58
57
42
44
54
42
51
39
49
44
52
59
54
43
49
44
55
56
48
45
53
49
43
48
55
43
46
53
53
44
42
45
44
42
44
43
45
47
48
47
47
52
44
50
50
55
51
66
53
44
47
42
44
49
48
39
40
49
52
43
48
43
38
50
44
55
54
50
47
56
46
41
47
44
55
38
42
46
55
44
43
43
55
47
60
47
42
47
50
47
58
45
57
47
51
52
48
45
50
61
47
51
52
49
49
52
51
47
48
44
48
42
55
46
50
45
43
43
48
47
44
45
54
42
51
53
45
47
54
43
50
67
56
44
50
48
43
53
43
53
51
44
45
46
75
60
61
54
55
44
45
46
43
48
53
44
53
54
50
52
43
54
44
48
42
48
54
55
51
47
45
51
51
55
47
40
57
54
56
47
53
44
52
48
45
50
43
51
49
43
39
44
42
46
45
47
52
45
53
40
46
47
69
48
48
51
50
51
47
48
53
55
57
50
43
55
43
51
42
45
44
52
48
49
45
51
47
48
45
53
48
54
48
55
47
49
45
46
43
49
45
56
48
47
48
44
47
45
52
42
50
39
49
55
52
56
40
53
46
41
45
47
46
42
46
46
61
58
42
53
50
48
39
46
45
48
58
50
46
47
52
44
48
43
58
40
42
61
46
48
49
50
54
52
56
48
41
46
43
42
49
42
51
44
39
46
44
53
45
50
53
47
49
47
51
66
55
58
54
52
48
51
54
42
63
50
52
55
54
54
59
51
50
39
52
47
50
55
48
46
46
46
47
54
49
58
43
55
50
53
53
52
50
43
44
52
60
47
49
51
38
43
48
48
44
63
44
64
52
54
41
63
61
57
41
46
57
47
45
54
47
54
54
45
42
45
38
63
45
64
47
43
51
43
48
60
60
50
43
64
47
52
39
52
54
44
44
52
41
43
44
48
73
42
48
45
51
45
46
45
68
52
45
57
52
54
42
48
44
57
55
43
51
49
53
47
47
52
54
50
53
42
44
64
46
46
53
46
53
48
59
48
50
44
59
44
51
42
46
45
43
46
44
48
54
53
52
50
43
46
59
52
51
43
43
63
51
38
42
48
50
53
47
56
48
50
43
41
49
49
50
46
62
42
58
45
48
45
41
52
44
54
44
48
65
51
57
49
55
46
48
50
48
49
50
47
41
48
67
45
49
55
43
45
54
46
52
42
44
43
39
48
52
60
64
49
42
59
42
43
52
62
60
48
54
44
64
40
44
48
48
43
52
54
45
56
45
68
44
59
62
46
45
47
46
47
47
41
56
54
46
49
47
42
44
44
56
49
47
52
53
65
47
48
47
50
58
61
46
48
45
55
40
59
41
44
44
42
47
57
49
60
47
51
46
49
50
65
45
43
55
39
62
55
47
49
49
48
43
45
50
45
49
44
57
53
49
53
56
47
48
51
44
44
