42
26
57
145
76
25
87
155
12
124
12
148
27
11
97
127
27
12
125
70
44
89
12
12
71
40
39
12
28
70
60
75
11
129
150
28
76
91
12
123
26
42
95
129
126
61
11
56
12
12
88
125
110
74
11
106
152
12
11
117
58
12
25
12
54
41
41
146
59
144
12
27
128
150
38
146
38
58
12
143
128
88
58
12
106
11
71
26
12
127
26
126
55
150
78
71
102
127
55
56
143
12
25
12
12
12
12
127
98
55
39
144
11
40
144
104
132
75
43
12
140
114
38
26
11
12
105
44
12
145
57
12
107
107
26
144
39
147
11
12
57
149
58
146
89
153
58
43
43
93
129
113
90
41
127
147
42
91
151
54
144
26
11
92
146
26
142
41
57
71
12
27
27
88
123
43
76
94
105
89
137
127
78
54
137
107
141
128
59
12
76
73
12
70
12
42
12
39
12
11
126
42
93
75
58
12
94
27
38
12
113
40
96
131
125
109
12
124
11
41
51
75
92
39
75
87
56
26
25
26
11
73
73
57
65
93
12
93
58
12
44
146
54
127
152
86
92
12
92
12
40
61
56
12
27
131
127
56
85
42
92
12
155
12
78
26
110
41
150
12
124
12
12
42
70
12
144
56
77
11
12
12
27
26
11
63
11
43
57
26
39
127
12
107
93
56
43
27
45
129
72
79
110
70
12
25
112
109
92
71
11
12
100
26
75
75
144
41
54
90
128
73
61
111
11
116
121
59
109
42
110
91
12
26
41
11
91
142
28
71
57
76
53
95
27
57
24
69
131
12
146
27
54
12
42
130
12
40
111
58
43
145
12
113
113
121
42
102
12
26
41
26
127
55
54
12
89
26
130
12
12
12
107
81
38
92
70
44
135
40
72
114
37
144
29
40
126
41
142
59
40
122
11
127
126
127
25
99
26
12
40
75
25
90
112
91
107
41
27
12
135
46
43
73
57
28
129
40
89
11
89
69
38
153
145
12
90
12
127
88
11
93
107
11
71
25
74
11
90
12
61
12
27
12
77
12
25
98
109
106
40
71
147
72
43
12
11
41
90
73
127
106
72
89
12
55
87
25
27
11
12
112
56
26
114
143
41
12
100
136
27
58
147
11
57
148
91
26
12
42
42
103
107
73
111
12
107
138
11
40
53
56
27
137
126
45
38
12
70
54
26
58
105
123
41
12
11
70
59
11
12
72
110
126
12
12
25
12
55
26
38
128
134
25
26
86
11
27
43
11
54
12
27
25
107
125
145
11
12
87
12
26
41
97
109
42
42
131
146
71
27
73
39
26
25
132
25
12
43
127
25
108
28
121
70
58
147
56
12
87
11
122
42
12
12
125
130
70
12
12
147
152
149
11
123
71
12
74
12
109
44
12
56
89
75
144
27
88
157
141
110
92
39
91
104
108
12
128
70
12
71
149
12
135
150
11
26
73
110
99
12
11
147
54
12
12
91
27
53
99
40
54
41
12
103
27
27
45
56
74
144
128
115
57
54
12
76
27
12
12
11
12
42
12
25
53
12
53
115
146
42
25
95
27
38
12
25
56
12
143
91
25
26
42
43
12
125
11
45
27
12
146
87
127
89
152
71
12
58
11
27
127
12
25
12
12
74
72
123
11
26
12
107
149
41
12
111
87
142
27
144
29
126
72
147
89
61
126
12
27
27
40
109
12
70
26
12
28
103
73
123
86
149
108
108
151
125
12
104
26
92
150
12
126
70
79
12
12
12
70
28
125
79
114
12
12
122
140
12
73
27
128
43
11
55
125
152
57
60
27
71
41
56
90
70
106
12
156
12
125
62
12
124
107
26
91
12
42
12
12
11
54
125
73
93
27
112
58
12
40
41
41
124
85
12
74
112
57
144
89
12
105
103
39
26
125
12
123
143
107
150
126
69
12
145
12
155
113
107
72
129
150
142
155
72
141
112
89
118
132
71
109
12
126
12
12
58
148
12
122
40
41
90
109
12
11
53
73
92
143
12
73
28
56
40
12
12
12
105
145
12
25
146
132
106
121
12
55
121
89
12
73
126
12
93
12
148
11
73
77
145
110
146
109
27
126
43
77
106
147
27
57
39
11
55
98
12
47
94
89
12
12
41
12
128
28
77
40
60
118
70
153
12
88
133
25
156
90
95
12
76
58
125
86
57
57
93
82
109
87
148
125
103
133
12
27
110
12
94
56
109
144
124
129
91
92
12
88
11
133
87
69
104
56
55
38
147
41
85
42
12
156
113
102
106
11
12
61
124
75
