183.980
171.062
176.740
174.552
195.960
177.677
175.802
176.844
170.437
176.739
205.701
167.884
170.280
167.416
166.738
205.493
168.405
167.520
168.040
179.968
208.514
175.489
171.375
166.321
179.917
190.856
169.863
173.770
168.457
167.416
174.552
203.357
175.438
165.696
172.468
174.812
211.275
176.479
169.187
173.770
177.938
204.451
173.510
177.782
179.864
170.540
202.263
178.458
171.530
172.416
172.363
196.898
175.698
174.760
169.290
182.833
176.062
204.399
172.624
170.750
172.781
169.707
204.555
172.156
172.468
171.843
182.573
205.701
171.531
177.260
171.478
175.125
205.962
173.250
169.499
166.738
173.249
168.562
176.844
173.093
175.646
170.957
170.385
204.555
177.677
179.708
168.301
177.469
200.909
167.051
177.261
177.885
168.248
203.097
175.854
166.634
171.739
172.520
199.242
174.396
174.968
168.926
176.010
199.763
174.656
169.864
174.708
179.865
200.284
181.323
163.717
179.083
174.135
169.915
199.920
173.614
179.135
166.374
165.436
206.743
175.750
170.802
170.645
176.531
205.597
175.802
175.750
177.000
171.009
204.972
181.531
166.634
171.166
173.405
201.795
174.447
172.259
174.187
174.760
180.177
205.441
172.103
173.666
174.447
172.364
204.087
172.260
182.052
171.270
176.948
199.658
174.031
170.489
170.697
172.104
196.950
172.780
177.885
168.666
174.656
166.217
201.429
170.957
171.270
168.092
168.613
205.493
167.051
175.021
176.114
167.312
203.669
178.823
176.219
173.510
179.344
210.545
178.250
179.344
173.406
174.395
195.595
172.573
165.801
175.593
173.561
179.812
200.648
178.198
178.823
178.510
176.584
202.523
176.062
174.187
174.395
171.114
200.440
175.645
175.958
169.864
171.478
208.201
177.729
168.718
169.395
173.041
200.700
170.020
174.499
172.312
166.842
198.669
172.624
175.801
174.031
169.812
179.188
201.638
170.176
174.551
169.760
172.520
210.598
172.208
168.717
164.759
171.687
208.514
177.886
182.261
173.927
174.239
207.785
172.677
173.718
177.990
174.760
199.138
179.552
172.260
175.958
173.927
176.531
197.315
174.291
170.906
169.291
177.208
206.691
174.396
173.197
183.563
170.437
198.982
170.905
169.342
169.342
172.833
197.471
171.947
175.645
174.395
173.041
172.104
180.021
172.155
177.260
171.583
174.916
205.962
178.719
174.968
173.615
172.832
206.222
169.864
171.114
171.582
169.708
202.367
172.624
177.156
168.978
172.676
199.555
167.520
172.468
171.895
171.895
169.031
202.263
174.135
171.113
172.676
168.093
195.908
172.937
172.624
173.666
175.697
212.890
174.500
177.729
179.761
176.271
195.804
172.520
170.541
170.436
176.531
197.679
178.094
170.228
169.915
175.750
176.010
197.783
178.458
179.448
181.532
175.541
204.920
170.020
175.750
166.009
171.895
203.670
171.895
172.573
168.353
170.645
208.514
169.291
170.437
177.624
173.509
199.294
179.239
173.614
182.365
170.384
173.978
198.096
173.041
174.448
170.124
187.626
199.398
175.176
170.854
171.843
176.010
203.930
178.094
171.322
173.510
169.812
197.888
179.188
172.468
170.749
166.634
197.159
173.822
179.656
178.979
178.302
174.552
204.764
175.177
171.583
182.677
173.354
204.451
183.407
170.697
170.905
173.875
201.534
176.583
168.873
171.843
170.593
205.440
175.697
167.572
176.635
173.770
195.856
169.759
168.249
171.530
174.187
178.875
202.888
175.177
174.655
170.333
169.030
206.066
174.031
171.166
169.812
170.489
203.773
167.467
168.769
178.407
166.217
206.222
175.593
169.603
176.531
178.406
198.617
170.176
169.082
168.093
163.092
167.885
203.461
179.291
167.780
172.363
171.009
204.503
163.404
173.093
177.833
180.333
203.097
171.427
167.415
171.583
176.792
197.002
170.436
173.249
174.708
171.322
172.989
199.919
173.771
167.519
166.947
175.020
209.973
172.520
171.322
173.458
173.614
202.263
171.843
173.301
175.333
175.645
202.524
172.520
169.394
167.832
177.781
179.917
201.378
176.635
174.500
176.062
168.510
204.347
166.426
171.791
178.094
180.489
201.950
183.043
173.770
182.053
171.374
201.951
176.479
174.916
171.842
183.146
200.075
174.448
177.000
175.802
170.332
167.468
180.855
172.208
171.947
173.458
175.229
206.691
173.823
167.415
170.644
174.291
203.826
173.979
172.260
173.458
171.635
202.159
175.645
169.968
172.156
177.156
216.640
177.989
167.623
171.479
175.125
198.617
175.542
170.020
171.791
166.582
165.540
196.846
169.863
173.093
172.572
175.229
202.211
160.748
173.926
168.562
175.281
201.065
175.645
175.594
176.583
174.187
198.982
170.749
182.886
172.676
170.541
172.364
201.899
165.280
170.905
172.207
172.988
204.711
174.864
172.208
170.072
172.156
202.315
169.134
170.750
169.759
168.978
200.909
170.749
174.812
175.750
176.427
166.009
203.722
181.948
173.093
173.093
168.822
200.804
175.697
173.771
172.884
169.655
209.712
173.666
174.552
177.052
167.207
192.731
174.187
173.978
173.978
176.166
169.916
198.356
173.405
173.562
178.927
173.041
197.940
175.594
179.448
168.353
175.750
201.274
172.885
174.343
179.865
171.270
207.680
176.843
172.468
174.864
166.426
196.689
173.198
170.905
173.302
168.665
167.519
203.357
175.906
169.864
172.521
174.135
203.982
171.113
170.176
180.177
165.072
200.388
169.030
174.968
172.728
165.696
204.607
173.405
176.218
171.583
175.385
198.722
175.645
178.145
176.010
172.729
170.801
191.325
174.603
171.895
168.978
173.770
206.326
179.760
179.657
166.217
175.229
202.211
177.104
174.812
168.040
172.000
205.753
173.041
175.385
174.708
167.989
179.760
171.113
166.946
171.114
174.760
173.823
202.472
171.113
173.041
173.093
171.582
201.013
178.042
168.614
168.457
173.249
197.732
177.104
177.469
177.208
176.427
197.679
172.155
173.250
177.520
168.822
167.416
200.909
167.780
179.657
175.176
180.437
200.388
175.906
184.292
172.051
173.718
203.878
169.916
169.655
172.676
175.750
205.493
169.551
171.218
172.156
174.656
183.980
175.072
186.376
173.875
170.124
178.094
206.066
172.677
176.531
172.937
169.082
206.535
172.208
171.791
177.625
167.468
208.878
182.470
173.457
172.052
169.186
204.503
182.470
172.833
167.259
168.613
195.179
172.363
178.146
172.677
175.801
172.312
203.618
177.834
175.854
170.020
175.437
200.805
178.458
172.312
170.541
169.812
200.492
176.947
175.541
177.781
171.687
202.888
173.197
168.874
173.718
165.853
204.815
172.363
168.144
177.312
170.489
170.229
194.450
177.833
173.250
173.978
175.332
198.460
172.468
173.457
170.802
169.238
202.419
174.031
177.104
171.895
177.208
197.628
177.260
177.625
176.010
169.187
179.135
170.853
174.447
174.760
173.926
168.457
199.658
175.124
173.457
175.490
176.114
205.858
177.313
173.822
175.750
171.322
208.514
179.396
171.322
176.062
171.478
207.108
170.437
170.280
168.717
177.781
170.020
205.753
172.208
164.447
175.437
167.259
202.107
171.166
177.937
171.062
180.386
200.284
171.062
168.770
170.385
169.030
202.420
171.531
173.562
164.446
169.968
168.041
179.760
175.802
170.176
170.593
173.353
202.368
163.821
175.645
176.219
171.426
203.930
167.988
180.125
175.229
176.063
208.618
175.698
178.667
173.927
172.520
202.576
167.676
179.917
177.417
171.322
167.676
174.812
176.687
176.896
176.427
172.572
199.659
170.124
178.823
169.916
172.364
208.983
169.187
168.874
172.625
177.312
200.284
173.666
175.906
173.562
166.582
199.346
177.729
172.833
169.864
175.645
171.374
203.930
170.541
163.561
171.947
171.426
209.348
164.759
176.219
169.030
173.510
202.680
173.771
172.677
169.238
175.645
199.086
168.301
176.999
170.957
175.385
170.280
202.628
172.885
172.989
167.103
172.312
198.617
172.728
175.021
170.645
175.073
207.576
174.395
176.636
168.457
171.218
201.274
175.697
176.688
184.188
169.030
204.815
179.760
173.041
175.489
173.354
174.187
168.457
169.499
175.646
168.040
172.104
200.753
176.739
174.812
174.708
174.239
206.222
173.093
173.041
170.124
168.874
201.534
174.552
174.968
170.541
171.322
173.458
172.833
179.240
177.937
173.823
169.499
202.784
170.229
173.197
169.968
177.625
196.950
170.385
174.187
174.812
172.884
206.170
169.447
177.260
175.750
174.343
197.314
167.884
174.343
179.657
171.582
170.541
202.524
166.686
174.968
169.916
174.707
198.513
171.791
172.989
171.374
175.489
206.587
181.584
178.041
177.104
173.510
209.400
171.478
173.978
173.406
174.708
189.397
181.897
173.510
172.937
176.948
169.863
