80.999
97.303
52.819
88.657
52.402
114.545
52.141
52.246
62.403
52.194
85.739
85.739
52.194
85.687
62.611
85.843
77.925
86.052
52.193
62.403
85.740
52.141
85.687
85.635
52.298
52.142
85.635
85.791
52.663
52.454
85.010
63.185
47.610
85.895
86.156
83.030
52.715
47.193
46.412
63.028
85.844
62.455
85.687
85.792
52.194
52.089
52.193
85.843
85.739
77.457
62.767
52.193
85.791
85.843
62.456
62.403
52.089
62.456
85.687
52.142
62.404
87.979
62.663
62.455
85.791
62.560
62.091
85.843
85.739
62.508
62.456
111.992
62.767
85.895
85.740
62.455
61.987
52.142
85.791
52.506
85.791
62.455
111.106
85.792
85.739
62.403
52.298
85.687
52.141
85.791
85.739
52.298
52.090
78.551
62.507
62.091
85.739
62.403
62.091
52.194
52.089
85.792
52.142
85.792
86.937
85.843
62.403
85.740
85.635
62.612
52.142
52.194
85.792
85.739
114.284
52.246
52.089
85.792
52.142
85.739
62.403
85.844
85.687
85.792
108.190
85.791
85.740
62.455
85.740
62.507
52.193
62.351
85.739
62.455
85.687
85.948
62.455
85.739
52.142
85.687
85.687
52.194
62.351
85.687
62.403
77.457
62.195
62.299
62.091
85.740
62.403
85.739
85.739
85.791
62.404
52.246
86.313
62.455
124.129
52.141
62.559
62.247
52.193
62.351
52.246
52.194
85.739
77.196
86.156
52.038
85.687
85.687
85.739
85.687
52.037
85.687
85.792
88.292
52.402
85.792
85.739
62.351
85.740
52.194
52.089
52.142
52.141
52.141
62.507
79.436
62.924
85.844
85.791
85.947
62.611
52.246
85.739
52.194
52.089
62.455
77.248
85.948
52.090
85.739
62.507
52.194
85.792
62.508
85.687
62.455
52.246
91.053
52.402
52.194
62.455
52.298
52.193
52.193
62.455
52.193
62.456
79.697
52.142
89.959
62.664
85.895
52.141
62.560
85.635
62.559
85.739
62.559
52.297
62.455
108.814
52.142
85.844
62.507
52.090
62.299
85.739
85.792
52.089
85.739
52.193
84.437
85.895
52.193
62.507
52.142
85.739
52.089
162.102
62.403
62.299
52.142
77.092
62.455
62.039
85.844
62.403
85.687
52.194
62.456
85.687
85.739
52.142
89.542
52.141
62.403
52.141
85.687
85.739
85.739
62.403
52.194
85.792
52.089
89.021
52.402
62.559
52.194
52.193
62.403
52.090
62.403
52.141
62.455
52.194
85.740
74.175
52.558
52.090
85.791
52.193
85.739
62.455
85.739
52.298
62.508
62.403
52.245
74.175
62.507
85.739
52.141
85.739
62.560
62.299
85.792
85.687
85.687
107.825
62.403
62.351
52.193
62.455
85.688
52.141
85.739
86.052
85.687
52.089
114.648
52.194
85.843
62.560
62.559
52.141
85.635
52.090
52.090
52.141
85.791
113.398
85.739
52.141
62.455
85.791
85.635
52.141
62.507
52.090
62.403
85.791
88.239
62.403
62.351
62.508
85.687
62.507
52.194
52.142
52.142
52.142
85.740
87.458
52.297
52.141
85.791
52.245
85.739
85.688
52.141
52.089
62.455
85.687
52.141
112.565
52.141
62.559
52.297
85.791
85.739
62.612
52.194
52.090
62.403
85.791
114.962
85.739
85.687
85.687
62.403
85.740
85.687
52.142
85.687
110.221
52.506
52.090
52.142
85.687
85.843
62.507
52.350
62.351
85.896
62.507
85.791
52.558
85.687
52.142
62.507
85.844
52.142
85.739
85.739
62.403
62.351
62.404
62.924
52.246
52.246
52.193
85.791
85.687
62.508
52.089
52.089
85.687
52.089
76.727
85.896
52.194
85.739
62.455
85.739
85.999
85.792
52.246
85.739
114.440
85.792
52.194
85.739
52.245
62.455
62.299
85.687
52.141
62.456
85.687
78.864
62.715
85.739
85.791
85.792
62.455
85.895
85.687
85.791
62.455
75.738
86.000
85.739
85.635
62.455
62.351
85.844
62.507
85.791
52.193
85.270
62.820
52.193
62.351
85.739
62.455
85.844
52.142
85.844
85.739
85.687
87.562
85.896
85.844
52.193
70.685
52.245
85.895
62.507
52.194
52.194
85.792
74.957
62.299
52.141
62.352
52.089
62.455
62.351
62.039
52.193
62.247
85.739
85.791
80.634
62.820
85.739
85.739
62.507
85.740
52.141
85.791
62.507
85.791
85.843
52.193
85.739
52.089
85.739
85.635
85.792
52.141
52.141
52.193
62.507
108.972
62.664
52.142
62.455
85.635
62.559
52.141
52.194
85.791
85.687
52.141
62.507
115.638
85.739
62.403
52.141
62.091
62.612
52.193
85.739
62.508
85.791
52.089
48.704
52.141
62.507
62.455
85.687
52.141
52.193
52.037
62.455
52.141
62.351
52.090
78.290
85.791
52.141
85.791
85.687
85.739
52.141
85.687
85.687
62.560
77.926
85.635
85.791
85.843
85.792
85.739
52.089
85.792
62.664
85.739
108.137
62.612
85.739
62.455
85.792
85.687
62.559
85.791
85.739
62.456
76.624
86.052
52.037
62.508
62.403
52.245
52.193
52.089
85.687
52.194
52.141
62.663
52.246
52.506
52.089
62.351
62.038
52.038
85.739
52.090
85.687
52.193
52.141
85.739
78.291
62.820
52.090
85.739
52.141
62.507
85.792
85.687
62.560
85.791
62.507
84.957
62.455
52.298
62.403
85.687
85.739
62.559
85.739
62.559
52.141
62.404
52.142
50.996
85.948
62.455
85.739
62.507
62.039
52.246
52.141
62.351
52.089
52.141
52.037
52.350
62.559
52.245
52.194
85.739
62.507
52.090
85.687
52.089
52.246
52.089
85.531
86.052
85.739
85.687
52.089
52.141
62.611
85.791
85.739
52.090
52.194
86.989
85.740
52.141
52.141
85.791
52.142
52.142
62.403
85.687
85.688
85.739
114.544
85.687
62.508
52.142
52.037
62.403
85.792
62.456
85.791
52.298
62.455
111.680
52.246
52.142
62.455
85.791
52.194
62.456
52.141
62.455
52.193
52.297
85.791
52.402
62.559
85.739
85.687
52.089
62.456
52.246
52.142
52.194
52.141
62.455
52.194
52.558
85.739
52.089
52.089
85.843
52.194
85.687
85.739
52.089
62.507
85.740
52.975
62.611
85.635
62.508
85.739
62.403
52.142
52.090
85.687
85.739
52.142
53.548
85.635
52.090
52.194
62.559
85.791
85.792
85.844
52.089
52.141
62.507
78.290
52.194
52.089
62.403
52.194
52.090
62.403
85.739
52.350
52.193
52.089
67.560
114.336
52.298
62.560
85.687
52.141
52.141
52.245
85.739
138.194
84.698
86.208
62.455
52.194
62.351
62.403
85.739
85.635
62.455
52.089
85.791
52.246
52.089
85.947
85.844
62.560
52.193
85.739
85.739
85.791
52.038
62.455
52.141
89.593
86.103
62.455
85.739
52.090
52.090
51.985
52.089
85.740
85.635
52.142
118.243
85.687
52.194
85.791
85.739
52.141
52.246
85.688
62.455
85.687
85.739
63.028
85.896
51.412
52.298
62.508
62.507
52.089
62.403
85.740
85.791
62.507
114.649
52.141
52.089
62.559
85.687
85.635
85.739
85.635
62.507
52.089
62.456
86.103
85.791
85.739
85.687
52.141
85.688
85.739
62.404
113.451
78.186
85.999
85.739
52.141
85.791
52.090
85.739
62.351
85.739
52.193
52.141
87.510
62.142
52.089
52.141
62.559
85.739
52.142
52.350
62.559
62.351
85.687
110.794
62.715
62.299
85.687
52.246
62.507
85.687
52.194
85.844
62.455
62.038
86.364
52.454
62.507
52.089
85.792
62.612
85.792
52.194
52.142
85.635
62.455
85.739
52.663
62.455
52.245
52.141
85.791
85.635
85.791
85.688
85.687
85.896
79.072
52.402
85.844
85.739
62.455
85.687
85.791
85.687
52.089
62.456
52.142
112.357
52.089
85.739
62.560
52.194
62.403
85.843
85.791
62.404
62.351
109.023
52.402
52.142
52.090
62.455
85.739
62.508
62.351
85.791
52.142
85.791
62.559
77.717
85.739
62.403
52.141
52.245
85.739
85.635
62.559
52.141
62.090
85.739
92.875
85.895
52.142
62.507
62.351
52.090
85.843
62.507
62.351
85.792
85.739
86.052
52.141
62.403
62.351
85.844
85.844
85.687
85.635
62.455
52.141
112.930
62.560
85.792
85.739
52.038
85.687
62.820
85.843
85.791
52.194
75.113
52.454
52.194
52.141
52.090
85.791
85.739
85.739
52.038
85.791
52.193
112.617
85.844
85.844
62.559
85.843
85.687
62.559
52.037
85.791
52.089
62.508
77.874
85.843
85.739
52.194
85.791
52.245
62.507
62.091
