24.586
24.066
24.013
27.608
24.065
24.013
24.013
23.961
24.013
24.013
24.013
24.065
24.013
50.891
21.200
24.066
24.066
24.014
24.066
24.066
24.013
24.118
24.118
23.962
24.066
24.066
23.961
23.961
24.117
24.013
23.909
24.014
24.013
24.013
24.013
23.961
23.909
24.065
21.982
24.221
23.961
23.961
24.065
24.118
24.014
24.066
24.014
24.013
23.961
24.013
24.118
23.962
24.013
24.013
24.013
24.013
24.117
24.013
24.013
23.961
23.961
24.117
22.607
24.221
24.013
24.117
24.066
24.066
24.013
24.118
23.962
24.014
24.014
23.962
23.961
24.066
24.169
24.013
24.013
24.065
24.013
24.065
24.065
24.013
24.013
23.961
23.857
24.066
24.065
23.961
24.065
24.118
23.962
24.014
24.013
24.065
24.013
24.013
24.013
24.014
23.962
23.961
24.013
24.013
24.065
24.013
24.014
24.118
50.267
18.231
24.117
23.961
24.065
24.013
24.013
24.013
24.013
24.065
24.065
24.013
24.013
24.065
24.065
24.013
24.013
24.013
24.065
24.013
24.013
23.961
24.013
24.117
45.839
18.336
24.013
24.013
23.961
24.013
23.961
23.961
24.013
24.013
24.013
24.013
24.013
24.013
24.065
24.117
23.961
24.065
24.013
23.961
24.065
24.013
24.013
24.065
24.117
21.305
23.962
24.014
24.013
24.066
24.118
24.066
23.961
24.013
23.961
23.961
24.014
24.014
24.013
24.118
23.961
24.013
24.065
24.117
24.066
23.961
24.013
24.065
47.818
23.440
24.117
24.013
24.065
24.013
24.013
24.065
24.013
24.065
24.013
24.013
24.013
24.065
24.013
24.013
24.065
24.013
24.013
24.014
24.014
23.962
23.962
24.066
47.505
23.961
24.118
24.013
24.169
24.013
24.169
23.961
24.117
24.118
24.065
24.117
24.065
24.013
23.961
24.013
24.013
24.013
24.117
24.065
24.065
24.013
24.014
24.014
47.975
24.065
24.013
24.065
24.013
24.065
24.065
23.961
24.013
24.065
24.013
24.013
24.014
24.013
24.118
23.962
24.014
24.065
24.013
24.222
24.065
24.013
24.065
24.013
48.130
21.148
24.117
24.222
24.066
23.962
24.118
23.962
23.961
24.118
23.961
24.014
23.961
24.118
24.013
24.013
24.013
24.118
24.013
23.961
24.013
24.013
23.961
48.808
22.815
24.222
24.065
23.961
24.117
23.961
24.065
24.066
24.014
24.014
24.066
24.066
24.066
23.961
24.013
24.066
23.962
24.014
24.014
24.014
24.118
24.013
24.013
58.497
19.690
24.014
23.962
24.014
24.066
24.065
24.014
24.066
24.066
24.014
23.961
24.118
24.065
24.013
24.066
23.962
24.065
24.117
24.065
24.117
24.117
24.013
24.013
52.558
23.492
24.013
24.013
24.065
24.013
24.013
24.117
24.118
24.014
24.118
24.066
24.014
23.961
24.014
24.014
24.014
24.066
24.013
23.962
24.014
24.013
24.013
24.013
52.766
23.492
24.065
24.117
24.065
23.909
24.066
24.013
24.013
24.013
24.065
24.065
24.013
23.961
24.117
24.013
24.065
24.065
23.961
24.065
24.013
24.118
24.014
58.497
24.117
24.482
24.013
24.065
24.013
24.013
24.065
24.013
23.961
24.013
24.013
24.013
24.065
24.065
24.013
23.961
24.013
24.013
23.962
24.014
24.013
24.065
24.065
53.704
24.222
23.961
24.065
24.013
23.961
24.014
24.066
24.014
24.014
24.118
23.962
24.013
24.118
24.066
24.014
24.014
24.014
24.014
24.117
24.117
24.013
24.013
23.961
56.465
24.169
24.118
23.962
23.961
24.013
24.065
24.065
24.065
24.066
23.961
24.013
24.065
24.013
24.013
24.013
24.117
24.013
24.065
24.117
24.013
24.117
24.014
24.118
22.659
24.066
24.013
24.117
24.013
24.013
23.961
23.961
24.013
24.065
24.013
24.013
24.065
24.065
24.065
24.117
23.961
24.013
24.013
23.961
24.117
24.013
23.961
22.398
24.170
24.013
24.013
24.013
24.013
24.013
23.961
24.013
24.013
24.013
24.065
24.013
23.962
24.118
24.014
23.961
24.013
24.065
24.013
24.013
24.066
24.013
60.216
23.388
24.065
24.013
24.013
24.013
24.013
24.013
24.065
24.013
24.065
24.117
24.066
24.066
24.014
24.014
23.961
24.170
24.066
24.066
24.118
24.117
23.961
24.013
53.287
23.648
23.961
24.013
24.118
24.014
24.066
24.066
23.961
23.909
24.066
24.065
23.909
23.961
24.013
23.909
24.014
24.065
24.065
24.066
24.065
24.117
24.013
58.600
18.804
24.014
24.014
24.014
24.066
24.066
24.014
24.170
24.117
24.065
24.013
23.962
24.066
24.169
24.013
24.013
24.117
24.170
23.909
24.013
24.170
24.014
23.962
51.204
24.222
24.326
24.013
24.065
24.117
23.961
23.961
24.013
24.013
24.013
24.117
24.065
24.065
24.013
24.013
24.013
23.961
24.065
24.065
24.013
24.013
24.065
24.014
55.684
24.065
23.961
23.961
24.013
24.013
24.169
24.013
24.065
24.066
24.013
23.961
24.066
24.013
24.013
23.961
24.065
24.013
24.013
24.066
24.066
23.962
24.066
24.118
56.360
24.170
24.013
24.014
23.961
24.118
24.013
24.013
24.065
24.013
24.013
24.065
24.013
24.065
24.065
23.909
24.013
24.066
24.013
24.014
24.066
24.014
24.066
53.757
17.918
24.013
24.117
23.961
24.013
23.909
24.065
24.065
23.909
24.065
24.013
24.013
23.961
24.013
24.066
24.066
24.066
24.014
23.962
24.014
24.014
24.066
24.066
50.735
24.170
24.170
24.013
24.013
24.013
24.013
24.065
24.013
24.065
23.961
24.065
24.013
24.117
24.117
24.066
24.013
24.169
24.013
23.909
24.169
24.013
24.065
24.013
54.850
24.221
24.013
24.013
24.013
24.013
24.117
23.961
24.013
24.065
24.013
24.013
24.013
23.962
24.066
24.014
24.066
24.066
24.014
23.961
24.013
24.014
24.065
24.118
55.372
24.117
24.170
23.961
24.013
24.013
24.065
24.013
24.117
24.118
24.170
24.013
24.013
24.013
24.013
24.013
23.961
24.014
24.014
24.066
24.014
24.066
24.066
53.444
17.919
24.066
24.066
24.117
24.169
23.961
24.013
23.961
24.117
24.013
24.013
24.013
24.013
24.013
24.118
23.961
24.117
24.065
24.065
24.169
24.170
24.014
24.013
55.475
24.169
24.274
24.013
23.961
24.013
24.014
24.066
24.014
24.014
24.066
24.066
24.014
23.961
23.961
23.961
23.961
24.013
24.014
24.013
24.013
24.014
24.066
24.013
53.860
24.222
24.013
24.013
24.013
24.066
24.065
24.117
24.013
24.117
24.013
24.013
24.065
24.065
23.961
23.961
24.013
23.962
24.066
24.013
23.961
24.013
24.013
24.117
56.465
24.065
24.065
24.065
24.013
24.013
23.961
24.013
23.909
24.065
24.014
24.066
24.013
24.013
23.961
24.117
24.013
24.065
24.013
24.013
24.013
23.961
24.013
52.558
22.033
24.013
24.013
24.117
24.013
24.013
24.065
23.962
24.066
24.014
24.118
24.534
24.014
24.013
24.066
24.066
24.013
24.169
24.013
24.013
24.169
24.118
24.014
53.600
24.377
24.013
24.118
24.066
24.014
23.962
24.118
24.066
24.014
24.066
24.014
24.014
23.961
24.013
24.118
24.066
24.066
24.065
24.014
24.013
24.013
23.962
24.118
53.600
24.065
24.118
24.066
24.117
24.013
24.013
24.013
24.065
24.013
24.117
24.013
24.065
24.013
24.013
24.014
24.066
24.170
23.961
24.014
24.013
24.066
24.014
52.402
23.388
23.961
24.013
24.117
24.169
24.013
24.065
24.117
23.909
24.013
24.065
24.013
24.013
23.961
24.013
23.962
23.961
23.961
24.065
24.065
24.065
24.118
24.014
54.225
21.408
23.962
24.014
24.013
24.014
24.066
24.013
24.066
23.961
24.117
24.014
23.961
24.013
24.013
24.065
23.961
24.118
24.066
23.909
24.118
24.066
23.962
24.066
52.975
24.169
24.066
24.013
23.961
23.961
24.013
24.117
24.065
24.013
24.066
23.909
24.065
24.065
24.013
24.014
24.066
24.066
24.066
24.013
24.065
24.013
24.013
24.169
56.205
24.169
24.118
24.066
24.013
24.117
24.066
24.066
24.013
24.066
24.118
24.065
24.169
24.013
24.066
24.013
23.962
24.014
24.013
24.013
24.118
24.014
24.013
55.788
24.170
24.014
23.961
24.013
24.117
24.065
24.065
23.961
24.013
24.066
23.909
24.013
24.065
