987.720
807.542
268.469
296.024
341.134
352.698
279.668
270.969
261.228
243.831
282.794
277.116
318.475
301.963
284.721
323.892
344.311
251.175
270.032
302.066
270.917
274.407
244.873
387.128
246.018
256.905
280.709
273.157
322.538
371.345
263.364
269.562
441.041
265.395
402.182
293.003
315.245
273.730
565.066
321.339
315.453
280.449
291.075
237.007
250.967
262.479
313.787
268.885
251.332
368.429
247.060
296.285
290.971
273.782
283.887
295.034
278.366
257.894
282.585
332.070
318.006
353.895
272.376
437.082
304.150
325.350
268.625
304.202
264.666
265.396
311.442
287.638
265.031
338.060
259.614
263.364
297.066
278.418
247.685
304.150
283.731
285.659
294.826
240.965
236.121
280.033
269.042
248.101
241.226
303.734
298.003
266.958
342.592
277.324
261.697
331.445
253.728
252.529
289.773
284.512
265.239
273.365
313.370
261.854
262.896
361.136
280.033
266.333
327.538
289.305
290.607
303.838
286.127
289.253
292.325
256.801
301.129
291.648
257.947
266.281
311.182
275.032
257.009
244.820
237.736
238.986
279.824
387.494
255.342
240.393
335.560
305.088
255.447
844.265
275.345
273.001
271.385
269.458
244.456
289.513
309.151
319.100
258.416
280.814
381.087
263.312
270.865
329.830
284.096
243.882
292.326
291.232
253.363
287.013
300.139
265.240
267.010
260.030
266.020
231.538
313.162
255.551
277.793
304.776
305.348
262.427
309.672
260.500
272.792
304.984
259.978
317.693
308.213
234.403
235.965
350.718
268.000
303.525
271.125
256.541
264.927
285.763
239.142
279.407
276.595
338.894
234.194
553.242
274.668
279.251
269.615
259.249
267.531
313.943
258.155
287.013
269.406
275.814
269.458
241.590
345.248
257.009
252.113
308.682
263.990
671.849
273.105
258.051
294.201
256.436
248.884
260.760
284.512
285.138
280.814
302.535
266.124
267.322
358.896
278.054
326.288
321.757
260.864
253.727
336.029
273.365
247.373
293.315
270.240
237.111
253.624
251.019
244.248
441.041
300.660
315.297
269.876
279.252
323.840
298.316
254.092
262.270
279.147
272.688
282.845
254.196
306.077
260.760
256.645
299.410
260.812
259.145
288.159
258.519
275.866
298.212
278.262
241.174
247.946
329.830
256.123
265.760
435.885
261.854
371.398
262.270
241.486
234.455
291.232
277.689
287.221
356.500
239.246
276.126
294.566
297.535
304.567
303.838
301.806
281.700
309.307
252.269
257.217
427.029
259.145
477.191
250.706
368.689
247.425
298.472
252.425
280.137
355.354
252.477
262.530
325.559
291.909
311.234
384.160
255.864
331.392
286.127
298.628
240.080
298.055
231.590
265.343
344.519
283.627
259.197
295.920
238.466
264.979
245.185
271.022
242.528
261.958
302.743
369.001
274.250
290.711
246.383
268.156
313.630
312.380
308.004
350.249
379.783
265.448
473.909
284.044
319.100
264.510
277.584
317.485
261.072
266.333
261.176
277.428
304.202
270.605
252.894
289.253
263.365
278.522
264.562
269.875
362.855
282.429
304.411
310.661
265.447
258.676
271.230
272.323
255.186
274.095
256.905
269.354
260.655
325.350
257.010
257.738
352.854
284.043
287.950
354.573
268.156
282.845
314.776
267.635
229.610
275.345
292.691
260.812
338.789
247.060
263.676
287.221
267.115
259.665
250.186
316.130
298.212
280.918
278.210
257.998
261.072
529.280
278.105
301.858
278.053
347.124
269.927
348.374
258.051
284.096
263.312
357.125
274.615
248.154
262.166
345.301
246.956
271.751
264.770
331.080
300.295
253.519
325.975
259.458
274.147
295.295
285.345
266.749
301.181
263.312
272.584
298.420
280.188
250.759
267.427
258.884
263.416
263.312
322.902
246.591
312.953
320.297
274.147
257.270
325.820
259.562
252.582
303.994
261.749
263.104
257.166
276.438
262.009
285.502
337.435
319.204
262.270
270.708
342.488
254.040
241.070
277.272
284.513
292.951
250.914
292.274
297.222
530.322
282.481
277.845
248.571
241.018
342.905
273.886
243.882
296.180
259.458
252.217
293.940
288.992
300.295
308.213
259.561
256.436
273.261
405.776
266.906
267.062
259.144
275.657
249.404
297.222
264.822
285.971
298.525
263.208
248.466
321.392
256.957
268.417
305.713
261.958
269.198
352.489
261.281
274.251
350.093
258.989
271.802
290.711
259.613
280.814
276.595
259.822
258.988
241.278
286.648
293.055
298.889
309.724
252.217
276.335
793.269
261.801
301.494
269.615
260.864
276.855
280.293
297.639
296.337
278.209
260.030
271.698
257.790
253.311
253.727
295.920
263.364
264.979
388.066
286.804
264.771
346.811
251.853
258.363
258.520
279.252
284.617
294.670
250.758
260.499
270.396
278.939
297.066
257.947
296.337
262.635
259.822
329.257
259.093
259.196
275.918
273.938
275.033
310.193
256.801
264.614
256.644
286.075
275.970
258.728
306.494
281.804
231.642
453.126
262.895
240.601
376.346
255.967
252.217
321.704
277.272
266.906
289.461
277.688
259.041
344.572
230.288
255.915
320.349
312.432
258.937
320.507
249.769
306.442
286.128
263.676
258.572
236.382
297.951
259.353
303.420
347.489
255.291
294.357
367.647
258.780
282.845
289.253
231.486
262.478
294.514
267.636
260.551
288.263
274.928
261.645
304.567
275.396
297.535
304.932
258.832
274.928
248.779
308.786
275.761
262.218
361.083
264.875
462.085
239.715
265.812
273.522
307.015
300.295
257.582
378.533
281.283
233.985
377.596
267.792
232.579
334.623
237.788
264.614
328.892
317.172
247.945
299.515
262.270
254.249
267.114
279.200
472.711
306.807
265.239
305.088
308.421
232.162
253.259
305.296
260.083
262.687
260.551
293.055
261.385
266.229
251.071
308.421
253.467
340.561
257.999
263.625
294.931
264.510
297.587
263.989
276.074
251.280
354.677
268.209
248.466
268.937
292.638
258.311
267.583
293.003
254.144
264.874
347.489
258.312
262.061
359.729
279.825
273.313
259.874
247.216
254.092
257.894
307.952
281.283
236.642
331.654
277.845
269.198
291.597
253.988
302.744
302.379
255.238
255.186
315.349
251.748
241.382
278.105
322.537
239.663
287.429
377.753
293.888
256.697
290.763
258.572
264.562
290.920
270.813
264.198
273.209
274.094
266.021
267.219
301.963
240.497
242.685
354.312
252.582
270.031
293.003
257.843
274.980
296.389
276.230
433.019
350.874
313.526
256.645
280.398
412.965
272.272
256.227
271.751
350.613
259.717
256.593
255.291
350.093
256.905
251.123
280.449
245.966
267.896
263.625
265.552
262.270
366.032
276.699
277.324
240.444
257.582
287.899
253.051
341.707
257.582
262.062
328.892
281.335
266.386
304.098
280.502
251.175
306.963
302.119
337.591
274.407
282.221
257.322
242.164
314.308
295.451
303.057
289.930
258.937
272.688
789.571
338.737
260.707
264.562
377.440
297.743
261.072
297.847
258.051
292.170
327.487
254.822
371.241
268.781
275.241
264.249
290.920
272.793
258.051
275.813
264.979
258.988
292.117
344.884
256.905
254.613
405.204
286.283
263.833
315.193
246.539
266.698
286.336
260.760
255.863
242.633
275.709
251.383
382.701
296.076
259.510
284.304
254.769
262.479
234.767
330.507
266.542
272.010
335.508
283.575
259.093
330.559
260.864
271.854
303.890
505.997
263.885
268.990
300.087
313.735
676.746
230.079
615.541
274.355
274.876
280.553
308.161
289.930
266.229
264.197
318.163
244.299
236.642
272.428
276.907
256.592
259.562
301.076
249.300
307.432
299.879
251.801
254.666
321.808
251.800
308.995
326.445
255.550
260.603
326.132
253.259
280.553
245.914
282.012
256.853
236.955
281.022
238.830
272.271
318.058
283.419
301.285
304.984
281.179
273.209
306.598
244.247
273.053
269.459
257.270
255.134
251.696
330.924
264.875
295.608
310.921
749.931
256.540
274.563
231.017
292.482
289.409
262.166
290.554
307.120
241.331
252.529
311.078
344.155
334.467
243.414
310.922
306.650
326.600
261.332
311.911
254.353
258.468
323.423
254.613
260.082
237.580
283.887
258.676
265.031
316.756
249.977
236.173
291.440
257.582
261.385
303.837
300.452
234.455
354.781
343.947
279.877
283.002
272.063
258.155
265.708
268.209
268.521
286.909
318.371
244.143
290.451
337.748
274.719
262.843
335.977
359.313
279.773
311.599
276.074
266.333
333.841
259.613
275.449
312.432
263.417
264.823
304.463
292.794
265.343
292.638
254.926
310.870
290.294
319.256
280.085
283.158
279.303
272.167
329.882
309.620
276.543
265.031
275.240
264.562
271.958
263.103
283.523
242.477
292.951
259.197
253.832
299.358
263.468
260.916
265.135
276.230
320.402
238.882
278.574
254.457
244.977
275.033
257.999
