36.046
34.952
38.651
35.108
35.317
35.108
35.108
35.161
35.212
35.160
35.056
35.056
35.056
35.109
35.213
57.611
35.421
35.108
35.160
35.056
35.160
35.056
35.056
35.108
35.108
35.109
35.109
35.109
35.056
35.108
35.160
35.056
35.109
60.580
35.317
35.160
35.108
35.161
35.160
35.108
35.160
35.161
35.108
35.264
35.004
35.109
35.161
35.160
35.160
35.161
35.161
58.288
35.473
35.265
35.108
35.160
35.161
35.056
35.056
35.160
35.056
35.108
35.056
35.056
35.108
35.108
35.213
35.160
35.109
35.004
34.431
35.108
35.161
35.161
35.056
35.108
35.108
35.161
35.109
35.108
35.056
35.160
35.109
35.108
35.108
35.161
35.161
35.108
35.213
35.108
35.108
35.057
35.057
35.109
35.161
35.160
35.109
35.160
35.160
35.056
35.160
35.108
35.004
35.056
35.161
57.819
35.264
35.108
35.161
35.108
35.004
35.160
35.264
35.109
35.108
35.160
35.160
35.108
35.057
35.057
35.057
35.109
35.108
58.132
35.056
35.161
35.109
35.160
35.160
35.108
35.212
35.213
35.108
35.108
35.056
35.108
35.056
35.056
35.056
35.265
35.212
60.789
35.369
35.160
35.108
35.108
35.213
35.108
35.212
35.056
35.056
35.160
35.213
35.109
35.109
35.160
35.004
35.056
35.056
35.160
33.910
35.316
35.160
35.265
35.108
35.108
35.004
35.056
35.056
35.160
35.057
35.109
35.213
35.004
35.160
35.108
35.108
35.160
58.653
35.161
35.108
35.213
35.108
35.160
35.108
35.213
35.057
35.213
35.160
35.108
35.109
35.109
35.108
35.264
35.056
62.768
35.629
35.161
35.160
35.108
35.108
35.056
35.160
35.265
35.160
35.160
35.056
35.213
35.108
35.160
35.108
35.108
35.161
35.160
29.222
35.421
35.108
35.108
35.108
35.109
35.056
35.160
35.056
35.108
35.056
35.160
35.108
35.108
35.109
35.108
35.160
35.056
66.049
35.160
35.056
35.160
35.160
35.056
35.160
35.108
35.108
35.109
35.160
35.265
35.108
35.160
35.161
35.212
35.108
35.160
64.279
35.108
35.108
35.108
35.056
35.004
35.109
35.160
35.056
35.108
35.056
35.108
35.265
35.108
35.108
35.212
35.057
35.109
64.487
29.379
35.212
35.160
35.212
35.057
35.161
35.212
35.160
35.108
35.109
35.057
35.109
35.264
35.057
35.057
35.004
35.109
28.753
35.109
35.109
35.264
35.160
35.109
35.056
35.161
35.160
35.108
35.109
35.108
35.108
35.160
35.057
35.108
35.108
35.108
62.195
35.057
35.108
35.264
35.056
35.108
35.108
35.161
35.160
35.056
35.108
35.108
35.056
35.108
35.004
35.109
35.057
35.213
66.518
35.056
35.160
35.056
35.056
35.108
35.108
35.056
35.056
35.264
35.212
35.160
35.213
35.004
35.108
35.004
35.056
35.109
61.205
35.421
35.212
35.161
35.056
35.160
35.108
35.004
35.056
35.108
35.108
35.056
35.213
35.057
35.109
35.108
35.056
35.108
71.936
35.317
35.108
35.056
35.160
35.109
35.109
35.161
35.056
35.108
35.160
35.160
35.109
35.108
35.108
35.161
35.161
35.160
64.174
35.161
35.264
35.004
35.108
35.212
35.056
35.212
35.005
35.161
35.160
35.160
35.108
35.108
35.213
35.108
35.108
35.212
64.018
35.108
35.160
35.108
35.108
35.265
35.160
35.056
35.056
35.108
35.160
35.004
35.160
35.109
35.056
35.264
35.056
35.161
62.403
34.588
35.160
35.108
35.108
35.108
35.005
35.109
35.056
35.057
35.161
35.108
35.108
35.108
35.108
35.161
35.212
35.056
61.935
35.265
35.108
35.056
35.056
35.056
35.108
35.109
35.108
35.056
35.057
35.265
35.264
35.109
35.160
35.108
35.265
35.056
70.425
35.212
35.108
35.108
35.109
35.108
35.004
35.160
35.109
35.108
35.056
35.108
35.108
35.108
35.160
35.004
35.213
35.004
32.139
35.212
35.161
35.160
35.108
35.213
35.161
35.212
35.213
35.160
35.108
35.056
35.160
35.109
35.161
35.108
35.108
35.056
30.473
35.473
35.108
35.161
35.160
35.056
35.056
35.108
35.108
35.056
35.161
35.108
35.004
35.108
35.108
35.160
35.160
35.161
64.175
34.952
35.109
35.056
35.108
35.160
35.056
35.056
35.056
35.161
35.056
35.160
35.108
35.160
35.108
35.108
35.213
35.056
67.143
35.108
35.108
35.265
35.213
35.056
35.160
35.161
35.212
35.108
35.057
35.057
35.109
35.056
35.108
35.160
35.108
35.161
64.539
35.160
35.056
35.056
35.004
35.160
35.161
35.109
35.108
35.056
35.160
35.056
35.161
35.109
35.108
35.004
35.056
35.056
32.348
35.213
35.004
35.160
35.108
35.108
35.160
35.108
35.109
35.109
35.108
35.108
35.056
35.056
35.056
35.108
35.109
35.004
29.951
35.160
35.213
35.160
35.108
35.108
35.056
35.160
35.109
35.160
35.056
35.108
35.056
35.056
35.108
35.056
35.108
35.056
64.331
35.265
35.108
35.056
35.108
35.056
35.161
35.057
35.213
35.160
35.056
35.056
35.108
35.161
35.109
35.108
35.108
35.056
64.383
35.004
35.108
35.056
35.056
35.160
35.212
35.109
35.108
35.057
35.109
35.057
35.057
35.109
35.160
35.056
35.056
35.056
62.403
29.014
35.108
35.056
35.108
35.056
35.108
35.108
35.056
35.160
35.108
35.161
35.109
35.108
35.108
35.108
35.056
35.056
33.650
35.108
35.108
35.213
35.161
35.108
35.160
35.160
35.109
35.108
35.108
35.212
35.057
35.056
35.161
35.108
35.160
35.108
34.795
29.795
34.379
35.160
35.160
35.108
35.161
35.212
35.108
35.109
35.109
35.161
35.212
35.056
35.160
35.161
35.160
35.108
65.581
35.056
35.160
35.109
35.212
35.108
35.056
35.108
35.109
35.108
35.057
35.213
35.160
35.160
35.161
35.108
35.056
35.160
65.946
34.587
35.109
35.160
35.160
35.161
35.108
35.160
35.108
35.161
35.160
35.056
35.108
35.108
35.213
35.108
35.004
35.108
67.716
35.108
35.109
35.109
35.212
35.004
35.108
35.161
35.212
35.265
35.056
35.160
35.108
35.108
35.108
35.109
35.161
71.258
34.431
35.161
35.212
35.108
35.056
35.108
35.057
35.109
35.160
35.108
35.160
35.161
35.212
35.056
35.056
35.056
35.212
70.529
35.369
35.212
35.108
35.108
35.108
35.161
35.160
35.108
35.264
35.108
35.108
35.161
35.160
35.056
35.213
35.109
35.212
71.050
33.545
35.317
35.108
35.108
35.160
35.213
35.160
35.108
35.160
35.056
35.108
35.056
35.161
35.108
35.004
35.004
35.109
35.057
35.265
35.160
35.108
35.109
35.213
35.108
35.108
35.108
35.160
35.108
35.160
35.213
35.108
35.056
35.160
35.213
35.213
35.212
34.483
35.004
35.160
35.213
35.160
35.109
35.109
35.213
35.108
35.108
35.213
35.160
35.108
35.056
35.160
35.213
35.160
65.216
35.369
35.108
35.108
35.108
35.109
35.056
35.212
35.213
35.108
35.108
35.108
35.108
35.108
35.056
35.056
35.056
35.109
62.924
32.764
35.108
35.108
35.108
35.108
35.108
35.161
35.109
35.108
35.108
35.264
35.109
35.109
35.057
35.109
35.109
35.056
35.108
34.900
35.212
35.109
35.057
35.109
35.212
35.160
35.108
35.108
35.109
35.161
35.108
35.108
35.160
35.160
35.109
35.161
35.108
35.525
35.161
35.056
35.108
35.108
35.160
35.160
35.109
35.108
35.212
35.056
35.056
35.161
35.109
35.109
35.160
35.160
35.213
34.691
35.108
35.108
35.160
35.056
35.160
35.108
35.056
35.264
35.161
35.108
35.161
35.160
35.108
35.108
35.212
35.109
65.372
34.640
35.317
35.108
35.056
35.212
35.109
35.109
35.108
35.004
35.108
35.056
35.108
35.056
35.056
35.161
35.109
35.109
71.363
35.264
35.213
35.160
35.160
35.056
35.160
35.108
35.108
35.004
35.108
35.161
35.108
35.108
35.108
35.109
35.108
35.264
69.852
35.264
35.056
35.057
35.161
35.056
35.160
35.108
35.161
35.057
35.057
35.161
35.160
35.160
35.056
35.108
35.108
35.213
69.487
35.369
35.160
35.108
35.056
35.004
35.056
35.108
35.108
35.056
35.109
35.109
35.056
35.109
35.213
35.160
35.057
35.109
71.049
32.764
35.160
35.161
35.109
35.108
35.160
35.056
35.108
35.056
35.265
35.212
35.109
