16.773
17.137
17.294
10.991
15.106
16.356
17.398
12.397
15.106
16.408
15.679
14.793
17.502
13.231
17.190
16.200
15.314
11.668
14.429
15.523
13.179
17.554
16.877
16.616
16.773
16.408
13.648
17.971
16.981
11.095
15.575
16.356
17.189
16.981
14.793
17.710
15.887
16.460
16.096
16.512
17.502
16.199
17.137
14.741
14.585
17.398
13.596
14.637
12.293
16.929
15.002
13.595
16.929
16.668
15.419
13.491
16.200
17.398
14.481
16.824
16.825
13.491
16.356
16.877
16.825
16.564
16.616
15.991
16.564
16.565
16.877
11.928
48.704
16.408
14.898
16.304
14.846
16.408
13.699
15.888
12.293
13.283
17.450
14.898
16.721
16.512
16.512
17.398
13.439
17.086
14.377
10.782
17.450
5.886
17.294
11.512
14.585
15.210
17.293
13.595
15.210
15.002
16.929
16.929
15.731
16.877
14.950
14.637
16.877
16.877
10.887
14.897
17.033
16.200
17.398
15.783
16.877
16.356
17.085
17.502
16.513
17.293
17.971
17.502
14.481
16.929
14.794
13.959
15.679
17.085
15.835
16.200
16.148
17.918
13.439
12.189
16.304
13.387
14.637
17.502
16.095
16.877
15.314
16.825
13.231
16.773
13.804
17.294
15.001
14.638
10.834
17.554
13.648
12.710
15.575
14.846
16.304
16.981
14.845
12.605
15.106
17.554
17.919
12.189
16.564
17.294
14.794
16.824
16.200
14.325
16.252
17.294
12.189
12.554
15.522
16.408
14.950
14.846
14.794
14.585
48.599
14.793
16.825
16.200
16.461
17.138
14.741
16.929
17.242
16.981
17.606
14.794
17.033
16.095
17.033
17.919
14.377
16.408
17.137
16.669
16.825
16.617
11.199
16.877
16.200
16.981
16.825
16.824
17.085
16.720
15.731
15.992
17.189
12.658
14.741
16.512
16.095
14.325
17.606
17.242
16.669
16.408
16.095
52.662
16.877
15.522
17.398
13.543
15.784
15.731
11.564
13.751
15.783
15.002
16.356
16.773
13.387
17.502
17.867
11.407
16.408
14.898
17.138
14.481
15.054
51.725
11.720
14.898
15.106
17.450
17.398
13.595
14.481
11.668
16.200
11.616
14.793
17.659
16.356
16.408
16.877
17.450
16.773
17.711
15.939
17.190
15.575
11.616
16.772
17.398
16.408
16.825
10.887
11.459
17.502
17.294
14.689
16.617
17.554
17.450
17.398
15.054
16.825
13.387
17.242
17.815
17.033
17.606
46.568
10.678
15.992
16.617
13.126
15.210
16.877
11.407
14.533
13.022
15.314
15.940
13.803
16.408
16.565
12.397
13.595
16.721
16.981
15.523
15.939
15.210
13.699
13.022
12.918
16.721
16.512
17.241
16.929
15.523
15.991
17.867
17.085
15.106
17.346
17.033
14.846
14.689
16.877
16.044
13.283
14.689
15.106
17.033
53.079
17.346
16.148
17.398
14.950
17.502
17.502
14.845
17.034
14.689
14.950
15.418
13.804
13.908
12.606
16.096
12.606
16.877
12.397
17.189
16.981
18.075
7.032
16.877
16.512
16.148
16.044
17.398
15.158
16.877
13.283
10.835
15.784
17.502
17.710
14.846
15.991
15.106
12.606
16.251
16.200
13.282
13.595
16.460
13.595
16.512
16.095
16.044
17.502
17.398
17.398
12.606
16.200
16.148
12.294
15.002
12.293
15.002
16.929
17.398
13.751
12.502
15.627
17.190
16.200
13.543
13.595
13.335
17.293
16.095
14.585
16.512
17.346
13.751
11.408
17.346
17.033
16.304
17.346
17.242
13.752
13.595
17.242
16.460
12.293
14.741
16.304
14.585
13.700
17.294
16.408
16.929
16.669
14.585
15.575
17.659
10.783
17.085
16.513
17.814
15.210
17.293
16.825
17.189
14.325
17.294
16.824
16.616
14.793
13.127
16.981
15.471
15.470
15.002
12.502
12.710
16.981
16.981
13.335
15.471
17.866
16.981
15.470
15.210
17.086
16.877
13.491
11.720
16.408
12.189
16.721
16.669
16.825
16.721
12.658
16.565
16.200
15.731
16.356
15.991
15.471
16.773
16.461
17.398
15.991
16.616
14.637
17.502
17.710
13.283
16.356
16.773
41.515
10.991
15.523
16.199
15.002
14.168
17.345
16.096
12.294
14.793
16.304
14.638
16.617
17.034
13.803
16.720
15.054
14.846
17.658
17.242
16.200
17.293
46.776
15.158
15.679
15.523
16.304
17.398
13.491
16.095
16.825
17.189
15.158
15.106
17.502
17.919
12.658
15.783
16.721
16.252
16.356
15.001
17.346
48.964
17.189
16.877
15.105
14.689
13.439
17.190
13.595
15.940
16.148
16.669
15.106
13.803
17.450
17.554
16.981
11.824
17.346
17.138
16.773
17.085
16.981
44.432
17.918
16.616
16.147
14.690
14.794
14.585
16.356
17.398
16.512
16.096
17.034
14.950
14.898
17.190
13.439
11.825
16.252
16.408
17.710
17.502
17.398
14.168
16.773
17.137
14.793
15.001
15.991
14.897
14.689
15.992
16.251
14.845
17.138
14.220
17.450
16.199
17.346
17.086
16.460
14.585
14.898
17.294
11.824
12.502
15.366
16.460
15.106
17.242
16.460
14.949
11.720
14.950
16.356
16.096
17.554
14.533
15.106
15.627
17.085
16.929
15.783
17.138
15.731
16.825
47.506
16.043
15.210
16.096
15.627
16.304
16.929
15.002
17.450
15.418
16.408
16.929
16.043
17.033
16.304
16.929
15.887
16.669
14.689
16.356
16.200
17.189
12.397
16.252
16.929
15.054
12.658
17.085
16.044
14.794
16.408
17.190
16.773
12.501
15.627
16.825
16.252
17.189
16.720
17.034
16.877
16.200
14.533
15.783
12.814
18.075
16.512
16.044
17.085
13.022
14.533
13.387
17.606
16.096
16.929
14.376
16.460
16.199
14.794
17.555
14.845
14.845
14.585
14.742
16.408
14.585
14.794
16.199
16.981
13.803
16.044
15.001
16.929
16.929
17.086
14.481
17.919
15.419
16.564
17.607
13.387
16.356
16.043
11.408
15.002
16.199
13.908
15.367
14.845
13.596
16.356
13.699
15.991
11.407
17.554
16.981
16.981
15.314
17.450
16.617
16.825
17.086
15.001
13.699
17.190
13.387
17.398
17.450
16.408
13.492
16.877
15.887
16.044
13.283
16.773
11.824
14.585
17.398
14.950
15.106
16.512
17.137
17.086
14.690
16.720
15.262
17.606
13.179
14.585
17.242
16.721
16.460
14.064
14.950
17.033
16.460
17.190
15.991
15.835
16.304
13.283
13.075
15.835
15.262
17.189
15.158
13.804
13.230
12.293
17.346
17.919
13.855
10.886
18.023
17.190
16.408
17.450
17.294
16.877
16.877
15.887
17.189
15.314
17.450
16.877
15.210
12.085
16.616
15.262
17.085
17.086
14.742
13.231
13.803
11.981
16.408
15.002
12.293
12.606
15.158
17.398
13.543
16.513
16.095
17.189
17.137
13.178
16.877
12.762
15.991
16.773
17.502
16.929
16.200
16.982
16.096
11.408
14.950
17.502
17.345
17.398
17.711
16.408
16.512
14.950
13.230
12.605
16.825
16.200
17.346
17.346
15.522
15.991
16.199
14.741
13.283
13.700
50.788
18.179
14.898
13.387
16.252
14.377
17.085
16.460
14.690
17.398
16.877
11.460
16.616
13.231
17.555
16.252
16.356
16.825
17.346
13.283
19.377
15.939
13.595
15.210
14.532
16.981
16.200
15.158
16.877
14.585
15.992
17.450
17.450
13.804
13.699
17.971
12.345
17.189
16.408
16.982
15.731
15.158
17.919
14.272
11.407
13.647
16.564
16.929
16.460
15.106
14.794
14.377
16.409
16.669
13.595
10.835
17.606
16.304
14.794
15.940
16.200
16.825
16.460
14.897
16.876
15.679
12.084
17.398
17.345
17.294
15.002
16.096
13.231
17.294
16.930
11.877
14.585
14.533
16.877
12.501
11.512
16.616
12.345
16.929
17.085
16.668
17.242
14.429
11.199
17.294
16.981
16.200
14.481
15.470
12.241
15.888
17.294
16.773
14.793
15.835
15.783
17.971
16.876
16.095
15.419
12.189
17.398
13.803
17.242
12.501
11.616
14.950
16.877
13.856
13.179
16.096
16.356
14.480
17.085
17.190
15.471
11.304
16.617
15.262
17.450
16.095
16.043
16.200
14.898
17.711
15.992
11.408
16.408
17.241
17.815
17.190
13.387
16.929
16.408
17.085
16.512
16.357
14.898
16.200
15.783
14.481
14.846
15.992
17.242
15.627
14.898
14.742
17.398
10.054
13.543
9.792
17.034
17.397
15.210
16.721
15.106
14.897
14.950
15.522
17.033
16.877
18.023
12.553
16.877
