27.086
26.305
26.097
25.732
25.211
26.514
26.201
26.306
27.191
26.357
26.253
26.513
26.409
26.357
25.524
20.159
25.628
27.035
26.045
25.680
26.826
26.097
26.096
25.784
26.409
28.857
26.096
25.315
26.149
26.097
26.045
25.732
25.680
25.576
25.732
26.514
26.410
26.045
25.471
26.201
26.669
25.316
26.670
25.212
26.045
26.409
25.992
26.253
26.306
26.983
26.982
26.097
27.034
26.826
26.618
26.409
26.669
25.784
26.982
26.826
26.305
25.368
50.787
22.815
25.107
26.201
26.410
25.889
25.368
25.889
26.097
26.670
26.149
26.097
25.524
26.045
27.920
25.889
26.618
26.826
26.201
25.628
26.097
25.784
26.306
48.339
27.295
25.211
26.357
27.503
25.419
28.284
28.753
27.451
25.524
25.680
25.732
26.826
27.816
28.284
25.784
26.149
25.680
26.410
25.993
25.888
26.201
26.617
25.836
21.825
26.670
25.211
26.097
27.347
26.358
26.618
25.680
26.930
26.878
26.097
26.045
24.847
25.576
26.722
25.888
25.055
26.409
25.888
25.420
25.732
25.837
26.826
61.518
25.576
26.201
26.410
26.253
26.931
26.201
27.086
26.409
26.826
25.888
25.732
26.149
25.889
25.212
27.556
25.889
25.524
25.315
26.983
26.201
25.420
26.670
26.045
55.110
26.931
26.826
25.836
25.211
27.607
27.034
25.420
27.035
28.233
26.358
25.107
25.576
26.566
26.565
28.180
25.628
25.889
26.201
26.409
26.044
25.159
28.232
24.326
25.785
25.420
28.441
26.617
25.003
25.315
24.846
26.357
26.409
26.201
26.097
26.618
25.733
26.774
26.826
25.576
27.347
26.513
25.680
27.243
26.618
25.837
57.142
25.419
26.983
27.295
26.513
25.888
26.670
26.722
25.784
27.242
26.618
26.983
25.837
26.982
26.097
25.680
26.045
27.503
26.305
27.138
26.201
25.940
24.794
25.367
24.378
26.306
26.774
26.566
25.212
27.972
26.097
26.097
25.523
26.618
26.096
27.243
26.462
27.138
26.878
25.055
25.420
25.575
26.045
26.044
26.201
26.097
26.045
24.534
25.732
26.618
25.940
26.097
26.722
26.670
25.472
26.409
26.826
25.993
27.086
25.575
26.930
25.159
27.867
25.263
25.472
27.295
26.149
25.368
26.931
26.306
55.371
22.920
26.097
27.087
26.878
25.107
25.941
26.514
26.097
26.722
28.181
27.399
27.920
25.211
26.566
26.878
26.305
27.243
26.201
28.649
25.055
25.784
27.138
25.055
55.892
25.889
27.608
26.514
26.201
25.993
26.044
27.399
26.305
25.993
26.669
27.816
27.503
26.097
27.867
25.836
26.305
26.617
25.940
26.305
27.190
26.357
26.878
24.274
26.930
26.201
26.774
25.941
25.264
26.097
26.617
25.888
25.836
26.722
26.357
26.254
25.316
25.837
26.149
26.618
25.628
25.993
26.826
26.201
25.523
25.472
59.798
27.243
26.201
26.253
25.680
25.888
25.784
26.410
25.263
25.523
27.764
26.410
26.201
25.888
27.243
25.316
27.138
26.097
28.181
26.044
25.472
28.129
25.888
25.263
59.069
26.253
26.931
25.680
25.472
25.784
25.940
28.857
26.149
25.732
25.889
25.471
26.826
26.410
26.565
25.420
26.305
27.243
26.618
25.471
26.462
25.785
24.899
61.101
26.149
27.295
26.513
26.305
26.201
26.305
25.368
26.721
25.732
29.430
26.201
25.680
25.472
27.503
25.680
26.513
26.826
25.888
25.888
26.617
25.471
25.785
57.559
26.983
26.827
25.785
26.670
27.503
26.096
27.399
26.513
25.524
25.784
27.451
26.305
26.565
26.305
25.836
25.576
27.295
27.607
24.951
25.784
26.930
25.732
25.211
22.607
25.315
25.367
25.732
27.920
25.680
26.982
25.733
26.149
27.816
26.462
25.993
25.523
27.503
26.774
25.628
27.711
25.992
26.774
25.055
25.837
24.534
26.149
54.329
23.024
25.524
25.680
25.264
27.191
26.513
25.576
27.139
26.305
25.576
25.836
26.461
25.784
27.034
26.149
26.983
26.045
26.617
25.993
25.888
25.680
25.628
62.247
26.096
25.576
27.191
26.513
28.128
28.597
27.711
25.159
25.471
26.409
28.024
27.034
25.472
25.732
25.107
25.107
25.628
27.087
24.899
27.503
27.295
25.212
25.159
57.350
25.419
28.024
25.367
26.201
25.212
26.201
26.826
26.878
25.420
25.941
25.316
27.190
26.044
25.680
25.836
25.784
27.399
25.680
27.451
25.003
25.211
25.524
25.471
20.576
26.305
25.837
27.035
26.253
26.357
25.680
25.992
27.295
26.722
25.628
28.806
26.514
26.149
26.774
26.774
25.837
26.357
27.503
26.670
26.410
26.357
25.680
55.214
19.482
27.243
25.576
26.410
26.670
25.992
25.941
26.253
26.722
26.097
26.149
25.888
25.576
25.316
26.879
25.889
26.878
26.774
26.097
26.149
26.201
26.097
61.206
19.846
25.784
25.888
24.794
26.930
25.680
25.785
25.784
27.347
25.367
26.513
25.888
26.565
25.628
26.826
25.732
25.264
25.211
26.358
26.514
25.576
25.211
25.576
56.621
25.784
25.576
26.045
26.305
25.523
26.774
25.315
26.461
27.242
25.524
26.410
25.993
26.461
25.107
25.993
25.315
26.409
25.992
25.680
26.774
26.931
26.983
26.774
58.132
25.680
28.545
26.514
25.888
26.826
26.149
28.650
25.472
25.107
26.306
26.253
25.993
25.472
26.826
26.983
25.628
26.983
25.212
26.722
26.878
26.565
27.347
22.138
25.992
27.816
25.471
25.472
27.608
25.264
26.878
25.784
26.201
25.889
28.389
27.191
26.149
25.628
26.305
26.617
25.628
26.670
25.107
25.263
25.732
25.576
61.101
25.003
25.316
29.170
25.472
26.305
26.149
25.993
29.483
26.514
26.306
27.399
26.461
25.420
25.784
25.888
25.940
26.826
25.576
26.045
27.608
26.774
25.784
25.003
57.090
25.888
27.503
27.295
27.347
26.097
26.930
26.514
26.617
26.305
25.836
26.826
26.253
29.326
25.003
25.368
25.160
27.191
26.565
26.618
25.941
26.358
25.889
63.133
24.482
27.191
25.941
26.409
25.212
25.368
27.763
28.389
25.784
26.305
26.513
27.295
25.992
26.097
25.420
25.992
26.149
25.524
26.253
26.566
27.451
26.514
57.663
26.305
26.253
26.097
26.201
26.305
26.409
26.045
26.045
26.097
26.617
26.461
25.993
26.514
26.097
25.576
26.149
25.524
25.889
26.045
25.315
25.836
26.357
25.576
22.868
25.680
26.826
25.993
26.514
27.139
25.940
26.774
26.462
25.941
25.836
26.826
26.201
25.628
26.201
25.524
26.409
25.107
26.774
25.576
26.930
27.034
26.044
59.851
26.514
25.107
25.263
25.420
25.941
27.190
25.420
27.764
25.108
26.201
26.513
26.774
25.992
25.472
26.410
25.837
26.618
27.242
25.524
27.294
24.742
26.617
54.069
24.846
25.888
25.628
25.263
27.034
25.784
25.472
26.461
25.680
28.388
26.565
25.055
25.680
25.680
27.503
26.982
26.409
26.044
26.149
27.347
25.107
26.305
25.315
55.111
24.274
26.305
26.618
25.420
27.660
26.670
26.149
25.316
26.201
26.149
25.680
25.159
25.471
26.149
26.044
27.087
25.889
26.305
25.316
26.513
28.857
26.878
25.888
20.627
26.826
26.096
25.628
26.409
26.565
26.096
27.191
27.660
24.898
27.451
27.868
26.514
26.305
25.420
25.889
26.670
25.263
25.419
26.097
25.836
25.993
26.669
25.992
20.576
25.837
26.097
25.784
26.097
25.993
25.003
25.888
26.878
28.493
25.784
25.888
27.660
25.680
26.565
26.201
25.992
26.774
25.107
25.368
25.316
25.628
58.549
23.597
26.045
26.982
25.628
26.358
24.899
26.617
25.003
26.305
27.295
25.576
26.930
26.201
25.837
26.045
26.461
25.732
27.920
29.066
27.138
27.607
26.461
25.524
54.120
26.305
26.878
26.931
26.514
25.107
25.784
26.409
25.472
27.191
26.461
25.471
26.514
26.566
25.523
25.211
25.524
26.878
25.836
26.409
25.576
26.045
26.461
25.159
24.430
26.878
26.044
28.284
25.680
26.618
27.138
25.159
25.055
26.982
26.253
25.524
27.608
25.732
26.253
25.784
26.409
27.659
28.076
26.462
27.503
26.357
60.371
27.034
25.316
26.409
26.096
26.201
25.471
25.836
26.670
26.670
25.992
26.044
25.993
25.576
26.721
25.628
25.680
26.410
25.837
25.993
27.087
27.347
25.941
27.504
59.382
26.410
