10.731
10.105
9.584
10.001
10.001
9.949
10.053
10.001
44.692
6.563
4.740
10.105
10.001
10.001
10.054
10.001
10.053
10.001
10.001
10.001
10.002
10.001
10.001
10.054
10.002
10.053
10.001
10.001
10.106
10.001
10.053
10.105
10.001
10.053
10.001
10.001
10.001
10.002
10.001
10.053
10.001
4.688
5.209
10.001
10.001
10.001
10.001
10.002
10.001
10.001
10.001
10.106
10.001
10.105
10.001
10.001
10.001
10.001
10.054
10.053
10.001
10.105
9.949
10.053
10.001
10.105
10.001
10.001
10.001
10.105
10.105
10.001
10.106
45.110
6.668
10.054
10.209
10.105
10.105
9.949
10.001
10.053
10.001
10.053
10.053
10.105
10.001
9.949
10.001
10.001
10.106
10.002
10.001
10.001
10.001
10.001
10.001
10.106
10.002
10.001
10.001
10.105
10.001
10.001
6.302
6.303
10.053
10.001
10.105
10.053
10.157
10.001
10.001
10.053
10.001
10.105
10.053
10.001
10.054
10.001
9.949
10.001
10.001
10.001
10.001
10.001
10.053
10.105
10.001
10.106
10.001
10.001
10.001
10.001
10.001
10.001
44.120
6.824
10.105
10.054
10.001
10.053
10.053
10.105
10.001
10.106
10.054
10.002
10.001
10.001
10.001
10.001
9.949
10.001
10.053
10.105
10.001
10.002
10.053
10.001
10.001
10.001
10.002
10.001
10.001
10.002
10.001
10.001
10.001
6.407
9.793
10.001
10.001
10.002
10.002
10.053
10.105
10.001
10.053
10.001
10.053
10.001
10.053
10.001
10.001
10.002
10.001
10.001
10.054
10.002
10.054
10.001
10.105
10.001
10.053
10.054
10.001
10.001
10.001
10.001
4.792
10.001
10.209
10.001
10.105
10.001
10.053
10.001
10.001
10.053
10.054
10.001
10.001
10.002
10.001
10.001
10.001
10.001
10.001
10.001
10.001
10.001
10.001
10.002
10.054
10.105
10.001
10.001
10.001
9.897
10.053
10.001
41.828
5.209
8.803
10.105
10.053
10.001
10.053
10.001
10.106
10.001
10.001
10.001
10.001
10.053
10.001
10.001
10.053
10.105
10.053
10.053
10.002
10.001
10.001
10.001
10.106
10.106
10.106
10.053
10.001
9.949
10.105
10.001
10.001
6.303
6.199
10.001
10.002
10.001
10.001
10.001
10.001
10.001
10.001
10.054
10.001
10.105
10.053
10.001
10.001
10.105
10.105
10.001
10.002
10.054
10.001
10.001
10.002
10.106
10.001
9.949
10.002
10.001
10.001
10.001
10.001
6.667
10.002
10.001
10.105
10.053
10.001
10.001
10.053
10.001
10.002
10.001
10.001
10.002
10.001
10.053
10.001
10.001
10.002
10.105
10.105
10.001
10.106
10.001
10.001
9.949
10.001
9.950
10.001
10.105
10.001
10.001
10.105
4.689
10.001
6.407
10.001
10.001
10.001
10.001
10.053
10.001
10.002
10.001
10.001
10.001
10.002
10.001
10.053
10.105
10.001
10.054
10.001
10.053
10.053
10.001
10.001
10.001
10.001
9.950
10.053
10.001
10.001
10.054
10.106
40.213
6.407
9.585
10.053
10.001
10.053
10.054
10.001
10.001
10.001
10.001
10.001
10.105
10.001
10.053
10.001
10.002
10.001
10.001
10.001
10.001
10.105
10.105
10.001
10.002
10.106
10.001
9.949
10.001
10.001
10.053
10.002
10.106
6.824
9.897
10.001
10.001
10.001
10.053
10.002
10.001
10.001
10.001
10.054
10.002
10.053
10.001
10.001
10.001
10.001
10.106
10.106
10.105
10.106
10.001
10.105
10.106
10.002
10.001
10.001
10.002
10.001
10.001
10.054
6.251
6.251
10.053
10.001
10.001
10.001
9.949
10.157
10.001
10.106
10.002
10.105
10.105
10.105
10.053
9.949
10.053
10.001
10.053
10.001
10.002
10.001
10.105
10.001
10.002
10.001
10.001
10.002
10.001
10.053
10.105
10.002
44.641
6.719
10.106
10.002
10.001
10.001
10.002
10.053
9.897
10.002
10.105
10.105
10.001
10.002
10.053
10.105
10.001
10.001
10.105
10.001
10.054
10.002
10.001
10.001
10.001
10.001
10.053
10.001
10.053
10.001
10.001
10.210
10.106
4.740
9.897
10.001
10.001
10.001
10.053
10.001
10.054
10.001
10.105
10.053
10.053
10.002
10.001
10.001
10.002
10.001
10.001
10.053
10.002
10.001
10.001
10.002
10.001
10.001
10.054
10.053
10.105
10.053
10.001
10.002
6.199
10.001
10.054
10.001
10.001
10.001
10.002
10.054
10.106
10.105
10.001
10.001
10.001
10.001
10.053
10.001
10.053
10.001
10.105
10.001
10.106
10.053
10.001
10.001
10.002
10.001
10.053
10.001
10.054
10.106
10.053
10.001
4.688
4.792
10.105
10.105
10.105
10.053
10.053
10.002
10.053
10.001
10.053
10.001
10.001
10.054
10.053
10.001
10.053
10.001
10.054
10.001
10.001
10.001
10.106
10.001
10.001
10.105
10.001
10.001
10.001
10.001
10.002
10.001
45.891
6.667
10.105
10.158
10.001
10.053
10.001
10.001
10.001
10.001
10.053
10.001
10.054
10.053
10.105
10.053
10.105
10.002
10.053
10.001
10.001
10.001
10.001
10.106
10.001
10.001
10.105
10.001
10.001
10.053
10.001
10.002
4.688
6.928
9.532
10.001
10.001
10.105
10.001
10.002
10.001
10.053
10.001
10.001
10.053
10.002
10.053
10.001
10.001
10.001
10.053
10.001
10.001
10.002
10.001
10.001
10.002
10.053
10.001
10.105
10.106
10.053
10.001
10.053
10.053
6.042
10.001
10.053
10.001
10.105
10.053
10.002
10.053
10.001
10.001
10.105
10.053
10.105
10.002
10.001
10.053
10.053
10.053
10.053
10.001
10.105
9.949
10.001
10.105
10.001
10.054
10.001
10.053
10.001
9.897
10.001
10.105
4.792
4.792
10.209
10.053
10.001
10.001
10.001
10.105
10.053
10.001
10.001
10.001
10.001
10.002
10.001
10.001
10.106
10.002
10.053
10.001
10.105
10.001
10.002
10.105
10.053
10.001
10.001
10.001
10.001
10.001
10.001
10.002
6.719
10.053
10.262
10.001
10.002
10.001
10.105
10.105
10.001
9.897
10.105
10.105
10.001
10.106
10.001
10.001
10.053
10.001
10.105
10.001
10.105
10.106
10.001
10.001
10.001
10.001
10.001
10.001
10.001
10.001
10.001
10.054
4.688
6.824
9.689
10.001
10.001
10.001
10.105
10.001
10.053
10.002
10.106
10.001
10.001
10.001
10.053
10.001
10.106
10.053
10.001
10.001
10.002
10.158
10.001
10.001
10.002
10.105
10.001
10.105
10.106
10.001
10.105
10.001
10.106
6.824
9.897
10.053
10.001
10.106
10.002
9.949
10.053
10.054
10.001
10.105
10.001
10.001
10.001
10.105
10.053
10.002
10.001
10.001
10.001
10.001
10.001
10.105
10.001
10.001
10.001
10.001
10.001
10.001
10.001
10.001
5.990
4.688
10.002
10.106
10.001
10.001
10.053
10.054
10.001
10.001
10.105
10.054
10.053
10.001
10.105
10.002
10.001
10.001
10.001
10.002
10.001
10.001
10.002
10.106
10.053
10.001
10.002
10.001
10.053
10.053
10.001
10.001
45.214
6.720
10.106
10.001
10.054
10.106
10.001
9.897
10.001
10.053
10.053
10.105
10.105
9.897
10.001
9.897
10.054
10.105
10.001
10.001
10.106
10.053
10.053
10.053
10.002
10.105
10.053
10.105
10.053
10.001
10.001
10.002
10.053
4.688
4.792
10.054
10.002
10.105
10.001
10.105
10.001
10.054
10.054
10.001
10.001
10.106
10.106
10.054
10.001
10.053
10.105
10.105
10.053
10.053
10.053
10.002
10.001
10.053
10.053
10.001
10.002
9.949
10.001
10.106
41.203
6.876
10.001
10.105
10.105
10.001
10.001
9.897
10.002
10.106
10.105
10.105
10.053
10.001
10.001
10.001
10.001
10.001
10.001
10.105
10.001
9.949
10.001
10.001
10.053
10.001
10.001
10.002
10.106
10.001
10.001
10.002
10.053
6.720
9.637
10.054
10.053
10.001
10.001
10.002
10.001
10.001
10.001
10.106
10.053
10.001
10.001
10.001
10.001
10.053
10.106
10.001
10.105
10.001
10.001
10.001
10.001
10.001
10.053
10.053
10.054
10.106
10.001
10.001
10.001
4.688
6.720
10.158
10.001
10.002
10.106
10.106
10.105
10.053
10.001
10.002
10.001
10.105
10.001
10.053
10.054
10.054
10.106
10.002
10.001
10.001
10.002
10.001
10.053
10.001
10.002
10.001
10.002
10.001
