324.830
625.177
455.313
109.231
655.753
119.805
444.167
50.006
113.711
19.326
362.959
155.070
375.409
13.179
1126.329
176.531
56.100
321.340
105.012
121.942
337.644
271.125
316.808
32.817
346.707
212.629
40.422
35.108
41.255
316.183
305.192
586.996
69.331
206.535
82.457
486.516
9.376
134.963
77.562
13.595
118.295
172.468
33.493
236.746
99.126
12.189
150.747
241.487
171.843
285.607
28.649
284.668
400.724
45.995
31.619
101.834
72.769
233.934
98.657
605.956
202.576
180.177
19.169
276.699
234.298
74.280
78.498
24.586
613.457
72.248
129.858
158.821
34.848
80.947
27.555
216.900
36.931
217.942
135.589
184.449
392.703
78.603
193.824
199.294
221.745
350.823
436.092
56.934
9.168
150.590
257.946
200.024
71.467
89.802
342.071
19.742
363.740
274.407
311.026
100.949
64.174
32.192
211.952
394.057
217.109
26.462
11.773
224.974
85.426
255.134
364.366
93.031
55.528
226.120
111.836
67.820
510.893
103.815
29.118
499.902
256.853
128.765
112.201
206.795
66.883
31.462
631.844
88.448
34.327
45.786
319.777
98.032
142.048
95.167
26.878
21.930
62.403
127.827
518.290
22.868
65.529
183.042
89.541
114.389
73.133
223.828
126.057
35.994
321.027
59.434
290.085
62.925
536.417
645.075
22.190
302.327
77.092
69.800
185.074
181.011
201.951
58.809
842.390
293.993
8.803
268.364
37.921
20.576
24.482
301.493
61.518
16.408
89.750
79.385
300.503
220.702
45.682
126.369
213.150
172.520
150.174
42.869
186.116
549.804
220.130
148.298
74.331
144.392
289.825
43.287
196.534
173.197
81.780
90.480
335.977
647.419
285.190
52.507
63.705
32.712
199.034
73.863
409.526
71.676
36.618
171.427
276.230
459.793
244.664
458.179
62.090
204.451
35.213
171.739
38.702
219.245
11.512
111.575
322.069
208.774
139.860
81.364
530.218
34.796
140.641
482.036
144.808
61.570
95.011
200.752
282.690
25.263
37.608
39.067
345.718
170.384
297.796
133.714
38.025
28.910
278.887
337.018
189.501
223.568
250.498
107.096
239.820
247.738
82.093
21.774
71.102
121.472
305.036
201.378
32.556
89.645
209.608
605.592
136.422
26.201
232.840
30.055
23.493
971.624
14.324
182.470
251.801
353.739
95.428
40.577
114.701
217.578
171.478
339.102
495.683
147.517
47.662
834.107
280.606
59.382
514.540
284.095
250.498
185.178
378.221
202.316
257.217
186.376
293.211
57.715
230.600
257.270
459.897
70.685
623.875
285.294
148.611
428.331
508.965
403.797
195.492
375.565
488.338
464.377
111.523
170.020
139.704
151.945
81.468
180.125
1191.962
164.446
235.861
312.589
151.841
284.668
152.205
103.970
123.139
572.723
227.371
58.079
17.033
47.766
99.387
85.843
270.292
116.056
192.782
82.041
298.993
134.234
159.238
31.253
273.001
60.996
54.955
161.112
143.663
221.224
282.064
8.595
156.581
109.909
15.314
149.132
324.153
170.488
339.154
50.058
120.275
106.939
545.429
56.621
75.530
258.259
153.039
303.837
199.971
188.512
560.690
183.824
86.677
107.460
194.970
183.511
156.841
275.762
208.357
588.871
10.106
584.234
224.350
951.517
45.370
928.442
385.983
668.828
366.449
172.624
496.412
127.047
70.113
271.907
151.529
655.389
308.890
194.918
66.987
145.694
135.016
146.215
728.678
155.018
1039.966
122.775
146.319
62.820
69.852
43.703
640.961
132.411
295.712
66.935
251.592
690.289
169.134
251.019
186.636
98.710
172.728
129.078
227.682
85.375
332.018
31.254
575.952
301.650
27.764
35.681
106.471
97.824
346.967
21.253
683.517
428.071
233.360
257.009
75.842
131.734
171.374
25.889
252.217
363.011
186.480
809.261
62.195
633.355
135.120
35.577
36.411
563.295
91.886
81.885
184.240
113.086
84.697
58.184
99.334
23.180
296.962
118.608
28.753
152.257
142.204
167.520
876.560
99.908
73.186
70.789
33.494
116.107
65.320
202.940
559.389
34.327
185.177
405.464
105.273
181.115
90.167
424.008
12.710
139.235
54.746
60.319
107.513
696.644
578.453
118.295
27.243
85.167
239.402
188.616
210.858
326.236
271.438
571.421
47.558
603.352
153.664
308.161
330.976
309.880
17.711
212.838
81.207
101.262
65.945
348.583
170.384
197.627
23.493
108.762
538.657
16.304
51.777
9.011
31.775
121.576
80.010
144.235
158.560
71.259
13.023
83.499
148.611
172.416
77.978
24.065
66.206
368.220
14.116
970.426
777.227
59.850
96.001
106.992
19.794
509.382
132.359
55.319
335.247
95.636
237.736
20.835
282.221
89.646
96.730
30.837
222.109
74.696
253.780
260.134
167.155
52.975
319.308
32.452
40.369
484.380
103.919
461.304
68.549
111.836
90.011
149.392
164.238
300.869
161.946
528.395
12.085
653.409
67.925
152.257
17.398
120.171
57.767
28.701
76.936
84.176
30.316
102.460
256.488
63.914
37.973
40.369
189.501
50.944
373.586
12.188
128.193
372.856
281.595
22.399
68.602
98.084
148.820
30.160
37.764
17.190
112.981
68.185
540.220
401.349
49.172
54.903
167.259
167.103
33.702
50.840
103.919
171.635
16.304
282.533
585.537
287.898
226.745
103.137
331.341
33.442
56.413
41.151
31.931
322.590
469.013
46.880
100.220
54.642
65.893
160.488
239.872
105.273
138.662
309.098
259.301
246.019
70.946
87.875
896.928
21.669
198.044
60.268
485.681
633.460
41.567
141.423
510.528
364.835
71.831
291.336
18.283
7.761
154.914
21.878
222.995
23.180
106.940
221.172
617.625
134.026
31.045
133.505
10.210
46.932
69.956
229.558
49.850
551.470
520.581
105.272
351.604
84.645
612.989
302.222
231.434
78.550
298.837
20.888
76.676
48.078
177.625
65.581
382.701
418.434
237.789
572.255
140.120
405.672
231.902
590.069
87.771
45.630
270.813
26.201
70.373
233.569
357.907
262.218
275.397
95.480
13.960
215.650
12.918
246.331
428.123
139.287
46.777
152.205
163.665
22.502
65.164
101.210
64.070
12.241
26.097
138.558
80.061
167.519
1242.854
76.207
171.270
187.053
445.781
89.907
22.190
20.471
81.051
63.914
18.544
13.648
52.714
105.377
71.102
508.080
647.940
166.843
215.858
92.876
40.525
366.918
14.376
139.183
92.615
47.454
536.677
29.222
81.311
118.243
26.201
19.273
34.900
309.411
641.533
185.335
27.399
72.717
243.674
168.718
31.775
374.159
64.591
50.579
225.964
234.611
368.949
75.270
272.324
86.729
374.054
336.914
151.372
41.984
341.655
114.545
155.695
199.971
134.078
70.113
394.890
458.126
20.263
293.993
287.534
202.940
102.252
32.608
318.787
109.127
338.894
233.933
299.723
519.904
32.139
104.804
163.040
477.347
159.758
22.815
264.145
18.336
229.037
14.221
405.412
58.183
42.452
214.765
10.991
29.483
103.918
14.689
48.443
10.106
155.174
21.878
100.011
120.274
271.438
93.136
79.541
101.887
348.791
11.773
21.721
51.047
52.975
266.959
1144.092
33.442
350.249
519.071
107.877
230.496
335.664
146.893
52.871
650.180
788.582
383.534
167.832
131.057
414.215
308.995
45.057
371.606
89.229
147.621
13.700
117.305
76.936
12.293
52.714
375.356
128.557
82.718
106.784
168.613
22.190
371.085
563.035
871.143
71.207
156.789
255.446
369.887
237.424
332.851
492.193
80.009
82.562
121.472
233.986
129.755
198.200
466.096
23.649
182.938
320.193
38.703
302.222
107.721
116.264
122.827
423.695
164.290
560.482
135.902
108.606
361.448
20.002
17.033
895.990
177.260
588.819
23.909
94.177
186.064
109.648
773.996
123.243
164.290
259.041
285.085
195.440
43.078
81.468
639.762
88.396
79.280
249.873
431.926
71.258
94.334
326.028
31.566
150.174
436.144
42.037
236.851
164.030
229.037
55.788
159.289
125.692
112.774
221.067
259.926
758.526
12.814
224.245
101.158
204.868
402.703
229.506
66.726
748.004
175.646
127.671
248.883
299.514
627.313
208.982
353.635
138.141
85.635
185.698
345.145
92.719
383.951
244.143
364.886
340.613
212.525
113.971
403.224
37.504
307.588
227.058
249.873
87.666
253.988
627.782
89.125
13.856
206.535
60.215
80.895
326.340
41.724
191.637
161.582
26.618
72.144
106.627
155.122
471.514
122.410
399.057
265.292
646.221
111.940
112.982
790.614
166.114
172.937
58.132
409.319
526.416
151.684
16.982
78.290
433.748
40.629
271.646
368.220
43.391
855.464
72.925
64.175
191.949
215.963
193.929
16.252
164.811
30.211
37.400
385.149
198.148
336.862
150.903
20.524
