11.199
10.105
31.254
30.681
31.097
31.097
31.045
10.886
10.730
28.076
31.202
28.128
31.045
30.993
28.076
28.024
28.076
30.941
28.024
31.045
25.107
28.024
30.941
28.024
22.190
28.076
25.420
31.098
30.993
30.994
30.993
28.076
31.097
23.389
28.285
31.098
27.920
30.993
28.076
31.098
28.024
30.993
27.972
31.045
10.991
31.045
27.972
30.993
30.993
28.025
30.993
30.993
31.045
28.024
31.098
30.993
65.529
24.378
28.128
30.993
30.993
27.972
27.972
25.002
22.190
27.972
30.994
28.077
31.045
28.076
25.055
31.045
28.025
28.024
30.993
31.097
31.045
25.055
28.077
31.046
57.455
28.232
27.555
31.097
28.024
28.024
27.972
30.993
30.993
31.045
27.972
28.024
25.003
31.046
28.076
30.993
21.982
28.076
21.982
30.993
28.077
27.972
30.941
63.393
25.732
30.994
31.046
31.046
30.993
30.889
31.046
30.993
30.941
25.107
30.993
28.129
28.077
30.993
27.972
30.941
28.129
28.024
30.993
31.045
30.993
25.055
65.529
28.337
30.993
25.003
30.994
30.993
27.972
31.046
30.993
25.055
28.025
30.993
30.889
31.097
30.993
30.941
28.180
30.993
31.045
31.046
27.972
28.076
31.097
30.889
27.919
31.045
30.993
28.024
28.025
30.993
25.003
30.993
30.890
27.972
31.045
27.972
31.046
30.993
30.889
27.972
31.098
30.994
31.046
28.024
31.046
30.889
30.993
24.013
31.201
31.149
28.024
30.993
31.097
30.993
30.993
31.045
30.993
30.993
30.941
28.077
27.972
30.993
31.045
28.076
30.993
30.993
31.098
31.046
31.046
25.055
59.330
21.565
30.993
30.993
28.024
30.941
28.128
28.024
30.993
27.920
30.993
31.045
31.046
31.046
30.889
28.024
30.994
30.993
28.024
30.941
25.055
28.024
31.045
62.663
31.201
31.201
30.993
30.941
30.941
30.993
30.993
30.890
30.993
30.941
28.024
31.046
30.994
30.889
31.097
30.993
30.993
31.045
31.045
30.994
30.994
30.994
25.993
30.941
31.097
30.941
28.129
30.994
31.098
31.046
27.972
31.097
22.190
28.024
30.889
31.045
30.941
30.993
31.097
30.993
31.097
30.993
27.972
28.128
31.097
29.222
25.315
31.046
10.939
27.972
25.055
28.076
27.972
30.993
30.994
30.993
30.941
31.045
31.097
31.045
28.128
27.972
22.034
31.045
28.024
28.025
31.098
30.993
31.097
29.275
28.024
30.889
30.994
31.098
30.941
31.045
28.128
28.024
30.993
27.972
28.076
30.889
30.993
31.045
21.930
31.097
30.993
28.024
28.128
28.076
28.024
65.893
30.732
30.993
30.941
28.129
30.994
28.024
28.128
30.941
30.941
30.993
31.045
30.993
31.045
30.993
30.941
30.993
21.982
30.941
30.993
28.024
30.993
30.941
61.778
30.212
30.941
30.941
28.024
31.046
30.941
27.972
30.993
28.077
30.994
25.055
28.128
30.993
25.003
30.993
28.024
30.993
30.941
30.994
30.993
28.024
22.034
31.045
60.216
31.150
31.202
28.077
28.076
31.097
22.034
31.045
30.994
31.098
30.941
31.098
28.128
31.097
30.993
30.993
25.003
31.098
30.993
30.993
30.993
30.941
30.993
55.007
30.003
26.931
30.993
24.951
28.024
28.076
30.941
30.942
31.098
30.994
31.045
31.045
31.045
27.920
24.899
31.045
31.045
27.972
27.972
30.941
31.045
30.993
30.941
24.169
31.097
30.941
30.993
28.024
27.972
31.046
31.046
30.993
24.899
31.046
30.994
30.941
30.993
31.097
25.107
27.972
28.128
28.024
31.098
30.993
30.889
59.903
19.742
30.993
30.941
28.025
31.046
28.024
25.055
28.077
30.941
30.941
30.993
30.993
30.941
28.024
30.993
30.941
30.941
30.942
31.046
30.941
25.003
30.993
28.025
23.596
30.108
25.003
31.045
28.024
30.994
30.993
28.076
25.002
28.024
28.024
25.003
28.024
31.046
31.045
30.941
30.993
31.097
30.993
30.941
30.993
30.993
31.045
61.830
25.992
28.076
28.024
30.889
25.003
27.972
25.003
28.024
30.993
30.993
10.730
27.972
31.046
27.972
28.076
30.993
30.994
28.024
28.180
31.045
27.972
30.993
30.993
59.694
30.577
28.024
25.107
31.045
30.889
30.993
31.046
31.045
30.993
28.180
31.097
30.993
30.941
10.835
28.076
28.024
28.024
10.731
31.097
27.972
10.575
30.941
25.003
62.351
30.733
30.994
30.993
27.972
31.097
28.024
30.994
31.045
31.097
28.024
24.950
31.045
31.045
30.941
25.002
25.107
10.782
25.055
30.993
30.889
30.889
30.993
30.941
57.403
31.098
31.098
25.003
30.993
30.993
30.993
28.024
31.045
27.972
28.024
30.889
30.993
28.128
30.889
30.993
31.098
28.024
28.024
10.730
28.024
31.098
28.024
27.972
52.767
28.910
28.181
28.024
25.055
28.128
31.045
30.941
30.994
25.055
22.034
30.889
30.993
28.024
25.107
31.098
30.994
10.731
30.889
30.941
30.993
28.024
30.941
31.045
28.024
30.264
30.993
27.920
28.076
30.993
31.097
28.024
30.994
30.941
25.003
28.024
31.045
28.024
30.993
31.098
28.024
28.024
28.076
28.024
27.972
30.994
30.994
59.590
19.742
28.180
31.045
30.941
30.993
30.941
30.993
25.055
30.993
30.941
30.993
31.045
24.951
28.024
30.993
30.941
30.993
31.098
28.024
28.024
22.086
22.034
30.993
65.320
28.233
27.503
27.972
31.045
28.025
30.941
27.972
28.025
28.024
28.024
30.993
31.046
30.994
25.055
31.045
30.993
28.076
30.889
30.993
27.972
28.024
30.941
28.076
59.382
31.150
31.046
28.024
28.441
30.889
28.128
27.972
30.993
31.046
28.024
30.993
28.024
28.024
25.003
24.951
25.003
21.981
30.993
31.045
27.972
30.942
27.972
30.993
4.688
27.191
28.077
27.972
28.024
27.972
22.034
27.972
30.994
30.994
30.941
31.045
30.993
30.941
28.024
30.993
30.993
30.941
30.941
30.941
30.993
31.045
30.993
30.889
24.482
30.993
28.076
28.024
31.045
30.993
28.024
28.077
28.024
31.045
27.972
28.129
28.024
28.024
30.993
28.180
30.994
31.098
28.024
30.889
30.941
30.993
25.003
30.420
28.961
28.076
30.941
30.993
28.024
30.994
25.003
28.076
27.972
28.024
30.941
30.941
28.129
25.003
28.128
30.993
30.993
28.025
28.076
30.993
28.024
30.994
54.486
30.056
25.003
30.993
30.994
25.055
25.055
30.942
31.045
25.055
30.993
31.097
30.993
28.077
30.993
31.045
25.003
21.982
31.045
30.889
27.972
28.076
28.024
28.077
56.569
30.681
30.993
30.994
28.077
27.972
27.972
30.942
28.024
30.941
28.128
27.972
27.920
31.045
30.993
30.993
28.025
30.993
25.055
30.993
30.889
30.993
28.024
30.994
29.014
31.046
30.941
31.045
30.993
30.994
31.046
30.993
28.024
27.972
27.972
31.097
28.024
30.994
30.941
30.889
30.993
28.024
30.993
30.993
28.024
30.993
60.893
30.994
30.994
28.024
31.097
31.045
30.941
31.045
30.993
30.993
28.024
28.024
28.128
28.024
25.055
28.024
27.972
31.045
31.045
30.942
27.972
30.993
30.942
28.024
29.223
31.046
30.942
10.783
30.942
30.941
30.993
30.993
28.128
30.889
30.993
31.097
22.086
27.972
28.024
27.972
27.972
27.920
25.003
27.972
27.920
31.097
25.055
22.086
60.059
28.129
31.046
30.994
30.993
10.678
30.941
25.003
31.046
31.046
30.941
31.045
27.920
31.045
31.098
28.024
30.993
31.045
30.993
27.972
25.055
30.941
28.128
28.024
25.992
28.128
31.098
30.994
25.055
30.889
30.993
28.076
28.024
31.046
31.046
30.941
27.972
30.994
25.003
28.076
31.097
30.993
31.097
25.003
30.889
27.972
25.055
30.212
30.056
31.149
31.045
28.024
21.982
28.024
30.994
25.107
31.097
30.993
25.159
28.076
30.994
28.076
30.993
30.941
31.045
30.993
30.942
30.993
25.055
30.941
50.787
22.971
30.942
28.076
31.045
28.076
30.993
30.993
30.993
30.941
31.045
28.024
30.994
30.993
30.993
28.076
31.150
30.941
30.890
31.045
28.076
30.941
30.889
27.972
29.065
30.993
28.024
30.994
30.993
21.982
30.941
28.024
30.993
30.889
28.076
28.076
30.942
27.972
31.045
28.076
28.024
30.993
31.045
30.993
30.994
31.045
27.972
62.559
31.253
10.679
30.941
27.972
31.045
