65.008
67.560
66.466
66.934
65.998
66.466
68.394
99.179
68.394
68.132
66.102
67.664
68.445
68.497
67.091
66.779
63.184
68.341
67.977
100.272
67.612
68.810
68.393
67.560
66.050
65.998
65.059
68.498
67.977
67.091
68.341
103.137
66.466
66.153
67.092
68.498
68.081
66.466
67.821
65.893
65.424
67.664
100.428
67.403
66.571
67.039
64.747
67.768
67.977
66.674
65.945
68.237
66.935
68.133
95.115
66.518
67.872
65.685
66.622
66.205
65.685
69.018
65.789
66.674
66.987
67.664
99.803
69.800
68.550
68.706
66.571
65.945
66.257
67.091
68.185
65.477
66.727
67.612
99.074
66.727
68.237
68.290
65.477
67.665
68.081
70.165
66.570
67.769
68.080
98.554
66.310
66.518
66.258
66.154
68.497
65.633
66.987
67.925
65.841
68.185
68.862
100.376
67.508
68.914
67.977
67.247
67.820
69.539
67.404
67.560
67.196
67.039
104.856
69.592
66.102
67.872
70.373
66.623
69.539
68.237
67.300
66.935
65.632
68.654
100.584
68.289
69.122
69.019
69.488
68.133
68.185
66.570
68.706
66.675
69.488
69.643
67.196
68.029
68.237
70.789
68.185
66.830
64.383
68.081
68.758
66.935
67.872
96.522
68.706
68.914
66.466
70.009
69.436
69.384
66.987
69.175
67.665
66.935
67.039
91.990
67.872
63.653
69.435
68.133
68.602
66.622
67.924
66.310
69.018
67.039
68.185
101.418
69.227
64.174
67.508
65.685
66.153
67.508
66.935
66.518
67.403
69.018
94.959
65.946
69.748
68.549
69.227
68.081
66.050
69.279
66.987
67.560
70.217
70.112
96.313
71.363
63.809
69.748
66.102
66.987
67.508
68.341
68.706
67.872
67.560
66.987
100.429
70.581
66.466
67.143
69.644
69.123
67.351
68.341
66.049
70.634
68.498
94.959
63.965
70.216
66.310
67.612
69.852
71.102
66.623
67.665
66.987
68.706
69.227
96.626
67.039
69.904
66.935
66.987
68.914
66.310
69.384
67.404
68.601
68.654
69.331
99.126
65.581
65.684
64.382
66.727
67.247
69.487
65.946
69.123
67.716
67.768
66.570
67.612
67.352
65.998
69.644
66.726
70.217
68.862
68.133
66.102
70.477
65.477
94.125
66.414
66.622
67.143
67.821
68.550
66.153
68.967
68.446
65.841
69.383
67.039
103.449
69.592
66.362
68.237
66.674
67.508
69.696
67.456
71.519
67.352
69.436
96.262
67.821
65.268
67.039
69.904
67.872
65.216
65.945
65.789
65.998
70.321
68.810
96.313
66.727
64.435
65.476
69.071
67.092
66.049
67.612
68.393
66.883
67.196
67.872
90.427
68.550
68.290
68.029
67.195
67.872
67.508
66.206
66.935
67.612
66.570
66.310
101.158
67.716
68.342
66.727
67.768
67.455
67.508
66.935
67.821
66.414
69.852
69.539
64.747
65.685
65.893
68.706
65.998
66.987
68.758
68.185
67.820
67.560
68.185
100.429
67.925
67.664
68.237
66.362
67.091
65.998
69.123
68.966
67.664
65.685
67.977
102.876
64.538
68.654
69.488
67.039
65.216
68.966
67.143
68.446
66.779
67.351
68.967
68.811
64.904
68.133
66.726
68.706
67.092
67.300
69.747
66.362
67.195
67.925
96.782
67.612
66.414
68.550
68.289
67.404
65.893
66.466
70.372
65.268
67.873
67.039
94.230
66.935
69.956
70.425
67.508
66.935
68.394
65.841
67.873
69.487
64.695
68.653
96.470
67.560
67.769
68.186
68.602
67.456
71.675
67.612
68.445
66.206
67.248
67.612
64.435
66.049
68.081
69.070
68.810
69.331
66.466
66.309
67.195
67.664
70.008
96.157
69.435
64.487
66.518
71.154
69.071
69.800
64.279
65.946
68.289
68.446
67.977
100.845
69.643
68.914
68.446
65.007
65.789
66.934
68.029
69.956
65.737
67.977
95.012
68.029
66.623
66.518
68.342
62.403
65.789
66.675
68.967
69.123
67.873
66.675
97.095
66.518
67.872
66.623
66.779
66.882
65.112
67.508
67.612
67.977
67.613
68.550
100.949
68.029
70.216
64.852
65.841
67.143
67.977
63.601
66.674
67.612
70.686
68.758
98.710
65.216
66.258
67.612
66.466
67.768
63.132
67.612
64.643
64.852
66.310
65.164
98.084
69.435
67.352
68.915
66.101
66.101
67.039
66.049
66.622
68.445
62.924
67.977
65.476
67.091
66.154
64.956
67.039
65.163
67.144
64.852
67.664
64.279
68.081
65.268
65.373
66.414
69.592
67.821
67.613
69.019
68.759
68.185
68.706
66.206
68.550
100.064
66.518
67.352
65.112
67.039
68.081
64.017
70.373
67.195
66.309
70.425
66.205
66.987
66.987
65.997
66.831
70.477
70.112
67.143
69.695
66.987
68.862
67.039
93.031
68.185
67.299
69.695
69.019
65.008
67.872
65.685
67.404
68.393
66.726
67.091
100.585
65.216
68.497
64.486
67.664
65.945
66.153
66.518
68.758
66.779
67.248
66.675
93.500
68.133
65.060
68.654
64.487
69.592
63.601
65.945
67.456
66.518
66.362
67.976
100.585
70.686
67.613
69.175
67.976
63.445
67.352
68.602
66.258
67.300
67.195
68.966
67.404
67.768
66.205
66.154
67.612
66.935
68.445
68.446
66.987
68.133
67.143
94.855
66.622
68.862
69.435
67.977
66.049
66.935
67.039
66.935
68.289
68.966
66.362
97.459
68.758
68.550
66.987
65.633
67.508
67.248
70.060
65.528
69.435
66.778
68.394
68.706
65.945
67.560
66.935
67.247
66.935
67.456
69.071
64.955
64.435
69.904
95.844
67.091
71.623
69.904
68.342
66.519
65.737
67.039
65.997
68.393
67.612
71.415
93.970
68.862
69.383
67.560
70.060
69.071
68.342
67.560
67.560
67.039
68.341
67.768
95.532
65.633
67.247
67.977
67.092
67.196
67.404
66.935
65.007
69.279
67.924
68.966
71.362
65.268
66.154
69.487
67.352
69.018
66.622
69.643
69.539
68.341
66.518
96.469
66.258
68.238
68.133
69.852
66.726
70.269
68.550
67.768
65.685
67.664
68.341
65.685
67.717
66.779
70.633
68.393
67.039
68.028
69.800
63.809
66.570
66.414
95.532
66.205
67.977
70.842
67.299
69.748
68.185
66.882
68.133
68.602
66.362
70.790
99.595
66.570
65.424
67.195
67.404
66.414
68.394
68.653
66.362
67.039
68.758
69.279
94.386
66.779
66.362
64.591
66.414
68.237
67.299
66.987
66.466
69.071
66.310
66.519
99.491
68.029
69.018
68.185
65.580
68.550
66.987
65.841
67.768
70.686
68.394
99.283
68.706
64.955
68.602
67.612
66.206
66.883
66.675
68.185
66.935
64.851
66.935
93.813
67.351
66.779
67.039
66.205
67.560
70.060
68.394
64.643
70.373
66.570
66.310
94.907
66.987
68.237
68.394
65.737
67.716
65.946
65.998
68.498
68.185
67.143
103.137
67.300
66.570
67.560
68.915
67.664
67.873
68.394
65.633
67.299
63.914
68.238
96.053
66.623
68.394
66.309
67.352
68.290
66.831
67.455
69.644
65.164
65.268
68.289
97.720
69.019
66.883
65.320
69.123
67.508
66.050
66.467
69.488
68.915
68.237
70.945
101.679
65.268
70.893
67.143
67.195
66.414
69.175
68.706
68.185
67.508
67.403
104.179
69.175
66.362
67.299
65.060
69.070
67.404
68.290
67.717
68.759
69.488
69.696
99.282
66.571
68.654
66.049
64.799
67.716
67.196
63.601
68.498
68.341
68.445
68.029
93.396
69.383
68.966
66.310
66.153
68.862
65.320
64.591
68.601
66.414
67.195
66.935
100.324
68.706
66.257
66.206
68.810
66.570
66.309
71.832
68.393
66.883
66.102
96.521
66.466
66.570
69.071
67.612
69.227
66.518
67.612
66.414
65.424
69.070
67.404
102.043
66.987
68.029
68.914
67.143
65.841
67.299
69.071
63.237
66.049
67.143
66.206
102.928
69.331
66.935
66.622
66.674
69.227
68.029
68.966
66.362
66.362
66.623
100.429
67.404
69.695
67.716
67.456
66.414
65.476
69.227
64.695
68.706
68.549
66.935
98.866
67.664
67.195
67.352
68.394
68.133
64.800
63.966
68.914
64.226
66.831
65.476
94.646
65.528
66.935
65.581
65.112
65.424
65.632
67.664
68.810
69.435
68.185
67.404
91.260
64.956
63.705
66.778
68.133
65.268
65.684
66.727
67.560
65.164
68.133
64.278
70.216
66.206
66.675
66.883
65.737
66.414
68.237
67.872
65.528
68.550
67.143
93.344
69.227
67.925
69.436
67.977
68.080
67.925
67.091
65.216
