245.133
204.138
234.871
201.170
202.159
197.523
224.036
196.846
197.940
195.856
198.565
198.148
195.440
197.419
197.731
223.307
198.096
195.023
193.981
198.513
197.628
195.960
195.960
193.877
226.120
193.721
195.595
196.481
195.856
221.797
193.877
197.575
196.950
222.422
193.564
192.731
195.700
194.502
221.172
194.970
195.492
193.929
225.495
191.949
194.815
189.866
193.304
220.651
193.981
193.200
192.053
216.327
194.710
193.200
195.387
193.564
221.223
192.471
193.199
190.699
193.616
219.452
193.877
193.877
194.086
222.214
192.626
194.294
190.960
192.679
219.609
192.106
191.377
192.887
219.296
192.262
193.981
194.293
190.387
220.599
194.658
193.303
192.679
193.460
195.595
192.471
194.710
195.647
222.787
195.231
193.668
193.095
191.533
220.807
192.262
194.242
191.324
225.079
191.116
192.418
191.637
194.450
190.231
193.408
191.637
192.366
220.181
193.720
192.314
191.064
192.574
222.578
192.001
194.762
193.877
219.036
196.325
192.002
192.939
191.220
221.172
193.408
193.148
193.096
190.334
193.199
191.168
193.408
194.502
222.630
193.148
192.523
192.783
193.148
219.661
192.210
194.137
191.741
217.526
193.147
191.689
190.282
194.346
222.995
190.335
191.845
192.157
192.939
192.418
190.907
193.825
191.168
219.661
193.096
190.647
193.564
191.793
222.109
192.939
193.304
192.001
215.442
192.783
194.867
195.022
191.220
223.203
191.116
193.148
191.272
220.234
195.439
192.210
191.846
192.419
223.047
194.398
192.523
193.616
193.616
222.161
192.783
192.470
192.991
222.994
190.230
192.471
193.096
189.761
219.244
191.845
191.897
192.418
216.588
192.262
195.179
194.658
195.648
223.568
193.981
191.845
189.606
193.461
190.700
190.700
192.314
193.408
221.432
191.428
192.106
192.992
193.148
221.015
191.897
193.096
192.575
217.004
195.596
193.929
193.616
192.574
220.078
192.574
192.522
192.158
194.189
195.231
195.127
190.960
191.793
223.515
191.741
191.585
191.012
192.054
224.453
192.158
190.751
189.136
217.265
191.637
190.855
192.627
190.960
220.182
189.918
192.835
191.220
193.929
192.887
189.970
190.178
191.377
221.484
192.835
193.356
192.731
191.793
221.380
193.981
192.991
192.314
214.244
195.857
192.991
192.262
192.887
221.484
191.428
191.376
188.824
190.751
220.703
190.647
189.189
192.627
224.140
192.991
194.085
192.679
192.783
220.390
192.992
193.929
193.512
215.910
191.742
192.835
192.418
195.439
223.672
192.731
188.615
196.325
193.564
215.963
193.043
193.512
192.210
222.214
192.210
188.928
190.022
191.220
221.745
192.366
192.366
192.054
218.619
189.345
190.178
189.605
189.918
220.338
192.210
192.053
191.793
193.772
193.721
194.346
193.616
193.356
220.338
193.721
193.200
191.585
192.418
223.516
192.314
190.804
193.043
217.317
191.168
191.950
190.907
190.699
221.901
194.866
196.169
193.616
217.421
195.179
193.096
192.419
195.022
222.526
194.502
192.888
192.471
194.502
221.119
193.304
193.200
190.751
222.890
193.773
194.294
193.356
193.669
222.110
191.637
193.356
193.565
216.744
192.366
192.887
192.731
192.939
221.484
192.887
194.449
191.012
191.949
219.817
192.679
192.835
195.075
226.954
194.085
193.147
192.783
191.011
221.016
190.959
192.314
191.585
220.026
195.075
192.939
191.116
190.804
219.504
193.408
192.887
192.522
193.824
194.137
194.085
193.356
194.294
222.161
193.721
193.825
195.856
194.449
195.388
193.095
193.408
193.617
221.589
194.606
192.627
192.887
193.356
222.266
194.241
191.585
194.346
220.443
194.502
191.064
193.356
192.887
222.734
195.596
192.106
190.543
220.026
193.669
194.085
193.408
193.252
221.328
193.981
193.616
192.783
194.033
192.731
193.877
191.949
194.085
224.401
194.033
192.678
193.825
192.471
220.234
191.533
194.450
191.481
218.515
192.783
194.085
193.616
191.793
220.338
193.512
188.876
195.075
190.804
192.002
192.470
190.491
192.053
221.901
189.189
192.939
193.564
192.939
221.224
194.971
193.044
192.783
222.318
195.700
189.032
190.439
191.637
221.640
192.158
192.418
194.085
190.491
193.304
192.366
191.845
192.418
221.953
192.731
193.929
193.147
191.012
220.651
193.096
192.418
193.356
221.588
192.001
189.136
192.835
193.043
220.546
193.096
192.575
190.908
217.004
192.366
191.585
191.220
194.866
218.776
192.314
192.054
191.793
192.366
218.306
191.898
193.773
190.074
222.110
193.356
191.376
192.627
193.512
221.849
191.949
194.866
189.762
215.390
192.574
194.450
192.991
191.272
222.787
193.512
192.939
190.699
191.324
218.202
192.887
193.356
189.397
219.869
191.793
191.116
189.918
191.481
221.432
194.190
193.408
194.554
213.983
192.470
190.439
193.408
192.522
222.682
192.887
193.304
196.846
194.502
218.515
192.887
192.002
193.668
221.380
190.908
191.168
192.054
193.200
224.297
191.741
192.992
190.127
216.744
192.210
194.710
191.377
191.637
222.422
191.637
194.398
194.450
192.783
218.463
194.502
192.002
193.616
224.557
192.783
193.825
190.856
192.940
224.089
192.106
193.616
191.584
223.985
193.252
192.262
192.470
193.773
219.818
193.304
191.845
195.387
217.994
192.678
192.002
193.512
191.897
221.275
191.846
191.637
193.617
193.200
192.835
190.335
194.762
191.949
222.682
193.044
193.200
190.856
192.470
220.755
193.199
193.356
192.470
218.984
192.471
192.678
191.585
190.439
222.317
192.887
194.815
194.398
191.741
194.762
194.606
193.460
192.262
224.037
192.574
194.970
196.794
195.492
222.526
192.106
193.668
192.992
221.328
195.179
194.190
193.408
192.835
219.661
194.345
193.825
193.981
213.671
193.303
192.731
194.449
192.106
223.359
194.241
194.606
192.053
190.387
196.429
194.397
192.731
192.731
222.943
192.574
189.501
192.366
190.959
222.526
190.439
193.044
194.137
216.692
196.065
191.950
190.856
193.460
221.015
191.168
192.574
190.803
192.939
193.513
189.449
195.856
190.022
221.536
192.991
194.554
194.970
196.586
194.033
192.106
195.752
192.158
222.942
192.939
192.887
191.376
193.356
224.453
195.700
194.086
193.617
223.984
190.334
192.262
193.929
195.336
218.776
191.532
191.897
193.200
218.515
192.470
190.907
196.898
191.584
221.016
194.241
193.668
192.991
192.783
221.640
193.460
192.210
194.293
219.661
191.950
192.731
193.929
190.335
221.120
189.658
194.970
193.147
219.557
195.283
194.085
190.491
190.491
221.015
192.991
192.991
189.397
191.064
220.547
190.491
192.002
190.231
223.411
192.262
191.481
191.846
190.596
219.036
193.044
190.439
191.220
219.453
194.033
194.137
194.241
193.669
222.787
192.731
192.106
193.303
191.898
219.088
193.669
195.179
192.731
223.359
193.981
193.043
191.116
194.033
223.464
192.782
194.502
193.876
215.234
193.408
194.502
193.304
192.991
221.432
191.012
190.751
191.637
215.963
193.721
191.533
191.273
192.992
219.036
196.637
193.460
193.564
194.294
221.536
194.345
189.605
192.887
222.578
191.689
191.220
195.179
194.710
219.088
191.846
192.366
191.376
216.275
193.043
192.991
194.345
191.950
220.026
192.158
193.669
192.835
191.845
217.265
193.772
191.324
193.877
222.683
193.981
192.679
194.606
194.711
221.744
192.210
192.366
191.950
217.733
193.200
193.044
190.700
193.772
221.432
193.147
194.398
190.752
191.273
223.620
193.460
194.397
191.324
222.370
194.606
191.793
194.606
193.460
221.536
189.970
192.887
192.314
214.869
195.492
192.158
195.544
194.867
219.974
197.731
193.355
192.835
190.960
193.721
190.230
190.438
190.856
219.557
191.845
192.887
192.210
194.971
221.328
192.939
193.095
193.460
218.515
191.272
193.981
192.314
191.325
221.588
193.147
193.200
193.721
216.744
196.168
190.751
190.543
194.449
220.964
196.065
192.366
193.617
190.543
194.241
194.085
191.897
192.939
222.317
194.763
193.044
192.366
192.627
219.348
191.376
192.523
193.617
217.005
190.387
192.210
196.221
193.044
222.162
194.085
195.074
193.616
217.890
195.752
193.512
194.814
192.262
221.171
189.606
191.221
193.356
192.054
222.213
190.335
191.637
189.762
220.025
192.418
192.992
191.533
192.887
223.099
195.440
191.064
190.700
215.911
190.491
192.575
191.794
191.845
220.547
191.585
192.418
195.283
194.554
221.849
192.418
191.481
194.659
222.943
194.398
191.533
192.470
192.418
223.672
193.460
193.356
195.439
214.973
193.669
190.959
191.846
193.565
221.745
194.970
195.700
193.772
191.064
220.442
192.470
193.304
194.606
222.683
193.929
192.627
192.418
