17.710
19.429
18.752
18.857
19.117
18.961
19.116
18.960
19.013
18.805
18.909
19.013
19.013
19.116
18.700
18.908
18.804
18.440
18.752
18.857
18.961
19.013
18.752
18.909
18.700
18.804
18.805
18.596
42.453
13.908
18.752
18.908
18.700
18.857
18.908
18.908
18.700
19.117
18.596
18.700
18.700
18.752
18.544
18.700
18.804
18.595
18.648
18.543
18.700
18.492
19.065
19.012
18.700
18.701
18.492
18.648
18.701
18.908
41.828
13.699
17.814
17.710
18.908
18.439
18.752
18.909
18.805
18.492
18.856
18.700
18.648
18.804
18.753
18.700
18.753
18.283
19.013
18.596
18.908
18.387
18.960
18.284
18.596
18.701
18.544
18.492
18.752
18.648
45.995
19.325
18.595
18.440
18.492
18.492
18.284
18.648
18.283
18.700
18.648
18.752
18.596
18.753
18.805
18.908
18.596
18.388
18.700
18.804
18.440
18.804
19.013
18.804
18.544
18.596
18.596
18.908
16.773
18.752
18.283
18.701
19.169
18.701
18.857
18.648
18.439
18.596
18.648
18.387
18.700
18.388
18.544
18.596
18.492
18.596
18.596
18.544
18.283
18.908
18.283
18.388
18.440
18.283
18.596
18.491
18.335
51.412
13.387
18.336
18.388
18.700
18.596
18.595
18.544
18.492
18.544
18.961
18.336
18.648
18.544
18.283
18.595
18.023
18.336
18.492
18.492
17.918
18.596
18.648
18.335
18.284
18.492
18.596
18.284
18.439
18.440
49.797
18.596
16.617
18.596
18.491
18.596
18.596
18.492
18.387
18.700
18.284
18.700
18.335
18.700
18.388
18.284
18.336
18.648
18.284
18.388
18.232
18.961
18.440
18.805
18.388
18.700
18.388
18.388
18.804
50.683
18.283
18.283
18.700
18.544
18.440
18.283
18.387
18.492
18.648
18.335
18.439
19.012
18.596
18.544
18.596
18.127
18.492
18.075
18.857
18.231
19.116
18.388
18.752
18.439
18.283
18.544
18.492
18.440
18.284
17.189
18.388
18.179
18.648
18.909
18.388
18.596
18.284
18.752
18.179
18.284
18.596
18.336
18.752
18.491
18.492
18.284
18.440
18.231
18.596
18.127
18.492
18.335
18.596
18.284
18.440
18.544
18.231
18.387
53.131
13.439
18.596
18.491
18.127
18.336
18.700
18.491
18.283
18.596
18.700
18.492
18.595
18.544
18.388
18.440
18.388
18.596
18.492
18.283
18.491
18.544
18.127
18.283
18.491
18.283
18.700
18.388
18.387
18.648
43.911
16.825
18.388
18.700
18.284
18.492
18.440
18.023
18.596
18.283
18.544
18.440
18.492
18.440
18.387
18.804
18.180
18.284
18.492
18.179
18.700
18.335
18.804
18.440
18.700
18.439
18.596
18.440
18.544
55.059
13.387
18.596
18.752
18.387
18.648
18.388
18.492
18.284
18.440
18.648
18.595
18.596
18.596
18.336
18.544
18.387
18.127
18.439
18.700
18.179
18.492
18.231
18.179
18.595
18.700
18.492
18.700
18.336
18.388
47.610
13.231
18.596
18.231
18.492
18.335
18.648
18.231
18.284
18.283
18.491
18.596
18.388
18.596
18.335
18.492
18.023
18.388
18.440
18.544
18.544
18.492
18.232
18.492
18.700
18.023
18.753
18.596
18.596
18.648
46.099
13.283
18.284
18.440
18.492
18.284
18.127
18.179
18.805
18.596
18.284
18.909
18.440
18.127
18.492
18.491
18.387
18.492
18.492
18.492
18.440
18.284
18.388
18.544
18.128
18.492
18.700
18.492
18.388
47.714
12.085
19.012
18.492
18.283
18.701
18.179
18.283
18.388
18.336
18.336
18.284
18.336
18.335
18.075
18.335
18.387
18.335
18.595
18.439
18.596
18.492
18.232
18.596
18.648
18.284
18.440
18.388
18.492
18.075
54.954
13.127
18.335
18.335
18.387
18.440
18.388
18.180
18.700
18.335
18.492
18.179
18.544
18.596
18.648
18.492
18.544
18.180
18.023
18.231
18.596
18.492
18.388
18.388
18.283
18.492
18.388
18.127
18.284
18.544
48.287
12.606
18.440
18.544
18.544
18.596
18.440
18.283
18.543
18.804
18.753
18.388
18.596
18.543
18.387
18.596
18.596
18.336
18.336
18.336
18.492
18.440
18.544
18.284
18.127
18.492
18.231
18.283
18.283
49.485
12.553
18.596
18.440
17.919
18.856
18.283
18.232
18.596
18.388
18.232
18.336
18.492
18.596
18.075
18.336
18.231
18.283
18.440
18.492
18.335
18.284
18.596
18.491
18.336
18.388
18.127
18.387
18.439
18.491
53.600
12.918
18.075
18.752
17.918
18.127
18.283
18.492
18.439
18.908
18.439
18.387
18.491
18.440
18.179
18.283
18.440
18.336
18.284
18.752
18.491
18.596
18.284
18.336
18.127
18.283
18.387
18.648
17.971
18.544
49.121
16.616
18.127
18.283
18.700
18.232
18.231
18.596
18.076
18.492
17.971
18.387
18.388
18.284
18.492
18.127
18.388
18.232
18.075
18.023
18.179
18.596
18.596
18.544
18.440
18.491
18.231
18.231
18.179
18.179
45.734
17.606
18.283
18.127
18.596
18.492
17.971
18.283
18.180
18.700
18.023
18.336
18.700
18.439
18.283
18.596
18.544
18.179
18.439
18.491
18.283
18.231
18.387
18.128
18.388
18.388
18.648
18.387
18.283
54.694
13.491
18.284
18.596
18.439
18.283
18.388
18.127
18.388
18.179
18.491
18.283
18.491
18.075
18.492
18.283
18.284
18.388
18.440
18.179
18.387
18.231
18.075
17.971
18.388
18.388
18.284
18.075
18.179
18.701
46.880
12.606
18.700
18.336
18.596
18.439
18.491
18.440
18.388
18.388
18.388
18.335
18.179
18.388
18.179
18.335
18.492
18.544
18.388
18.492
17.971
18.127
18.388
18.336
18.440
18.179
18.440
18.440
18.231
18.179
48.548
12.657
18.440
18.179
18.596
18.388
18.440
18.700
18.179
18.283
18.388
18.596
18.179
18.232
18.492
18.335
18.544
18.231
18.127
18.596
18.336
18.440
18.283
18.440
18.127
18.283
17.918
18.492
18.335
55.163
12.657
18.492
18.283
18.283
18.596
18.180
18.231
18.231
18.283
18.491
18.283
18.387
18.648
18.388
18.335
18.491
18.700
18.492
18.335
18.596
18.335
18.283
18.231
18.284
18.648
18.283
18.596
18.388
18.492
54.382
13.439
14.377
18.440
18.336
18.492
18.335
18.127
18.388
18.388
18.492
18.387
18.179
18.335
18.440
18.700
18.335
18.336
18.284
18.232
18.283
18.543
18.544
18.492
18.335
18.387
18.595
18.388
18.388
18.179
53.548
13.491
17.398
18.491
18.283
18.336
18.283
18.439
18.335
18.335
18.387
18.283
18.336
18.336
18.596
18.075
18.283
18.335
18.284
18.388
18.388
18.440
18.596
18.180
18.492
18.492
18.284
18.700
18.179
54.902
13.387
18.179
18.544
18.440
18.700
18.700
18.336
18.388
18.336
18.127
18.492
18.440
18.388
18.596
18.596
18.440
18.387
18.492
18.179
18.492
18.231
18.439
18.127
18.492
18.231
18.335
18.387
18.440
18.492
45.786
16.409
18.127
18.440
18.179
18.284
18.232
18.075
18.439
18.283
18.335
18.595
18.283
18.232
18.492
18.127
18.752
18.231
18.439
18.387
18.544
18.440
18.075
18.700
18.388
18.440
18.179
18.335
18.596
18.179
47.401
17.606
18.231
18.231
18.023
18.284
18.023
18.544
18.492
18.492
18.492
18.544
18.336
18.336
18.232
18.440
18.492
18.127
18.700
18.440
18.179
18.283
18.336
18.023
18.335
18.804
18.127
18.388
18.179
18.179
46.099
18.544
16.409
18.492
18.179
18.284
18.179
18.127
18.388
18.596
18.283
18.387
18.596
18.700
18.387
18.440
18.075
18.388
18.388
17.815
18.544
18.544
18.856
18.179
18.388
18.492
18.336
18.336
18.544
46.412
17.710
18.387
18.283
18.491
18.492
18.388
18.492
18.544
18.022
18.336
18.492
18.595
18.544
18.804
18.075
18.284
18.440
18.388
18.127
18.179
18.231
18.648
18.284
17.919
18.388
18.284
18.388
18.283
18.752
49.173
13.283
18.283
18.439
18.283
18.283
18.387
18.648
18.179
18.075
18.492
18.439
18.179
18.544
18.701
18.179
18.439
18.492
18.283
18.388
18.544
18.492
18.180
18.440
18.752
18.232
18.388
18.388
18.336
18.388
14.169
15.315
18.491
18.439
18.179
18.232
18.388
18.336
18.284
18.596
18.387
18.335
18.283
18.283
18.805
18.283
18.283
18.543
18.127
18.595
18.596
18.544
18.180
18.492
