747.431
678.881
704.510
704.561
701.644
674.819
704.301
701.332
672.474
702.009
704.040
696.384
674.401
701.853
703.572
673.204
701.696
706.750
707.791
673.933
708.104
706.853
674.506
707.114
706.802
675.703
673.777
706.958
707.166
673.308
706.697
706.749
674.141
706.957
706.593
707.478
672.579
705.812
709.041
673.828
705.135
706.905
706.176
672.527
705.603
705.916
673.933
704.457
705.291
706.176
674.818
705.551
705.238
674.766
706.437
707.687
706.957
673.568
705.968
706.853
673.359
707.166
705.864
705.812
674.089
705.395
706.333
673.672
708.103
708.155
701.905
673.777
707.010
706.489
673.203
707.322
708.416
674.766
675.392
709.458
707.791
673.255
705.864
709.718
675.027
707.218
706.332
708.521
673.360
707.374
706.228
675.235
708.781
709.093
707.010
672.423
708.208
707.739
672.110
705.395
707.687
706.281
672.370
708.468
706.541
673.881
706.906
705.863
706.541
672.631
708.728
706.645
671.693
707.218
708.208
707.739
675.131
708.625
707.218
673.932
707.010
705.343
707.634
674.194
706.228
708.520
673.985
706.957
707.739
708.468
674.141
707.947
707.895
673.204
708.520
707.478
706.489
675.183
706.489
706.072
675.860
706.801
707.114
707.114
675.912
707.739
707.478
673.933
707.270
708.260
707.479
674.558
708.416
712.896
674.193
707.999
708.052
702.217
674.142
707.896
705.291
675.861
709.822
708.312
704.770
674.923
707.218
708.520
673.204
707.323
707.478
712.010
673.673
708.416
709.979
675.236
709.406
706.437
674.245
673.516
706.802
703.988
673.829
703.780
707.270
672.682
706.957
707.583
703.936
671.797
705.447
707.166
672.631
706.645
706.488
705.811
673.308
704.770
707.166
672.630
704.249
706.645
702.790
673.048
707.375
706.280
673.308
709.770
707.270
705.811
674.454
703.780
704.874
672.266
706.853
707.062
702.269
674.714
707.635
707.009
674.038
703.051
705.395
704.718
674.037
706.332
707.426
672.371
706.124
705.551
675.339
674.818
706.958
703.989
675.756
706.853
706.801
673.048
705.968
705.290
705.864
672.058
705.915
705.916
672.995
705.708
707.010
708.260
672.943
706.905
704.666
673.568
707.530
707.375
706.593
674.714
707.947
707.426
675.495
706.697
706.645
705.655
673.412
706.020
706.176
672.839
707.166
708.884
705.187
671.328
708.521
707.374
675.495
708.416
707.948
703.103
674.246
706.645
704.979
672.786
706.384
705.759
672.787
674.558
705.238
705.707
671.797
708.155
706.437
673.568
706.801
706.906
706.645
672.943
706.280
705.603
671.953
707.114
706.697
706.332
672.891
703.728
706.385
672.057
706.854
707.322
707.166
673.933
708.052
705.186
674.350
705.811
706.957
704.926
672.005
705.603
706.489
672.631
705.082
706.437
706.697
674.610
706.749
707.582
673.672
707.478
708.677
703.467
673.725
706.385
709.614
676.225
706.593
707.427
703.259
674.974
706.958
708.051
674.610
708.781
707.166
709.614
674.506
705.864
707.426
675.600
705.968
707.322
672.630
672.370
707.634
706.541
673.100
705.915
705.968
673.308
705.134
705.864
706.436
672.058
705.447
706.384
672.214
704.301
706.176
704.874
673.620
704.717
705.864
672.943
705.707
706.749
699.457
673.152
705.082
702.791
672.891
706.177
707.582
700.811
672.839
702.998
705.082
672.734
707.895
706.124
673.569
707.166
708.156
703.676
673.569
707.634
706.593
671.693
705.239
705.603
706.853
674.037
704.873
704.979
674.558
702.791
705.134
705.082
673.621
707.009
707.270
673.881
706.280
704.562
700.394
673.152
706.802
704.665
672.891
707.323
705.082
701.436
674.245
704.978
706.697
673.725
706.228
706.280
705.083
673.673
705.447
704.249
671.276
704.666
704.301
672.682
674.297
705.343
705.707
672.735
704.509
704.092
671.746
704.821
708.156
706.280
673.151
707.947
706.749
673.204
708.155
706.020
707.374
672.370
707.427
704.769
672.996
705.603
705.291
706.124
672.318
707.114
706.437
673.308
706.177
706.332
703.520
672.943
703.051
707.843
671.276
706.176
709.458
700.082
673.308
706.384
708.208
673.256
707.426
705.395
673.985
707.322
706.697
707.114
672.266
705.499
705.916
673.985
706.333
706.645
705.811
674.142
709.666
707.114
672.787
705.915
706.489
707.010
672.110
706.593
706.072
673.933
704.874
706.072
706.802
672.995
703.467
708.364
673.985
705.082
709.197
701.541
672.891
706.124
705.187
671.485
705.759
706.124
706.333
673.047
708.208
705.812
672.578
705.968
706.645
673.933
674.037
706.749
707.218
672.579
706.384
708.052
710.239
673.048
707.426
704.197
672.631
707.009
706.645
672.891
706.176
707.687
707.739
673.307
707.166
704.718
672.891
706.749
706.437
707.947
673.308
705.290
705.082
672.422
704.041
705.967
705.134
672.787
703.519
707.166
672.995
706.958
704.874
698.415
672.526
707.739
706.437
673.568
705.134
707.427
700.655
673.359
707.165
704.041
673.568
708.156
706.958
672.996
704.770
706.697
705.186
672.214
705.499
708.364
673.204
702.842
707.635
706.593
673.881
707.791
707.686
674.194
707.999
707.322
706.124
673.725
708.364
703.832
674.298
705.082
708.937
707.009
673.100
705.863
705.394
671.068
706.176
706.384
700.134
672.631
705.134
707.947
672.214
705.603
702.478
709.771
671.068
706.020
704.770
671.641
704.093
704.145
672.057
705.916
705.655
703.936
673.621
707.635
705.863
672.579
705.134
707.270
705.499
674.089
706.697
704.874
672.787
706.124
706.437
707.322
675.964
707.531
707.530
672.891
707.791
707.791
708.208
675.599
708.260
708.468
673.621
707.322
707.009
704.405
672.214
705.447
706.020
672.526
702.999
703.468
704.458
671.849
704.457
707.531
672.839
704.665
705.135
708.989
672.266
706.176
704.510
673.620
708.729
704.769
673.048
705.603
704.666
707.322
672.683
707.634
707.113
673.047
704.926
707.687
706.905
672.422
706.749
705.499
673.672
707.009
704.770
706.749
671.329
705.395
706.280
673.985
706.749
707.478
701.540
672.109
706.124
705.603
674.089
705.915
705.863
705.604
672.839
706.020
708.677
671.745
705.812
705.916
673.412
672.839
704.457
707.114
670.808
705.083
705.291
671.016
705.134
702.842
705.604
673.204
703.520
705.134
672.058
703.416
704.145
704.509
670.599
707.426
705.291
671.693
706.385
704.301
705.343
671.693
704.770
706.281
672.266
704.197
704.510
701.488
672.266
707.687
705.395
671.693
704.978
706.905
671.954
672.006
705.030
706.489
672.110
702.999
704.822
672.996
705.394
706.073
705.603
671.954
705.707
705.864
671.276
704.561
703.467
704.509
671.433
707.582
706.177
671.693
703.364
703.311
699.353
672.266
706.697
705.499
672.839
706.072
705.135
706.229
670.703
705.760
707.426
671.953
705.291
705.239
672.370
705.915
704.144
707.166
672.370
703.051
705.968
671.953
703.155
703.832
704.145
671.588
703.207
705.708
670.912
706.384
703.780
703.416
671.953
706.801
705.343
672.995
704.926
703.311
705.760
671.016
705.968
703.780
672.787
705.186
705.447
672.318
707.530
706.177
708.104
672.475
707.948
705.759
673.151
705.604
705.031
699.405
672.735
704.874
707.166
672.839
705.655
707.010
707.739
672.422
705.916
705.968
671.120
707.478
706.020
706.593
672.214
704.926
706.854
672.683
707.374
705.499
706.437
671.953
706.124
705.604
671.693
705.447
707.948
701.592
673.360
704.978
707.061
672.839
704.353
706.020
671.484
671.433
705.343
704.405
671.276
705.447
705.186
671.902
707.113
704.874
704.718
673.203
705.551
704.041
671.068
704.718
706.801
705.708
672.787
705.655
705.031
670.078
704.822
705.499
702.113
671.328
703.051
705.760
671.120
704.353
703.936
670.599
672.266
706.697
705.187
671.485
703.676
703.415
671.016
706.176
706.020
704.405
672.527
704.665
704.145
672.683
704.666
706.489
705.968
673.672
706.645
707.583
673.620
705.499
702.842
700.342
672.005
705.135
706.176
673.464
704.457
702.895
708.780
671.433
706.854
704.770
672.578
707.635
705.030
672.162
705.708
706.697
706.072
671.380
704.145
706.020
671.380
705.499
705.343
706.437
674.610
706.280
704.874
673.725
704.717
706.697
706.541
672.631
707.426
706.593
673.516
705.759
705.500
708.833
673.412
705.551
706.280
674.506
706.020
707.531
705.915
673.516
707.166
707.426
674.194
705.239
706.489
703.415
673.256
708.416
706.906
673.724
708.625
706.853
701.853
673.932
705.551
705.915
672.266
706.801
706.541
671.693
671.954
707.947
706.593
672.474
704.718
704.301
672.162
705.551
706.697
706.228
674.350
707.009
708.885
674.714
705.603
706.489
701.332
673.828
