22.451
20.784
26.410
22.659
21.513
21.982
21.461
21.096
21.513
21.721
21.513
21.513
22.815
21.200
21.461
22.294
15.627
16.408
22.815
21.721
21.097
20.783
21.929
22.450
22.086
21.201
21.617
22.555
21.513
22.034
22.242
21.773
20.888
21.565
21.721
21.773
20.992
21.930
21.408
20.940
50.474
19.794
21.409
22.034
21.200
21.721
21.930
20.575
20.835
21.148
22.503
21.305
21.357
21.826
21.044
21.408
21.981
21.148
21.722
21.096
21.357
21.409
21.409
21.409
55.059
22.347
20.628
22.138
22.034
20.836
21.460
21.773
22.399
21.148
20.888
21.044
21.461
21.409
21.669
21.618
21.513
21.617
20.992
21.773
21.513
22.138
21.669
21.409
50.423
22.450
22.190
21.878
21.357
21.044
21.565
21.513
21.982
21.721
22.034
21.617
21.721
21.773
21.721
22.347
21.774
22.294
21.929
22.399
21.565
20.784
21.721
49.850
22.451
20.888
21.774
21.565
21.304
21.669
21.513
22.347
21.721
21.565
22.138
22.086
21.408
21.304
20.783
21.617
21.409
21.721
21.565
21.513
22.295
20.992
20.888
52.506
20.940
21.669
21.044
21.408
21.981
22.086
21.044
21.929
21.513
20.940
21.930
20.992
21.149
20.888
21.200
22.867
22.086
21.721
21.044
20.836
20.888
21.097
21.513
53.600
21.201
21.982
22.138
21.877
21.253
21.149
21.304
21.617
21.148
22.086
21.096
21.044
21.305
21.982
21.930
20.523
21.252
22.086
22.294
20.888
21.200
21.304
21.565
55.111
19.273
21.565
21.617
21.200
21.357
21.460
22.190
21.617
22.138
21.669
21.304
21.096
21.565
21.669
20.992
21.253
21.773
22.190
21.826
22.346
21.513
20.419
20.680
20.888
23.023
19.794
21.722
20.575
22.242
22.190
20.992
21.565
21.982
21.461
21.097
20.940
21.774
20.992
20.888
20.992
21.305
21.513
20.992
20.575
21.982
21.096
21.096
19.274
20.992
21.565
21.773
21.982
21.304
21.357
22.191
20.888
21.096
21.617
21.304
20.940
21.930
21.617
21.044
20.679
22.502
21.618
21.982
21.982
21.617
21.826
21.305
49.693
21.252
21.929
21.721
21.878
21.096
21.409
22.034
22.607
20.784
21.878
22.242
20.472
21.096
21.513
21.304
21.357
22.399
21.773
20.992
21.409
20.628
21.877
21.512
54.173
21.513
21.253
20.575
21.408
21.565
21.200
22.190
20.575
21.357
22.086
22.190
21.201
21.513
20.836
21.408
21.148
21.669
20.888
22.138
22.034
22.399
21.044
21.305
21.305
15.731
21.982
21.149
21.617
21.512
22.398
22.294
21.409
21.513
21.357
21.513
22.086
21.409
21.617
21.981
20.992
21.200
22.242
21.930
21.982
20.784
22.763
20.888
19.586
21.826
20.992
21.722
21.305
21.201
21.929
21.773
21.877
20.940
20.888
20.575
22.190
20.836
21.565
21.253
21.513
21.357
21.513
20.888
21.305
21.253
22.190
22.399
17.971
20.835
21.513
21.357
21.461
21.305
22.711
21.669
21.096
21.617
20.575
22.034
22.138
21.773
21.305
21.044
20.888
21.669
21.460
20.783
21.200
20.784
21.826
21.304
17.086
17.398
20.523
21.201
22.451
21.930
21.981
21.252
21.825
21.409
21.513
20.523
21.461
21.669
23.284
21.045
22.190
21.461
21.357
21.617
21.096
21.357
21.201
56.986
22.867
20.263
21.252
21.304
22.295
22.034
22.034
21.565
21.929
21.981
21.356
21.305
22.295
21.929
21.356
22.294
21.305
20.732
20.940
21.305
22.138
22.138
22.086
50.006
22.191
21.773
21.981
21.981
20.471
21.773
21.513
20.784
21.565
21.409
21.253
22.346
21.930
21.773
21.982
21.304
21.408
20.992
21.669
21.045
21.357
21.201
20.575
57.038
22.086
21.201
21.148
22.554
21.669
21.826
20.992
21.409
21.408
21.773
20.888
21.565
21.669
22.294
21.617
21.461
21.878
21.878
21.982
21.305
20.940
20.888
21.096
55.266
22.607
21.408
21.513
21.617
21.981
21.773
21.201
22.399
21.617
21.305
21.878
21.409
22.033
21.877
21.773
21.253
20.784
21.201
21.357
22.086
22.086
21.045
21.617
48.287
21.669
21.774
21.618
21.721
20.887
21.304
21.722
21.773
21.513
21.669
21.981
20.992
21.773
20.679
21.929
21.722
21.982
22.607
21.513
22.086
22.658
22.398
56.882
21.982
22.763
22.138
21.825
21.409
21.409
21.722
21.200
20.940
21.825
21.877
21.253
22.243
21.877
21.617
21.044
20.679
21.513
21.982
21.877
21.304
21.148
21.565
55.319
21.096
21.618
21.304
21.617
20.992
20.731
21.252
20.835
20.575
20.888
21.357
21.878
21.930
21.200
21.044
21.826
21.565
21.774
21.565
22.607
21.929
20.680
21.513
56.205
18.700
21.513
21.513
21.357
21.512
22.450
21.669
21.461
22.138
21.981
22.555
21.669
21.097
23.128
21.513
22.606
21.461
21.409
22.294
21.825
20.419
22.294
21.148
56.205
21.721
20.992
21.565
21.304
21.305
21.097
20.888
21.408
21.877
21.357
21.982
21.773
21.200
21.409
21.356
20.888
21.200
20.784
21.409
21.982
20.315
22.138
20.940
16.721
21.565
22.086
21.721
20.992
21.304
20.576
22.190
20.680
21.721
22.242
21.670
21.982
22.034
22.034
21.669
21.929
21.617
21.357
21.513
20.992
21.513
22.190
21.826
15.991
21.201
21.617
21.044
20.627
20.732
21.096
22.294
21.253
21.721
21.200
21.774
21.513
20.628
20.888
21.982
21.930
21.982
21.304
22.138
20.680
21.513
21.513
21.774
52.090
20.784
21.200
21.408
21.409
21.044
21.253
22.086
22.190
20.315
20.992
21.148
21.565
21.044
20.992
21.669
21.669
20.732
20.523
20.993
21.617
21.774
21.930
21.409
48.652
21.669
21.305
21.096
21.252
22.138
21.096
22.503
21.774
21.877
22.346
21.461
21.825
21.409
22.190
20.367
21.461
22.554
20.887
22.346
21.253
21.826
20.680
21.981
19.794
21.200
21.409
21.409
21.097
21.513
21.097
20.992
21.617
21.669
20.628
21.513
22.763
20.784
20.888
20.679
20.940
21.721
20.992
21.200
21.305
20.888
21.460
20.679
16.877
21.878
21.096
21.044
22.294
21.408
21.148
21.774
20.992
20.419
20.784
20.628
22.503
21.200
21.981
20.627
21.357
21.982
21.357
22.190
21.982
21.617
21.513
20.731
51.881
16.200
22.034
20.419
20.367
21.305
21.513
19.794
21.304
20.888
20.992
21.097
21.513
22.190
21.044
21.200
20.887
21.617
22.242
21.513
21.096
20.887
21.304
22.191
54.590
21.252
20.262
21.773
20.940
21.252
21.929
22.033
21.252
21.304
22.086
20.784
21.669
21.356
22.346
21.409
21.356
21.304
20.835
21.356
21.513
21.096
20.992
21.304
17.554
22.294
21.304
21.826
22.190
21.201
21.044
22.554
21.304
21.825
22.294
21.200
21.044
21.460
21.981
22.086
21.409
20.992
21.670
21.617
21.982
21.201
21.305
21.096
18.961
20.732
22.763
21.305
21.618
20.784
22.034
21.721
21.565
20.836
21.305
21.670
21.513
21.148
20.679
21.721
21.930
21.305
21.200
22.086
20.888
21.461
21.565
20.784
53.496
21.513
21.565
22.034
22.190
21.773
21.097
21.982
22.034
21.722
21.044
21.304
21.513
21.200
21.097
21.409
21.201
21.044
21.513
20.940
21.253
21.461
21.200
21.617
49.693
21.044
22.503
21.201
21.461
20.576
21.200
21.305
20.784
21.878
21.253
21.304
21.044
21.774
21.200
21.408
22.294
20.784
22.243
22.868
21.461
22.398
21.877
21.512
19.846
22.034
21.044
21.409
21.565
21.617
22.085
21.096
20.731
21.201
21.253
21.721
21.617
21.148
21.044
21.617
22.034
20.732
21.409
22.347
20.575
21.565
21.461
22.190
18.127
21.617
21.565
21.408
21.877
21.982
21.305
21.044
21.200
21.826
22.347
21.356
20.992
21.460
21.929
22.242
21.357
22.034
23.076
21.409
21.982
21.461
21.252
21.356
16.982
21.097
21.617
21.096
21.044
21.513
21.721
21.252
21.304
21.513
22.503
22.346
21.669
21.461
21.304
20.836
21.982
21.045
21.096
21.201
21.201
21.513
22.659
22.086
50.058
21.096
21.097
20.784
21.565
21.044
21.096
21.721
20.679
22.399
21.513
21.513
21.565
20.732
21.617
21.461
21.982
21.305
20.524
20.940
22.086
21.617
21.252
22.086
19.638
21.513
21.878
