9.533
9.428
9.116
8.595
8.595
9.271
9.115
7.969
9.429
9.115
8.022
8.022
8.594
8.022
7.918
7.969
8.699
8.022
9.480
9.116
8.022
8.751
8.022
44.119
9.011
8.594
7.918
8.074
7.918
7.970
7.918
8.647
7.917
7.918
8.074
8.699
8.022
8.022
7.969
8.595
7.970
8.803
6.198
9.324
7.970
8.074
8.699
8.021
9.376
8.074
7.969
8.699
7.918
8.022
9.116
9.324
9.116
7.917
7.918
7.969
8.074
6.407
9.220
9.115
8.022
8.699
8.959
8.022
8.803
8.595
7.918
8.022
9.376
9.116
7.917
8.022
8.595
8.022
8.699
8.699
6.927
9.585
8.021
7.969
9.428
9.116
7.918
8.803
9.011
8.022
8.699
8.021
7.970
7.918
9.376
9.115
7.970
7.865
7.813
7.918
8.699
7.918
9.115
9.012
9.168
7.918
7.917
7.918
7.918
8.074
7.917
7.918
7.917
7.918
9.012
8.021
38.234
8.022
7.970
8.647
7.970
7.865
7.918
7.866
7.917
7.970
9.064
7.969
8.699
7.918
9.115
8.022
7.969
7.970
7.917
5.574
9.376
9.116
8.022
7.917
7.918
8.022
8.022
8.595
9.116
7.917
7.970
8.022
8.073
7.866
7.969
7.918
8.699
8.022
4.689
9.168
9.116
7.917
9.011
9.116
8.021
7.970
7.865
8.074
8.022
7.918
7.970
8.022
9.480
9.116
7.917
9.116
8.021
5.990
7.918
8.699
8.021
8.022
8.021
7.918
7.865
8.022
7.865
8.022
7.865
7.918
7.969
8.022
8.021
8.647
8.022
7.865
9.220
9.116
9.116
9.115
7.970
8.959
9.064
9.220
9.116
9.116
9.115
8.126
7.969
7.970
8.074
7.970
7.918
9.115
43.443
9.376
9.116
9.064
9.063
9.115
9.116
9.168
9.167
9.116
9.012
9.063
9.115
9.116
9.064
9.115
8.959
9.220
9.116
6.512
9.220
9.115
9.116
9.115
9.115
9.168
8.073
9.011
9.116
9.116
9.115
9.115
9.168
8.021
9.116
9.116
9.115
9.116
5.209
9.116
9.115
9.115
9.220
9.115
9.012
9.116
9.011
9.115
9.115
9.116
9.011
9.011
9.116
9.064
9.115
9.115
45.214
7.918
8.022
8.022
7.918
8.803
7.917
7.866
8.022
9.011
9.012
9.116
7.918
7.970
8.022
8.699
9.116
9.063
7.866
6.303
9.428
9.116
7.970
8.074
8.022
8.699
9.116
7.970
7.866
8.021
8.022
9.115
7.970
7.969
7.970
8.022
8.074
8.022
8.647
9.168
9.116
7.969
7.918
7.970
9.011
7.970
9.011
9.011
9.012
9.116
8.022
7.917
7.918
9.064
8.959
8.959
45.318
9.324
9.063
9.116
8.022
7.918
7.970
9.012
9.011
9.115
9.116
8.021
7.918
7.917
9.116
9.064
9.115
9.116
9.011
6.407
9.272
9.116
9.063
9.116
9.012
8.959
9.011
9.012
7.969
7.970
7.917
9.116
8.021
7.918
9.116
8.022
7.865
9.115
6.928
7.918
7.970
8.595
8.074
7.970
7.865
8.595
9.115
8.022
7.970
8.595
7.918
8.074
7.918
8.073
7.970
8.021
4.688
9.116
8.074
7.917
8.022
8.021
7.970
7.917
7.865
9.012
9.012
9.167
7.918
7.917
9.116
7.969
7.917
9.116
9.116
4.740
9.115
7.970
9.011
9.064
7.970
8.022
9.116
7.917
7.918
7.970
7.970
9.012
9.115
7.866
9.116
9.115
9.012
9.012
6.407
7.970
9.011
7.917
7.970
7.865
9.064
7.969
8.022
7.970
7.970
7.918
9.011
7.970
8.021
7.970
8.022
8.699
8.022
6.824
9.012
8.073
8.022
8.021
8.022
7.917
7.970
7.969
7.970
9.116
7.918
9.116
9.011
7.970
8.022
7.970
7.969
5.574
8.021
8.699
8.022
9.011
8.022
8.021
8.022
8.021
7.866
7.970
7.970
7.918
7.917
7.970
7.917
7.970
7.865
7.917
6.198
8.699
9.011
7.866
7.918
9.063
8.022
8.022
7.918
9.011
9.012
9.064
9.115
7.918
7.969
9.012
7.865
8.022
7.917
6.823
9.324
9.167
9.064
9.064
9.115
7.866
9.116
7.865
9.064
9.168
7.917
9.116
7.969
7.970
7.969
7.866
7.970
7.970
6.824
9.012
9.115
9.012
9.116
7.917
7.918
8.073
7.918
9.064
8.021
8.022
7.917
9.011
9.116
8.022
7.918
7.970
9.011
9.585
8.907
9.116
9.012
9.116
9.116
9.012
8.021
8.022
8.647
8.022
7.918
9.115
9.011
7.918
7.970
8.021
7.918
6.511
9.116
9.116
8.022
7.970
7.918
8.022
7.917
7.917
9.116
7.917
7.970
7.970
8.022
8.022
7.917
8.959
9.116
9.064
6.771
7.970
7.917
8.022
9.115
9.011
7.970
7.917
9.116
9.012
9.011
9.116
7.866
9.063
7.970
9.116
7.917
9.012
7.969
6.251
7.865
7.970
8.022
8.022
7.917
7.917
8.022
8.021
8.022
8.021
9.116
9.012
9.011
9.011
7.918
9.115
9.012
9.116
9.115
8.021
7.918
7.865
8.022
7.917
7.970
7.970
7.865
9.116
7.969
7.970
7.918
8.022
8.022
9.011
9.064
9.012
44.641
9.012
8.074
7.917
9.012
9.116
9.115
9.116
8.021
8.022
8.021
8.022
9.064
9.115
8.022
9.012
9.168
9.115
9.116
9.116
9.064
9.116
9.011
9.115
9.116
9.116
9.116
9.219
9.220
9.064
9.115
9.115
9.011
9.116
9.220
9.115
9.116
4.688
9.272
9.063
9.324
9.064
9.168
9.167
9.012
9.220
9.324
9.116
8.959
9.116
9.115
9.168
9.064
9.116
9.167
9.168
6.564
9.376
9.115
9.064
9.012
9.220
9.168
9.116
9.064
9.219
9.220
9.116
9.011
9.168
9.116
9.064
9.116
9.167
9.116
9.220
9.116
9.168
9.115
9.063
9.012
9.220
9.168
9.220
9.220
9.167
9.063
9.011
9.116
9.064
9.167
9.116
9.116
4.688
9.012
9.115
9.116
9.220
9.115
8.022
7.969
9.011
9.116
8.074
8.595
9.115
7.970
7.969
8.022
8.021
7.970
43.703
7.292
9.011
8.022
9.115
7.918
9.012
8.022
9.012
9.115
7.918
9.116
9.115
9.116
7.917
8.022
8.022
7.865
8.022
4.688
9.116
9.116
9.116
8.022
7.970
7.969
8.022
9.011
9.115
8.022
8.074
8.022
7.917
8.022
7.969
8.022
7.865
8.074
6.303
9.324
9.116
8.073
9.116
8.021
7.918
7.970
8.022
7.970
8.021
7.866
9.064
8.074
7.970
9.115
9.011
9.116
7.969
6.512
9.324
8.074
7.917
7.970
7.969
9.116
9.116
7.917
7.970
8.959
9.063
9.011
8.960
9.116
8.074
7.918
9.115
8.022
6.668
9.116
9.116
9.115
9.116
9.220
9.168
9.115
8.646
8.022
7.970
7.918
7.969
9.011
7.970
8.074
7.969
9.116
4.740
9.376
9.115
9.064
9.116
7.969
9.063
9.116
9.168
9.115
9.012
9.064
9.011
9.011
9.064
9.116
9.115
9.116
7.917
6.720
7.970
8.022
8.074
7.918
9.012
9.219
9.064
9.064
9.116
9.011
9.063
9.116
9.271
9.064
9.012
9.011
9.011
9.168
4.688
8.022
7.865
7.918
7.970
9.011
9.116
9.116
9.063
9.219
9.012
9.220
9.115
9.115
9.220
9.116
9.115
9.116
9.012
9.064
9.116
8.438
8.647
9.012
9.116
9.063
9.064
9.116
9.115
9.115
7.970
9.064
9.063
9.116
9.012
9.116
9.115
4.740
9.324
9.168
9.116
9.063
9.063
9.116
9.011
9.012
9.116
9.168
9.115
9.063
9.116
9.272
9.063
9.063
9.115
43.286
9.272
9.220
9.219
9.272
9.116
9.168
9.167
9.167
9.220
9.116
9.220
9.324
9.012
9.272
9.167
9.116
9.324
9.220
6.615
7.917
9.115
9.167
9.116
9.220
9.168
9.324
9.168
9.116
9.168
9.220
9.168
9.272
9.220
9.219
9.063
9.168
9.220
6.303
8.022
8.699
7.866
9.012
9.324
9.220
9.063
9.324
9.012
9.428
9.012
9.324
9.220
9.063
9.168
9.324
9.115
9.324
9.376
9.219
9.168
9.063
9.011
9.011
9.116
9.116
9.116
9.115
9.168
9.168
9.063
9.116
9.116
9.011
9.115
8.074
6.199
7.969
8.022
9.116
8.595
