10.001
9.689
9.585
9.689
9.533
4.688
9.011
9.585
9.584
9.637
9.480
9.637
9.689
9.480
9.689
9.636
9.480
9.532
9.689
9.584
9.481
9.637
9.585
9.480
6.771
9.636
9.585
9.689
9.480
9.584
9.480
9.480
9.637
9.585
9.481
9.689
9.480
9.532
9.636
9.532
9.480
9.585
40.734
9.585
9.585
9.689
9.637
9.689
9.637
9.689
9.585
9.637
9.585
9.637
9.741
9.533
9.793
9.584
9.688
9.636
9.532
6.720
9.636
9.689
9.585
9.689
9.637
9.637
9.532
9.532
9.636
9.480
9.689
9.688
9.636
9.480
9.637
9.481
9.480
44.172
7.865
9.480
9.689
9.585
9.689
9.585
9.585
9.689
9.584
9.480
9.637
9.637
9.636
9.637
9.689
9.584
9.585
6.303
9.689
9.584
9.585
9.585
9.480
9.480
9.533
9.532
9.533
9.480
9.585
9.532
9.480
9.637
9.689
9.584
9.481
43.651
9.689
9.585
9.584
9.636
9.532
9.584
9.481
9.793
9.689
9.480
9.637
9.637
9.480
9.689
9.689
9.532
9.584
9.481
6.720
9.689
9.637
9.584
9.584
9.585
9.689
9.584
9.585
9.480
9.533
9.636
9.480
9.897
9.533
9.584
9.585
9.585
46.099
6.199
9.585
9.585
9.637
9.585
9.532
9.584
9.688
9.584
9.636
9.584
9.585
9.637
9.585
9.637
9.637
9.636
9.636
6.147
9.584
9.637
9.637
9.585
9.689
9.480
9.793
9.584
9.689
9.584
9.584
9.585
9.585
9.637
9.689
9.585
9.585
9.637
9.793
7.918
9.584
9.585
9.688
9.481
9.637
9.689
9.688
9.689
9.533
9.636
9.688
9.481
9.532
9.637
9.585
9.532
4.688
9.636
9.689
9.584
9.480
9.637
9.584
9.688
9.793
9.689
9.584
9.532
9.584
9.532
9.636
9.689
9.584
9.481
4.740
9.584
9.480
9.585
9.741
9.689
9.741
9.584
9.793
9.636
9.584
9.585
9.585
9.636
9.636
9.636
9.688
9.689
9.533
6.302
9.585
9.585
9.689
9.481
9.532
9.636
9.480
9.636
9.584
9.585
9.585
9.689
9.689
9.533
9.584
9.688
9.584
4.688
9.585
9.689
9.585
9.637
9.637
9.637
9.585
9.480
9.480
9.688
9.636
9.584
9.636
9.584
9.480
9.637
9.584
9.584
6.459
9.116
9.480
9.533
9.793
9.480
9.480
9.481
9.584
9.585
9.689
9.584
9.480
9.637
9.741
9.637
9.636
9.740
6.251
9.845
9.636
9.480
9.532
9.585
9.637
9.584
9.480
9.689
9.584
9.533
9.585
9.584
9.740
9.637
9.585
9.741
9.637
4.792
9.585
9.584
9.584
9.637
9.584
9.480
9.480
9.533
9.532
9.637
9.637
9.637
9.584
9.584
9.584
9.636
9.636
4.740
9.636
9.584
9.636
9.637
9.585
9.532
9.480
9.532
9.585
9.585
9.689
9.689
9.584
9.585
9.636
9.584
9.845
9.585
6.720
9.584
9.533
9.480
9.585
9.585
9.636
9.532
9.636
9.792
9.636
9.532
9.637
9.689
9.532
9.585
9.584
9.584
44.433
9.584
9.689
9.481
9.584
9.480
9.637
9.689
9.584
9.740
9.480
9.585
9.584
9.585
9.584
9.637
9.741
9.481
41.828
9.481
9.636
9.636
9.481
9.480
9.585
9.584
9.584
9.637
9.584
9.533
9.584
9.481
9.793
9.480
9.585
9.532
9.688
6.876
9.688
9.480
9.637
9.636
9.532
9.845
9.585
9.532
9.636
9.585
9.480
9.533
9.480
9.585
9.584
9.637
9.480
9.480
9.741
9.480
9.740
9.637
9.585
9.532
9.637
9.637
9.480
9.584
9.637
9.585
9.688
9.584
9.533
9.584
9.532
9.689
4.688
8.646
9.480
9.689
9.585
9.480
9.637
9.532
9.740
9.637
9.481
9.689
9.584
9.533
9.532
9.637
9.793
9.585
9.584
6.720
9.584
9.532
9.689
9.637
9.584
9.481
9.584
9.584
9.533
9.480
9.533
9.689
9.532
9.480
9.532
9.689
9.480
6.616
9.585
9.636
9.532
9.584
9.689
9.480
9.481
9.532
9.480
9.637
9.636
9.532
9.637
9.584
9.637
9.636
9.533
9.584
9.584
9.481
9.688
9.637
9.532
9.637
9.637
9.689
9.636
9.637
9.584
9.585
9.480
9.637
9.636
9.637
9.532
9.533
5.573
9.584
9.480
9.637
9.793
9.480
9.480
9.637
9.584
9.689
9.585
9.584
9.637
9.584
9.533
9.741
9.689
9.532
9.480
4.688
9.533
9.585
9.480
9.585
9.480
9.480
9.533
9.584
9.481
9.584
9.689
9.584
9.636
9.637
9.584
9.689
9.584
43.912
9.584
9.584
9.481
9.532
9.584
9.741
9.480
9.636
9.585
9.584
9.533
9.585
9.480
9.533
9.584
9.637
9.480
9.585
6.668
9.480
9.585
9.480
9.585
9.637
9.480
9.585
9.637
9.532
9.689
9.585
9.689
9.584
9.637
9.480
9.636
9.689
6.198
9.480
9.584
9.585
9.689
9.480
9.689
9.585
9.584
9.584
9.637
9.636
9.480
9.637
9.532
9.585
9.689
9.480
9.636
9.689
9.480
9.741
9.532
9.688
9.585
9.480
9.584
9.585
9.688
9.584
9.480
9.585
9.480
9.533
9.532
9.533
9.636
4.688
9.740
9.480
9.636
9.532
9.533
9.480
9.481
9.689
9.480
9.481
9.532
9.636
9.533
9.532
9.481
9.480
9.532
9.793
6.095
9.637
9.585
9.584
9.532
9.689
9.585
9.585
9.636
9.636
9.533
9.584
9.585
9.584
9.584
9.637
9.585
9.636
40.526
7.970
9.637
9.897
9.480
9.584
9.480
9.533
9.584
9.688
9.532
9.637
9.636
9.637
9.585
9.480
9.532
9.636
44.068
9.480
9.480
9.637
9.584
9.481
9.584
9.689
9.689
9.636
9.481
9.584
9.689
9.689
9.584
9.481
9.584
9.897
9.481
6.563
9.637
9.532
9.585
9.636
9.481
9.480
9.480
9.585
9.689
9.584
9.637
9.636
9.481
9.584
9.637
9.480
9.689
9.689
9.793
9.585
9.532
9.585
9.636
9.532
9.480
9.585
9.741
9.584
9.533
9.584
9.585
9.636
9.636
9.585
9.636
9.637
4.740
9.480
9.585
9.792
9.480
9.636
9.688
9.533
9.740
9.689
9.480
9.636
9.637
9.637
9.584
9.585
9.480
9.480
9.637
6.668
9.584
9.480
9.480
9.480
9.480
9.688
9.637
9.584
9.637
9.480
9.481
9.584
9.481
9.533
9.585
9.584
9.584
6.719
9.688
9.584
9.637
9.637
9.584
9.585
9.480
9.585
9.689
9.584
9.480
9.741
9.637
9.636
9.741
9.636
9.532
9.637
9.481
9.741
9.532
9.584
9.532
9.636
9.584
9.637
9.636
9.688
9.637
9.585
9.584
9.741
9.481
9.636
9.688
9.637
5.573
9.636
9.585
9.637
9.532
9.688
9.533
9.584
9.532
9.481
9.480
9.533
9.585
9.584
9.584
9.585
9.532
9.480
9.585
6.303
9.636
9.637
9.532
9.532
9.689
9.585
9.688
9.532
9.585
9.689
9.532
9.584
9.741
9.585
9.585
9.688
9.480
4.688
9.637
9.637
9.584
9.584
9.481
9.636
9.636
9.741
9.637
9.584
9.585
9.636
9.584
9.585
9.532
9.688
9.636
9.689
9.689
9.740
9.585
9.585
9.688
9.637
9.480
9.532
9.585
9.741
9.480
9.689
9.637
9.637
9.480
9.481
9.532
9.688
6.459
9.689
9.480
9.481
9.584
9.585
9.480
9.688
9.584
9.741
9.585
9.480
9.585
9.689
9.584
9.636
9.689
9.481
44.328
9.533
9.637
9.480
9.585
9.793
9.584
9.585
9.741
9.637
9.585
9.636
9.584
9.689
9.480
9.740
9.584
9.533
9.584
6.615
9.689
9.532
9.637
9.689
9.584
9.584
9.532
9.532
9.637
9.636
9.584
9.533
9.584
9.585
9.480
9.532
9.585
9.584
9.689
9.689
9.584
9.636
9.585
9.585
9.584
9.637
9.584
9.585
9.689
9.584
9.688
9.688
9.532
9.533
9.688
9.480
6.303
9.584
9.689
9.533
9.532
9.689
9.585
9.688
9.637
9.533
9.584
9.637
9.689
9.532
9.585
9.584
9.688
9.481
6.042
9.689
9.689
9.584
9.480
9.689
9.689
9.585
9.792
9.584
9.533
9.584
9.688
9.584
9.533
9.584
