9.740
7.865
8.542
8.907
7.761
8.595
8.543
7.814
7.866
9.168
7.813
8.542
7.917
7.813
9.272
42.922
9.116
7.813
8.491
7.917
8.490
7.813
8.490
7.813
7.813
8.490
7.813
7.813
7.814
9.272
8.907
7.813
7.814
7.918
44.641
7.814
7.918
9.272
7.918
8.491
7.762
7.865
8.490
7.918
8.491
7.866
9.272
8.908
7.814
7.762
7.813
8.490
7.918
8.490
9.116
7.813
7.917
9.271
7.813
7.970
7.814
8.647
9.272
7.917
7.917
7.813
7.813
9.324
7.814
7.918
7.761
9.168
7.813
6.875
8.073
7.813
7.813
7.866
8.543
7.918
7.918
7.813
7.761
7.918
8.595
7.866
8.490
7.918
9.272
7.813
7.918
6.876
9.012
7.813
7.813
7.814
7.814
8.490
7.866
8.491
8.543
7.866
9.272
9.011
7.813
7.813
8.490
7.865
8.490
7.865
4.688
7.814
7.762
7.814
9.272
7.814
7.866
7.866
7.814
8.439
7.761
7.865
7.813
8.490
7.865
7.813
8.543
7.865
8.542
43.234
6.095
7.970
8.490
7.917
8.542
7.918
8.491
7.813
7.813
7.813
9.272
7.814
7.918
7.813
7.813
7.813
7.814
8.491
7.814
6.980
4.688
8.543
7.813
7.813
7.813
7.813
8.908
7.918
7.917
7.917
7.814
7.813
7.865
7.813
7.814
7.970
8.543
7.762
4.740
8.594
9.115
7.813
7.813
7.814
7.813
7.917
7.813
7.814
7.813
7.813
7.866
7.814
7.917
7.813
7.762
7.865
8.595
6.876
7.813
7.813
7.866
8.491
7.918
7.813
7.813
7.918
7.814
7.918
8.491
7.866
7.918
7.813
7.917
9.272
7.813
7.917
38.911
9.116
7.813
7.813
7.918
7.866
7.761
7.813
7.865
8.491
7.814
7.970
8.490
7.865
7.814
7.813
7.865
7.813
7.814
7.813
7.918
7.865
7.813
8.594
7.813
7.865
7.866
7.866
7.918
9.272
7.814
7.866
7.762
7.813
7.813
7.866
7.813
7.917
7.813
6.667
9.064
8.907
7.814
7.866
7.813
7.865
7.814
8.543
7.917
9.167
9.115
7.761
7.866
7.814
7.761
7.917
7.813
7.814
4.741
7.865
7.813
8.595
7.918
7.814
7.918
8.543
7.866
8.595
7.762
7.814
8.491
7.813
7.917
7.814
8.595
7.814
7.814
4.792
7.344
8.491
9.167
7.866
9.219
7.813
7.814
9.115
7.813
9.168
7.813
9.220
7.917
9.116
7.865
9.012
7.866
8.490
37.348
9.063
7.813
9.168
7.918
9.116
8.543
7.917
9.116
9.168
7.918
7.813
9.220
7.866
9.167
7.814
8.543
8.543
8.490
42.036
7.813
7.813
9.168
7.813
8.595
8.491
9.167
7.814
8.595
7.918
9.116
7.813
9.220
7.761
9.272
7.866
7.866
9.115
42.661
7.814
8.595
9.220
7.813
8.490
8.595
9.064
7.761
9.220
7.866
9.220
7.814
7.762
9.220
7.865
7.813
7.917
8.542
6.459
7.814
7.814
7.813
7.813
7.814
7.814
7.813
7.813
7.918
7.813
7.917
7.813
7.866
9.272
8.907
7.918
7.813
7.865
6.094
9.220
7.918
7.761
8.595
7.813
7.917
7.814
7.761
7.761
7.918
8.491
7.814
7.866
7.813
7.813
7.814
7.814
7.813
7.813
7.917
8.594
7.970
7.813
7.762
8.491
7.814
8.595
7.866
7.814
7.865
7.813
7.866
7.813
7.917
7.918
7.814
7.813
7.917
6.928
7.865
7.866
7.814
7.761
7.813
7.814
7.918
7.761
7.814
7.814
7.813
8.491
7.813
7.813
7.866
7.814
7.918
7.813
4.688
7.762
7.918
7.813
7.918
7.814
9.272
7.917
7.813
7.814
7.813
9.376
7.814
8.907
9.116
7.814
7.813
7.813
7.866
6.719
4.741
7.814
9.116
7.813
7.865
7.814
7.761
7.865
7.813
7.866
7.813
7.813
7.866
7.813
7.865
7.762
7.866
7.865
43.183
9.011
8.959
8.334
8.959
8.908
7.917
7.918
7.813
7.813
7.918
7.918
9.168
9.064
7.813
7.918
8.595
7.865
8.491
7.865
9.115
7.813
8.490
7.865
7.865
8.543
7.865
7.814
7.918
7.813
7.865
8.543
7.814
7.865
7.813
7.762
7.813
7.761
7.813
6.407
9.324
7.814
7.813
7.813
7.814
7.918
7.813
7.866
7.814
7.866
7.813
7.762
7.866
7.813
7.865
7.866
7.813
9.220
9.220
8.595
7.813
9.219
8.959
7.865
7.917
7.813
7.814
7.814
9.324
7.865
7.813
7.813
7.761
8.491
7.814
7.814
8.491
6.720
9.064
7.814
7.813
7.813
7.814
7.970
7.917
8.490
7.813
8.490
7.813
7.866
7.866
7.865
7.917
7.865
7.814
7.813
6.094
9.220
9.012
7.866
7.866
7.917
8.594
7.813
7.813
7.814
7.813
7.865
7.970
7.814
7.918
7.865
7.813
8.491
7.918
7.918
9.220
7.761
7.761
7.918
7.866
7.813
7.813
7.814
7.918
7.761
7.814
7.866
7.813
7.813
7.762
7.813
7.814
9.012
7.813
6.928
9.272
7.761
7.761
7.918
7.814
7.865
7.813
7.814
8.334
9.115
7.813
7.813
7.865
9.376
7.762
7.917
7.813
7.917
9.116
7.917
7.813
7.814
7.813
8.490
7.813
7.813
7.813
8.490
7.865
7.814
9.272
7.813
7.813
7.813
7.814
9.168
7.813
6.668
9.116
7.762
7.814
7.813
8.490
7.866
7.813
8.542
7.813
7.813
8.490
7.813
7.813
7.813
9.115
7.918
7.813
7.917
4.688
7.293
7.762
7.813
7.865
8.595
7.762
7.813
7.761
8.647
7.917
9.272
7.866
7.814
7.865
8.490
7.865
8.595
7.761
9.324
7.917
9.116
7.814
7.917
7.813
8.490
7.813
7.813
9.272
7.813
7.813
7.813
7.762
7.814
7.813
8.595
7.814
8.491
8.595
6.251
9.272
7.970
7.918
8.022
9.011
7.917
7.813
7.813
8.491
7.814
7.814
8.595
7.814
7.814
8.491
7.762
7.918
45.891
7.710
7.814
8.491
7.814
7.918
9.168
7.813
7.814
7.866
8.491
7.814
7.918
8.491
7.814
8.491
7.814
8.595
7.814
7.814
4.740
8.959
7.813
7.761
8.491
7.813
7.918
8.490
7.813
7.918
7.814
9.272
7.813
7.814
7.866
8.543
7.866
7.814
8.543
6.563
4.688
8.959
8.282
9.167
7.813
7.813
8.490
7.813
7.813
7.814
8.491
7.814
7.918
9.116
7.865
7.917
7.866
9.271
5.990
7.866
7.814
7.813
7.761
9.220
7.917
7.813
8.490
7.917
8.490
7.813
7.813
8.542
7.813
7.813
8.491
7.814
9.168
6.615
9.116
7.918
8.491
7.814
7.918
9.220
7.814
7.865
7.813
9.324
7.917
7.813
9.167
7.917
7.813
8.595
8.595
7.813
4.688
7.292
7.813
7.813
7.865
8.490
7.813
7.866
9.220
7.917
7.761
7.865
7.813
7.814
8.543
7.814
9.324
7.761
7.761
7.813
8.490
7.917
7.761
8.490
7.813
7.918
9.167
8.907
7.865
8.490
8.595
7.814
7.813
7.917
7.813
7.918
8.491
8.699
8.595
6.928
8.491
7.813
7.813
8.491
7.813
7.814
8.491
7.969
9.324
7.814
7.813
7.866
9.272
7.865
7.813
7.813
7.814
9.116
4.688
7.813
7.917
7.865
8.594
7.813
7.813
9.219
7.918
8.491
8.959
7.813
7.813
7.917
9.115
7.970
8.491
7.917
8.542
7.085
8.490
8.595
7.918
8.491
7.814
7.814
8.491
7.813
8.594
7.813
7.814
8.595
7.762
8.595
7.813
7.814
7.918
8.491
4.688
8.594
9.324
7.813
7.761
7.917
9.116
8.907
7.813
7.917
9.376
8.907
7.814
7.761
7.813
9.272
7.814
7.866
7.814
36.671
7.814
9.272
7.917
8.543
7.918
8.595
7.814
7.813
7.865
9.219
7.970
7.918
7.814
8.543
7.814
9.272
8.907
7.866
7.814
9.116
7.761
7.917
9.168
7.813
7.865
7.865
8.491
7.866
7.918
7.918
9.012
7.813
7.813
7.969
7.865
9.220
7.918
7.866
6.303
9.064
7.813
9.168
7.814
7.814
8.543
7.814
7.866
8.491
7.918
9.324
7.865
7.761
8.594
7.813
7.813
8.490
7.865
9.012
7.918
7.866
7.814
7.813
8.490
7.761
7.813
