9.637
8.022
9.116
9.064
7.918
5.990
9.012
7.865
7.918
7.918
8.021
9.480
7.970
7.917
8.022
9.376
7.918
7.970
7.917
8.022
8.595
8.074
9.376
9.115
5.209
9.168
7.917
7.918
7.917
7.866
8.699
7.918
8.021
9.219
9.012
7.918
7.917
7.866
8.699
7.918
7.917
7.866
8.646
6.303
9.272
7.918
7.918
7.917
7.918
7.917
7.918
7.865
8.595
7.917
7.918
8.699
7.970
7.917
9.324
7.969
7.918
7.917
6.668
8.699
7.917
7.918
8.022
8.595
8.074
9.376
7.918
8.021
7.918
8.595
7.970
7.865
9.324
9.012
7.917
7.918
8.595
6.719
7.918
8.595
7.865
7.970
7.918
7.917
8.595
7.918
8.074
9.168
9.011
8.021
8.594
7.866
7.917
7.970
7.970
7.918
7.917
7.918
7.969
8.595
9.011
8.022
7.918
7.969
7.918
7.969
7.918
7.917
7.918
7.969
7.918
7.918
8.022
43.078
9.115
9.116
7.917
8.074
8.074
7.866
8.595
7.970
7.866
7.970
9.115
7.970
8.022
8.699
7.917
8.699
8.647
9.116
4.740
9.272
8.074
9.168
8.022
7.918
9.012
7.918
7.918
9.324
7.970
8.595
7.918
9.376
7.865
9.428
7.918
7.918
9.324
6.511
9.116
8.021
7.970
9.376
9.116
7.866
7.969
7.918
8.647
9.012
7.917
7.866
7.918
7.917
8.595
8.022
7.917
7.918
6.823
9.011
7.865
8.074
8.595
7.918
7.918
8.021
7.918
9.168
9.377
8.074
7.917
7.918
7.969
8.595
7.918
8.021
6.199
9.324
7.865
7.866
7.917
7.970
7.917
7.918
9.376
9.064
7.917
7.918
9.012
8.022
9.376
9.063
9.012
7.969
7.866
6.511
7.969
9.272
9.116
7.917
7.918
8.022
8.595
7.918
8.022
8.699
7.917
8.022
9.324
8.960
7.969
7.918
7.918
7.918
6.928
8.594
8.022
7.918
8.646
7.970
7.866
8.021
8.595
7.970
9.376
9.116
8.022
7.970
7.917
8.647
8.022
7.865
7.918
4.689
7.918
8.021
8.647
8.699
7.918
7.917
8.022
9.376
7.970
9.011
7.969
7.918
9.376
9.011
9.012
8.074
7.917
7.918
8.647
9.272
8.022
7.917
8.595
9.063
7.970
7.866
7.917
9.377
9.012
9.115
9.012
9.064
9.115
7.970
7.969
7.970
6.980
8.595
7.866
7.969
7.918
7.918
7.865
7.918
9.012
9.011
7.970
9.012
9.011
7.970
7.917
9.481
8.959
7.969
7.970
4.792
8.022
7.918
7.969
7.918
7.918
8.021
7.970
7.970
8.594
9.011
8.022
7.918
7.918
9.063
7.970
7.918
9.011
8.960
6.199
7.918
7.917
7.970
7.917
7.917
8.022
7.917
8.074
7.918
7.917
7.970
8.022
9.272
9.116
9.012
9.115
9.012
8.022
9.064
7.814
8.647
7.970
7.917
7.970
8.021
7.918
8.021
7.918
9.012
9.011
7.918
9.012
7.970
9.116
8.074
7.866
7.917
4.688
8.646
7.918
7.865
7.918
8.022
7.866
9.168
9.116
7.917
7.970
7.917
7.917
7.917
7.918
7.917
7.970
7.865
6.720
9.064
7.918
7.865
8.595
8.022
8.074
9.324
9.115
8.022
8.595
7.917
7.918
7.865
9.012
7.865
7.970
7.918
8.646
6.720
7.917
7.918
7.917
7.918
7.917
7.970
8.595
7.917
7.970
8.022
7.865
9.272
9.116
7.970
7.865
7.918
8.698
8.022
6.668
9.064
9.115
7.918
7.865
7.918
7.918
8.021
7.918
8.594
9.116
7.866
7.969
7.918
9.376
9.011
7.865
7.918
8.074
5.209
9.011
9.116
7.918
7.917
8.699
8.022
7.917
7.918
7.970
7.918
8.595
7.917
9.116
7.969
7.866
7.917
7.918
7.865
4.688
9.272
7.917
9.012
7.917
7.970
9.480
7.865
7.865
7.918
8.594
7.918
8.022
8.021
8.595
7.970
8.022
9.272
6.199
9.115
9.064
8.022
7.865
7.970
8.647
7.917
7.970
7.918
9.272
9.063
9.116
7.866
7.918
9.272
9.064
7.917
7.918
6.094
9.168
7.918
7.917
7.970
7.918
7.918
7.970
9.376
9.116
7.866
7.865
8.960
7.917
8.022
7.917
7.865
8.022
8.595
6.720
8.595
7.970
8.022
8.595
7.970
8.647
8.022
9.376
9.012
7.969
7.918
8.022
8.595
7.917
7.970
7.969
7.865
8.022
4.688
9.376
9.012
7.866
9.012
7.866
7.918
8.022
7.917
7.918
7.970
7.917
7.918
8.594
9.012
7.865
7.970
7.970
7.918
6.928
8.594
7.918
7.866
8.074
8.595
8.022
7.969
7.918
8.595
7.970
7.917
8.022
8.594
7.969
8.647
7.970
7.917
4.688
9.064
7.917
7.918
7.918
7.865
7.918
7.917
8.595
7.917
7.865
7.917
7.917
7.918
7.917
7.918
7.865
8.699
7.918
5.886
7.918
8.595
7.917
8.022
9.376
9.116
9.011
7.918
7.917
7.918
7.970
7.918
8.022
8.595
7.970
8.022
9.376
9.063
5.990
8.698
8.021
7.866
8.595
7.917
7.970
8.022
9.376
9.116
9.012
8.022
7.918
8.022
8.594
7.918
7.866
7.918
7.918
6.772
7.918
7.917
7.918
8.022
8.022
8.022
9.324
7.969
9.116
7.917
7.866
7.917
7.918
8.699
7.917
7.918
7.865
7.918
4.689
9.272
7.918
8.594
7.918
8.595
7.918
7.918
7.917
7.918
7.970
7.917
8.022
7.917
7.970
7.917
8.595
7.970
38.754
9.116
9.063
9.011
7.917
9.376
9.063
7.866
7.969
7.918
7.969
7.918
8.699
7.917
7.969
9.376
9.116
7.918
7.917
4.688
9.115
9.116
7.865
7.970
8.803
7.918
8.699
8.022
7.917
7.918
7.918
7.865
7.970
7.918
7.918
8.022
8.699
7.969
4.688
7.918
7.969
7.918
9.376
9.063
8.022
7.866
8.073
7.918
8.022
7.865
9.376
7.970
7.918
7.917
8.022
7.917
8.595
6.094
9.116
7.918
9.324
7.970
8.595
8.594
8.595
8.022
9.011
8.074
8.595
7.918
8.595
9.480
8.647
7.866
9.324
9.011
6.511
9.012
8.022
8.595
8.699
7.865
7.918
8.021
8.594
7.970
7.917
7.918
7.865
8.595
7.918
7.917
8.595
8.022
36.410
7.188
9.324
7.970
8.074
8.647
8.021
9.271
9.012
7.918
7.917
7.866
7.917
7.918
9.272
7.970
9.115
8.022
8.595
4.740
9.220
7.970
7.866
8.073
7.970
8.595
7.865
7.918
7.918
7.918
8.022
8.595
7.917
7.918
8.647
7.918
8.022
9.428
6.303
9.324
7.917
7.970
7.918
7.918
8.647
9.011
8.074
8.595
7.865
8.022
7.918
9.376
9.064
7.917
7.970
8.595
7.865
6.303
7.866
9.324
9.115
7.970
7.865
8.022
8.699
7.970
8.074
8.594
7.918
7.865
7.918
7.969
7.918
7.865
7.866
7.917
6.511
9.167
9.116
7.865
7.866
8.021
7.918
7.970
8.646
7.865
9.376
9.116
7.918
7.917
7.866
8.021
7.918
8.022
5.261
9.116
9.116
7.970
7.917
7.970
7.918
9.480
7.970
7.969
7.918
7.865
7.918
7.917
7.918
7.917
7.918
8.594
7.970
4.793
9.064
7.970
7.917
7.918
7.969
7.918
7.917
7.866
8.699
7.917
8.022
7.917
7.865
7.918
7.865
8.022
8.647
8.022
6.199
9.220
9.012
7.865
7.918
7.917
7.918
7.918
7.970
8.022
8.022
8.595
7.917
7.866
7.865
7.918
7.969
7.918
8.647
5.209
9.115
9.116
8.022
9.480
7.918
8.022
7.918
7.865
7.918
7.917
8.022
8.595
7.917
7.918
7.865
7.918
7.918
9.376
6.563
8.959
8.022
9.167
9.012
9.115
8.022
7.918
7.866
7.917
7.918
7.917
7.866
7.918
7.918
7.917
7.918
8.022
42.505
8.699
8.803
7.918
7.865
8.595
7.866
7.917
7.970
7.917
8.074
7.866
7.918
7.918
9.480
7.970
7.970
8.022
9.324
4.688
9.220
7.970
7.970
7.918
8.021
9.376
9.011
7.970
7.917
7.918
9.115
7.918
7.917
7.918
7.865
8.074
8.699
8.647
4.740
9.324
9.116
7.970
7.917
7.918
7.917
7.866
7.917
8.022
7.917
7.918
7.917
7.918
7.917
8.647
7.918
7.865
