13.804
12.866
12.502
12.606
12.919
12.501
12.710
12.762
12.710
12.554
12.502
12.710
12.710
12.502
12.606
12.501
12.501
12.606
12.710
12.502
12.502
12.501
12.657
12.605
44.640
12.137
11.929
12.554
12.658
12.502
12.762
12.554
12.658
12.554
12.710
12.710
12.710
12.605
12.501
12.450
12.554
12.710
12.398
12.710
12.710
12.449
12.501
12.502
12.502
12.710
12.449
12.501
12.762
12.709
12.709
12.762
12.606
12.606
12.658
12.554
12.501
12.501
12.710
47.245
6.511
12.814
12.710
11.877
12.502
12.762
12.502
12.501
12.605
12.709
12.553
12.501
12.710
12.605
12.710
12.501
12.762
12.710
12.710
12.553
12.554
12.710
12.501
12.658
12.710
12.502
12.606
12.658
12.710
12.502
12.710
12.710
12.606
12.554
12.710
12.606
44.849
6.511
10.887
12.502
12.606
12.710
12.605
12.501
12.657
12.501
12.501
12.710
12.710
12.553
12.553
12.501
12.762
12.657
12.657
12.501
12.501
12.501
12.710
12.501
12.554
12.502
12.762
12.710
12.502
12.658
12.554
12.658
12.710
12.502
12.606
12.501
12.501
12.553
12.606
12.606
11.252
11.877
12.502
12.502
12.710
12.710
12.606
12.658
12.606
12.502
12.554
12.606
12.606
12.658
12.502
12.501
12.657
12.501
12.502
12.710
12.502
12.606
12.606
12.658
12.554
12.606
12.554
12.606
12.554
12.501
12.605
12.605
12.605
12.710
12.501
12.502
12.606
12.710
12.554
10.314
7.032
12.189
12.605
12.657
12.501
12.502
12.554
12.762
12.502
12.502
12.658
12.605
12.605
12.501
12.814
12.710
12.710
12.709
12.501
12.709
12.553
12.501
12.501
12.605
12.709
12.710
12.710
12.606
12.501
12.762
12.502
12.501
12.606
12.606
12.606
12.449
12.605
41.203
6.824
12.605
12.553
12.501
12.762
12.710
12.606
12.658
12.502
12.502
12.501
12.605
12.709
12.710
12.814
12.502
12.606
12.710
12.450
12.710
12.502
12.710
12.606
12.554
12.710
12.710
12.450
12.710
12.761
12.762
12.502
12.658
12.605
12.605
12.501
12.710
12.605
12.553
50.631
11.460
11.512
12.710
12.606
12.762
12.605
12.710
12.502
12.606
12.502
12.710
12.657
12.709
12.501
12.762
12.501
12.710
12.658
12.605
12.501
12.554
12.710
12.710
12.710
12.762
12.658
12.710
12.762
12.398
12.762
12.606
12.502
12.502
12.606
12.658
12.658
12.658
42.297
6.615
10.887
12.502
12.658
12.710
12.814
12.605
12.710
12.709
12.501
12.709
12.762
12.501
12.553
12.657
12.605
12.605
12.657
12.605
12.501
12.762
12.709
12.553
12.657
12.553
12.501
12.501
12.502
12.502
12.501
12.501
12.658
12.502
12.710
12.502
12.658
12.606
12.710
12.502
9.428
6.824
11.773
11.147
12.710
12.501
12.501
12.761
12.501
12.710
12.605
12.605
12.553
12.606
12.710
12.710
12.605
12.605
12.502
12.554
12.710
12.658
12.658
12.606
12.658
12.658
12.554
12.710
12.710
12.710
12.449
12.554
12.554
12.502
12.502
12.658
12.710
12.501
12.710
39.536
10.626
10.835
12.762
12.502
12.762
12.605
12.502
12.710
12.502
12.606
12.658
12.554
12.502
12.710
12.501
12.657
12.709
12.606
12.553
12.814
12.502
12.501
12.501
12.710
12.553
12.761
12.762
12.606
12.606
12.606
12.710
12.554
12.554
12.710
12.710
12.553
12.709
44.484
10.783
10.887
12.710
12.709
12.657
12.605
12.605
12.554
12.502
12.658
12.710
12.502
12.554
12.606
12.762
12.710
12.501
12.502
12.606
12.658
12.501
12.710
12.658
12.606
12.814
12.501
12.658
12.554
12.658
12.658
12.658
12.710
12.502
12.658
12.658
12.710
12.657
12.501
48.495
6.199
6.823
11.721
12.710
12.502
12.710
12.606
12.710
12.606
12.554
12.762
12.762
12.710
12.502
12.710
12.553
12.658
12.554
12.502
12.710
12.606
12.710
12.553
12.606
12.710
12.710
12.449
12.710
12.658
12.553
12.553
12.606
12.710
12.710
12.606
12.554
12.658
12.709
10.314
6.668
12.189
12.501
12.553
12.657
12.710
12.606
12.501
12.710
12.606
12.501
12.501
12.658
12.501
12.502
12.554
12.658
12.658
12.606
12.501
12.502
12.501
12.606
12.658
12.553
12.605
12.814
12.710
12.606
12.658
12.657
12.501
12.502
12.606
12.658
12.710
12.605
12.502
43.391
6.928
12.710
12.032
12.657
12.658
12.605
12.501
12.606
12.501
12.606
12.606
12.710
12.554
12.606
12.606
12.554
12.606
12.501
12.605
12.501
12.606
12.710
12.606
12.606
12.606
12.710
12.606
12.502
12.554
12.554
12.710
12.501
12.501
12.606
12.502
12.658
12.606
12.710
44.068
6.407
11.616
12.710
12.502
12.606
12.606
12.710
12.554
12.606
12.710
12.606
12.501
12.658
12.501
12.658
12.606
12.605
12.710
12.657
12.553
12.762
12.710
12.502
12.710
12.501
12.502
12.762
12.709
12.657
12.605
12.710
12.554
12.710
12.658
12.710
12.709
12.553
49.380
6.615
10.887
12.554
12.554
12.606
12.814
12.502
12.658
12.710
12.710
12.710
12.657
12.657
12.501
12.502
12.502
12.710
12.606
12.762
12.710
12.501
12.709
12.762
12.501
12.657
12.709
12.605
12.658
12.606
12.606
12.606
12.606
12.606
12.501
12.605
12.657
12.605
12.501
47.505
6.459
11.772
12.605
12.501
12.814
12.605
12.762
12.553
12.657
12.605
12.553
12.709
12.710
12.710
12.606
12.658
12.606
12.502
12.710
12.502
12.814
12.710
12.605
12.605
12.710
12.710
12.501
12.709
12.605
12.710
12.606
12.554
12.554
12.658
12.606
12.709
12.501
48.651
6.667
12.970
12.710
12.710
12.501
12.553
12.501
12.657
12.762
12.501
12.605
12.605
12.501
12.502
12.502
12.710
12.710
12.397
12.502
12.501
12.710
12.606
12.606
12.606
12.501
12.501
12.501
12.501
12.606
12.606
12.658
12.606
12.658
12.606
12.710
12.709
12.658
12.502
12.501
11.095
6.876
11.825
12.606
12.501
12.657
12.501
12.502
12.502
12.605
12.605
12.657
12.501
12.554
12.502
12.501
12.710
12.606
12.502
12.658
12.605
12.658
12.449
12.605
12.657
12.605
12.709
12.501
12.605
12.657
12.709
12.605
12.605
12.605
12.709
12.605
12.605
12.501
12.502
10.939
6.876
12.085
12.606
12.501
12.710
12.502
12.762
12.502
12.501
12.814
12.762
12.658
12.554
12.605
12.605
12.605
12.606
12.710
12.554
12.606
12.502
12.762
12.606
12.554
12.554
12.554
12.762
12.502
12.606
12.762
12.502
12.449
12.449
12.502
12.658
12.502
12.710
41.255
6.512
11.772
12.606
12.710
12.606
12.502
12.502
12.710
12.710
12.710
12.554
12.710
12.553
12.709
12.657
12.657
12.501
12.657
12.605
12.501
12.710
12.502
12.658
12.710
12.502
12.502
12.502
12.501
12.658
12.814
12.606
12.710
12.605
12.501
12.605
12.657
12.709
12.501
12.709
11.408
12.762
12.553
12.710
12.710
12.606
12.710
12.710
12.605
12.709
12.605
12.553
12.606
12.606
12.658
12.502
12.554
12.502
12.501
12.553
12.553
12.605
12.710
12.710
12.554
12.502
12.658
12.554
12.658
12.658
12.710
12.502
12.606
12.658
12.658
12.606
12.710
49.016
10.991
11.876
12.606
12.450
12.606
12.554
12.606
12.502
12.501
12.553
12.657
12.709
12.501
12.657
12.553
12.605
12.501
12.762
12.501
12.554
12.502
12.710
12.762
12.606
12.658
12.814
12.605
12.449
12.606
12.502
12.502
12.762
12.502
12.658
12.762
12.554
12.502
12.554
46.881
6.667
11.772
12.709
12.710
12.502
12.606
12.606
12.501
12.658
12.762
12.710
12.502
12.449
12.605
12.710
12.501
12.501
12.709
12.709
12.605
12.501
12.554
12.502
12.658
12.502
12.501
12.605
12.710
12.605
12.709
12.709
12.657
12.606
12.606
12.710
12.606
12.554
12.502
47.714
6.460
11.825
12.605
12.605
12.605
12.501
12.606
12.710
12.709
12.710
12.762
12.554
12.710
12.710
12.606
12.606
12.710
12.553
12.814
12.606
12.501
12.658
12.501
12.709
12.605
12.501
12.450
12.658
12.554
12.606
12.606
12.501
12.814
12.554
12.710
12.658
12.554
49.381
6.667
12.866
12.605
12.502
12.502
12.501
12.501
