20.940
19.533
18.752
22.086
19.116
20.002
19.533
19.794
19.012
19.481
19.794
20.159
19.221
19.690
19.429
19.064
19.377
19.690
19.117
20.106
19.481
40.994
13.700
19.638
19.221
20.314
19.742
19.273
19.012
19.794
19.169
19.847
20.263
19.794
19.429
19.690
20.523
19.638
19.482
19.533
19.377
20.888
19.482
19.273
19.221
19.533
19.273
18.075
19.846
20.002
18.700
19.273
19.064
19.117
20.002
19.325
19.586
19.377
20.315
19.638
19.325
19.898
19.378
20.419
19.586
19.742
20.992
19.794
19.429
19.846
20.367
19.950
18.648
19.898
20.419
19.637
19.742
19.169
19.377
19.221
20.263
19.221
19.637
19.325
18.961
19.221
19.117
19.429
19.690
19.898
19.377
19.378
20.002
20.002
19.690
20.055
19.378
50.683
19.794
19.169
19.429
19.117
19.846
19.742
19.534
19.064
19.065
19.586
19.638
19.898
19.169
19.951
19.273
19.794
19.794
19.273
19.794
19.950
20.315
19.482
19.586
49.902
19.429
19.742
19.638
19.638
19.430
19.169
20.002
20.002
19.690
19.325
19.481
19.742
20.315
19.377
19.430
19.273
19.221
20.314
19.429
20.002
19.482
19.013
20.784
21.096
48.860
20.107
19.690
20.003
19.586
19.325
19.586
19.169
20.419
20.210
20.054
19.221
19.793
19.638
19.690
19.533
19.429
19.846
19.690
20.314
19.794
20.002
20.106
19.221
19.117
54.121
20.314
19.898
19.585
20.211
19.846
20.002
19.169
19.689
19.690
20.210
19.637
20.054
19.273
19.742
20.159
19.065
19.690
18.804
19.377
19.794
19.326
19.638
19.169
19.586
19.742
19.117
19.794
19.378
19.169
19.638
19.325
19.378
19.377
20.315
20.054
19.221
19.585
19.274
19.898
19.430
18.856
19.273
20.107
19.117
19.794
19.273
19.794
19.481
19.638
49.069
19.586
19.586
20.107
19.273
19.377
19.481
19.951
20.002
19.534
19.274
20.471
20.106
19.585
19.742
20.315
19.013
20.211
19.794
19.325
19.429
19.377
19.742
19.326
19.690
54.277
19.846
19.325
20.367
19.169
19.169
19.429
19.117
19.950
19.430
19.429
19.221
19.638
19.273
20.003
19.325
19.273
19.065
19.794
18.961
19.273
19.950
19.586
20.836
19.534
19.273
17.919
18.805
20.471
19.429
19.794
20.888
19.742
19.534
19.273
19.430
19.377
19.741
19.898
18.752
19.742
19.585
20.106
19.325
19.430
19.117
20.419
19.638
19.482
19.534
20.315
15.783
19.117
19.325
19.221
20.784
19.690
19.326
19.013
19.586
19.534
19.534
19.689
19.690
19.273
19.794
19.273
20.419
19.689
19.533
19.326
19.169
19.221
19.274
19.898
19.742
13.491
19.221
20.366
19.377
20.055
19.325
19.273
19.481
19.742
19.377
20.107
19.065
19.325
19.898
19.169
20.003
19.325
19.638
20.055
20.107
19.846
19.326
19.533
20.054
19.898
17.763
20.106
19.429
19.013
20.002
19.377
19.794
19.689
19.585
19.689
19.689
19.638
20.159
19.742
19.429
19.585
20.471
19.325
19.273
19.534
20.732
19.533
19.951
20.054
19.690
16.095
19.846
19.273
19.794
19.899
19.585
19.481
20.002
19.325
20.002
19.221
19.273
19.533
19.377
20.732
19.117
19.794
19.377
19.377
19.690
19.586
20.002
19.585
19.638
19.586
48.704
13.075
18.700
20.211
19.690
20.576
19.325
19.221
19.221
19.117
20.419
19.012
19.481
19.689
19.169
18.492
20.471
19.377
19.534
20.732
19.482
19.117
19.013
20.992
19.846
51.985
19.221
19.898
20.002
20.627
18.700
19.846
19.951
20.002
19.221
19.794
19.534
19.585
19.794
18.909
19.221
19.430
19.482
19.586
19.325
19.898
19.326
20.315
20.003
18.856
53.339
20.523
20.106
19.951
20.211
19.221
19.794
19.950
19.065
18.805
20.992
19.534
19.065
18.908
19.585
20.055
19.586
19.325
20.314
19.117
19.534
19.586
19.534
20.002
19.482
55.423
20.210
20.367
19.586
19.585
19.794
18.856
19.585
20.107
19.586
19.117
19.325
20.471
19.013
20.003
19.013
19.846
19.690
19.794
19.429
20.054
19.169
19.482
19.898
19.794
20.211
12.710
19.585
19.377
19.534
19.846
19.586
19.690
20.003
19.117
19.638
19.221
19.846
19.690
20.002
19.481
19.012
19.846
18.700
19.325
19.794
19.586
18.961
19.533
19.273
49.850
19.377
19.378
20.315
19.534
19.951
19.794
20.159
19.742
19.325
19.690
19.638
20.523
19.794
19.117
19.430
19.117
19.429
19.221
19.325
19.325
19.429
19.430
19.846
20.628
20.159
17.815
20.158
19.325
20.107
19.169
19.325
18.908
19.846
20.784
20.054
19.064
19.690
19.221
19.638
19.117
21.201
20.002
19.534
19.274
19.325
19.326
19.794
19.586
19.742
19.377
17.554
20.159
19.586
18.857
19.377
19.637
19.377
19.325
19.012
20.054
19.481
18.440
19.325
21.357
18.908
19.846
19.325
19.221
20.055
19.898
19.950
20.159
19.898
19.846
19.273
47.297
17.971
19.534
19.065
19.794
19.638
19.482
20.523
19.794
20.106
19.689
18.856
21.149
19.689
20.419
19.430
19.534
19.637
19.690
20.315
19.482
20.002
20.054
20.783
19.169
17.033
19.378
19.117
19.273
18.960
17.502
17.398
19.690
15.210
20.002
19.690
19.951
19.638
14.898
19.273
20.159
19.325
20.314
19.273
20.106
19.690
19.221
19.637
19.012
20.471
20.263
17.033
20.210
20.002
19.690
19.429
19.325
19.325
19.481
20.262
19.325
19.638
19.117
20.107
19.273
20.106
19.378
19.690
20.784
19.898
19.221
20.107
19.846
19.690
19.013
19.690
50.215
19.689
19.013
19.429
19.325
20.315
19.481
19.482
19.325
19.898
19.742
19.221
19.221
20.575
19.429
19.898
19.429
20.836
19.274
19.950
19.742
19.482
19.169
20.003
19.846
55.215
18.804
19.846
19.690
19.899
19.169
19.794
18.909
20.523
19.534
19.690
19.690
19.377
19.690
19.325
19.481
19.326
19.481
19.064
18.960
20.471
19.638
19.430
19.846
19.534
17.346
20.315
19.846
19.690
19.846
19.847
19.273
20.107
19.742
19.378
19.533
19.898
20.002
18.960
19.012
19.481
19.534
19.273
21.253
19.898
20.784
19.429
19.221
19.742
20.211
17.502
19.742
19.794
18.804
20.159
18.700
19.689
20.106
20.002
20.263
19.586
21.044
20.419
20.211
20.107
19.586
19.481
19.637
20.002
19.273
19.690
19.690
19.429
19.534
19.586
48.183
19.586
20.002
19.429
19.742
20.054
19.794
20.158
19.846
19.482
19.690
20.211
19.898
19.533
19.481
20.003
19.690
18.804
20.106
19.273
20.002
20.002
19.273
19.638
19.638
53.965
18.700
19.533
19.690
19.898
19.794
19.690
19.586
19.690
19.586
19.481
19.794
20.263
18.700
19.481
19.794
19.742
19.117
20.003
19.794
19.742
19.273
19.794
19.013
19.065
17.398
19.690
19.690
19.690
19.638
19.690
19.638
19.013
19.846
19.533
19.690
19.221
20.002
19.794
20.158
19.846
19.429
19.013
20.471
20.107
19.846
20.002
20.159
19.899
19.169
50.423
19.273
19.169
19.585
18.753
19.169
19.273
18.961
19.273
19.950
19.742
19.899
19.481
19.273
19.221
20.106
19.430
19.482
20.315
19.638
20.107
19.794
19.951
19.742
19.690
53.652
19.012
17.971
19.273
19.690
19.534
19.481
20.679
20.002
20.107
19.273
20.262
20.106
19.846
18.908
20.262
19.221
19.690
19.638
19.221
20.002
19.794
19.168
19.481
19.430
19.377
17.190
19.481
19.117
19.481
20.315
19.429
20.315
19.690
19.481
19.742
19.064
19.012
20.106
19.482
18.752
20.367
19.586
19.117
19.169
20.106
19.585
19.481
20.419
20.054
51.620
19.065
19.846
20.002
19.742
19.221
19.325
19.742
19.794
19.482
19.117
19.013
20.523
19.481
19.950
19.898
20.002
19.325
19.221
19.013
19.899
19.377
20.002
20.003
19.482
19.221
18.179
20.210
19.273
19.638
19.586
20.315
19.430
19.586
19.221
19.430
19.117
19.273
19.846
19.012
19.846
19.377
19.482
19.950
19.794
19.429
19.117
18.752
19.742
19.482
20.002
17.450
20.679
19.013
19.742
19.846
19.638
19.794
19.534
19.794
19.899
19.898
20.835
19.377
19.534
19.690
19.898
20.419
19.325
19.325
19.169
19.585
19.794
19.377
19.951
19.481
