52.402
11.303
49.017
53.756
39.535
57.038
19.221
13.544
35.421
26.513
14.741
16.148
14.376
29.795
11.043
43.911
10.105
10.314
59.226
12.241
11.876
9.897
29.170
20.940
28.545
43.859
10.626
20.106
12.293
49.380
29.274
17.554
50.214
16.877
48.600
11.199
30.993
12.502
53.652
24.743
13.543
28.129
79.333
18.960
35.473
27.034
34.066
12.189
24.274
43.130
40.995
10.522
12.449
57.142
41.828
14.065
13.179
10.574
14.481
19.221
12.710
29.847
12.189
9.949
25.836
16.148
14.117
50.162
58.757
34.223
12.189
38.858
18.492
13.752
12.710
45.527
12.293
15.522
18.700
54.485
22.346
44.693
18.023
15.887
10.053
32.191
15.418
41.723
14.220
22.346
12.241
11.043
41.724
34.066
88.239
39.015
22.346
35.421
47.037
50.214
25.315
49.433
10.158
47.922
11.877
18.336
20.471
18.805
34.743
11.876
18.075
42.504
19.586
40.161
29.900
18.857
64.435
18.492
55.319
10.783
24.378
46.308
12.398
54.538
36.151
31.514
35.421
43.911
13.543
36.723
39.484
20.992
17.294
16.044
48.548
48.547
34.848
36.098
71.571
10.782
16.200
51.881
32.765
35.421
17.241
49.433
17.971
21.461
27.504
34.171
15.471
23.700
32.191
38.806
12.866
47.037
23.284
21.825
14.793
23.232
50.110
13.179
68.081
19.690
42.401
47.766
22.919
28.076
52.766
25.888
16.200
13.855
54.486
48.704
13.022
19.169
36.098
26.930
32.817
38.182
10.470
50.319
10.991
45.422
73.289
10.991
45.735
14.793
11.876
19.638
15.002
36.098
32.451
48.600
33.494
55.267
13.231
54.434
19.221
16.929
57.975
13.804
38.859
26.982
30.993
34.744
24.378
56.205
47.141
50.423
46.984
49.381
58.861
46.256
17.502
42.453
19.637
31.045
47.818
36.723
21.461
22.398
28.076
51.881
33.389
33.441
14.846
58.549
48.548
23.804
13.231
47.766
24.847
38.130
11.304
24.794
11.512
46.308
21.461
32.816
24.326
43.912
22.294
32.868
20.523
18.804
11.720
55.267
49.433
36.098
75.634
11.095
11.408
16.564
20.054
24.794
28.024
38.911
44.693
21.409
19.690
17.606
18.336
40.994
14.065
15.679
39.432
54.382
58.809
31.566
18.075
50.996
29.327
40.942
43.130
30.420
17.554
11.147
40.890
11.199
13.491
42.401
46.308
20.939
40.161
43.234
10.887
15.783
15.887
17.606
20.263
49.433
48.600
42.401
14.689
32.191
17.502
48.600
45.058
20.992
44.641
26.931
46.256
47.819
55.319
19.221
23.284
28.024
19.690
15.471
58.809
26.410
34.275
24.221
52.715
51.985
16.877
23.336
20.524
9.481
40.630
13.856
25.889
9.793
12.137
28.597
10.001
45.474
18.908
29.274
56.309
34.119
20.471
11.772
38.755
11.616
32.191
36.098
12.137
12.189
53.600
40.890
46.359
82.353
54.642
21.461
16.095
36.775
31.045
50.214
10.313
53.652
43.078
37.452
29.326
47.036
45.422
10.418
40.265
42.401
56.101
13.231
15.366
27.503
74.852
49.641
21.461
23.336
31.670
40.942
13.855
10.522
39.588
21.513
15.679
12.397
48.652
26.930
23.700
25.472
16.773
25.315
43.859
47.766
14.169
12.398
56.986
19.429
16.929
47.974
22.398
30.420
51.047
31.566
10.105
10.991
13.230
11.668
46.985
40.890
50.370
10.210
9.792
49.485
24.326
17.190
24.795
16.825
16.148
25.316
24.325
20.055
43.182
55.215
14.325
35.525
24.795
22.295
48.548
36.723
25.367
10.209
36.098
15.054
9.897
39.588
10.522
40.942
15.158
29.222
36.046
11.512
10.314
16.773
16.877
10.522
12.919
34.744
34.744
28.128
50.526
24.847
48.547
21.409
58.809
30.993
41.775
38.234
10.106
11.200
13.023
47.818
10.470
17.658
10.522
17.659
43.860
27.972
18.075
54.485
13.804
12.189
28.076
75.842
13.387
10.782
46.308
11.720
30.368
58.913
50.267
50.267
18.388
10.106
58.756
51.048
50.995
20.002
57.923
37.453
14.116
32.191
32.139
29.795
12.501
10.991
13.231
46.256
15.053
27.503
10.105
31.671
21.878
55.266
30.368
12.814
20.992
10.627
58.757
32.191
22.763
17.502
10.470
37.504
21.930
55.371
10.105
10.366
30.993
22.868
39.380
33.597
23.284
31.619
46.985
58.027
9.793
58.861
25.472
35.420
16.773
19.638
16.460
13.543
20.575
28.597
11.668
29.691
34.848
56.257
10.991
13.022
12.397
86.625
11.407
17.242
9.897
48.600
10.574
10.835
10.731
37.452
28.650
51.933
10.210
50.318
36.827
17.554
10.314
33.441
23.805
22.815
39.484
51.047
11.720
23.805
28.650
18.388
23.805
75.738
11.199
18.700
21.253
22.867
18.700
23.284
28.233
10.210
16.199
53.444
12.814
39.692
25.941
14.950
14.325
10.574
13.907
10.991
42.661
26.513
10.522
18.648
56.413
23.804
25.420
56.569
27.399
9.793
57.090
28.181
37.401
25.889
10.158
11.407
22.815
51.725
23.336
51.777
11.928
11.303
30.629
20.887
14.898
14.898
10.991
50.892
15.888
21.878
12.450
13.022
17.398
19.065
55.215
20.888
38.233
10.210
22.816
46.568
11.303
43.495
49.902
12.710
14.325
54.434
15.210
30.629
21.304
32.504
11.252
13.075
23.284
10.835
11.095
38.755
21.357
17.502
22.242
11.043
18.179
10.418
56.413
28.805
17.085
57.090
17.189
19.585
12.241
15.574
12.710
13.595
11.668
11.407
60.788
54.277
50.006
20.888
22.294
53.548
11.304
39.640
43.338
48.391
55.319
34.067
20.575
30.004
41.046
35.264
14.168
19.950
15.210
19.117
57.142
60.840
17.085
11.199
12.397
31.306
11.043
11.772
16.096
10.678
42.661
16.044
28.806
38.130
11.980
89.281
28.232
29.430
10.001
19.534
26.514
11.043
39.588
20.940
12.710
61.778
10.210
14.897
11.043
15.210
58.028
49.901
11.460
9.793
18.179
26.930
39.536
11.876
10.626
26.513
17.919
21.826
4.792
53.600
9.220
22.398
36.723
10.314
10.209
55.215
56.152
61.778
60.841
32.555
13.283
38.858
59.069
10.105
20.003
54.434
15.992
12.449
10.731
16.356
85.114
54.537
55.319
16.773
14.793
12.762
52.610
15.210
47.454
16.304
16.252
14.220
38.129
42.714
45.839
10.730
48.339
47.402
28.233
48.286
12.970
41.932
49.328
19.325
24.378
42.609
23.284
48.287
55.267
45.891
16.721
13.334
14.898
40.266
18.753
31.931
19.637
20.992
52.610
16.043
32.139
46.880
10.679
39.640
34.587
46.933
29.482
11.980
59.955
43.390
53.443
58.028
20.367
56.204
15.939
16.721
19.116
17.502
10.001
15.991
13.595
19.429
21.304
58.965
13.751
32.504
55.319
50.006
44.276
35.265
22.816
20.523
34.692
46.620
29.431
11.460
38.129
61.830
26.514
11.251
14.898
10.783
16.720
14.481
14.897
11.772
25.992
10.574
14.220
15.523
58.028
60.736
53.860
21.513
10.522
49.954
30.055
21.878
22.763
16.720
45.057
54.329
17.398
35.264
61.778
54.382
19.013
10.366
22.295
14.221
11.980
33.181
17.397
50.840
41.099
10.313
15.991
43.651
13.335
15.315
24.794
33.910
21.356
16.304
30.003
10.522
13.960
22.399
61.830
38.963
41.047
12.293
10.105
33.337
61.935
36.671
57.975
14.533
13.282
56.726
6.303
58.288
43.495
10.470
14.481
38.807
12.189
53.496
58.965
31.931
36.619
23.805
60.788
24.170
10.731
45.890
14.272
22.763
13.283
49.121
28.181
85.271
25.524
38.182
10.782
19.533
47.558
21.357
17.189
44.901
24.273
36.046
20.314
15.002
51.621
41.828
15.574
29.326
43.443
14.898
29.482
28.701
54.277
12.450
82.927
51.933
16.096
11.199
20.002
13.387
41.879
14.898
14.585
19.586
50.006
29.952
35.994
30.003
11.199
24.326
53.443
49.120
15.366
19.534
14.949
19.117
13.283
54.277
12.553
66.101
35.421
45.839
10.002
10.834
42.713
50.891
31.358
10.991
43.391
19.534
27.555
16.304
35.942
10.418
13.023
23.805
31.930
42.661
50.839
59.903
50.840
83.083
13.334
26.044
49.172
29.378
55.319
10.783
25.419
14.481
54.381
16.304
14.533
19.481
11.043
29.326
38.806
10.991
51.673
33.233
16.252
14.793
17.814
10.522
28.754
11.512
13.804
15.627
32.817
35.317
44.276
33.233
15.314
61.830
