3485.095
3416.232
3414.305
3448.580
3415.243
3447.954
3410.607
3445.402
3411.752
3441.027
3410.451
3414.305
3446.288
3413.419
3440.767
3411.284
3442.798
3415.243
3442.330
3408.940
3413.055
3440.089
3412.117
3444.569
3412.586
3442.538
3409.408
3442.590
3413.263
3410.606
3442.590
3409.304
3447.746
3410.972
3442.225
3408.576
3440.298
3412.221
3412.899
3448.058
3409.148
3441.861
3412.846
3443.527
3412.429
3441.392
3412.169
3409.929
3446.652
3409.773
3442.902
3409.565
3445.090
3409.930
3447.694
3407.169
3412.274
3443.215
3416.180
3443.475
3406.804
3444.100
3414.565
3405.710
3411.701
3410.919
3445.767
3412.742
3445.559
3406.023
3444.934
3413.159
3410.242
3443.267
3410.762
3444.725
3412.117
3444.464
3410.919
3442.798
3411.492
3410.606
3443.996
3409.825
3444.830
3410.867
3446.965
3412.273
3445.559
3412.742
3410.867
3444.569
3413.055
3447.538
3415.086
3442.903
3405.867
3439.047
3408.263
3438.943
3413.732
3412.065
3442.068
3409.357
3441.339
3407.585
3442.381
3408.263
3406.805
3444.204
3410.294
3448.059
3410.919
3443.944
3406.023
3446.393
3414.253
3411.857
3442.121
3412.430
3446.444
3410.659
3439.777
3411.857
3444.882
3411.284
3407.013
3443.996
3409.461
3446.444
3411.180
3441.548
3410.919
3440.298
3410.502
3410.919
3446.757
3409.721
3441.756
3409.252
3446.184
3411.700
3443.684
3408.211
3408.471
3444.517
3413.211
3445.819
3411.596
3439.412
3407.534
3440.715
3410.919
3411.023
3444.517
3408.679
3442.329
3411.180
3445.194
3412.638
3440.767
3410.242
3408.940
3445.507
3409.825
3445.506
3411.232
3444.361
3410.867
3439.360
3411.336
3412.377
3443.944
3415.086
3448.476
3413.055
3443.424
3411.493
3406.023
3411.544
3408.627
3442.485
3411.545
3442.850
3411.128
3443.632
3408.992
3413.472
3410.346
3413.211
3445.038
3411.597
3444.777
3408.888
3444.778
3410.972
3410.920
3443.266
3405.971
3442.121
3410.190
3440.089
3411.857
3443.423
3410.398
3409.253
3413.263
3416.180
3446.965
3413.889
3445.871
3410.398
3443.111
3415.451
3447.018
3416.649
3414.982
3442.381
3412.117
3447.538
3411.857
3445.142
3414.565
3441.079
3409.826
3411.544
3442.120
3409.461
3445.089
3408.784
3442.016
3409.305
3409.721
3410.398
3406.231
3444.674
3413.264
3444.778
3412.586
3444.778
3412.534
3407.638
3443.423
3412.170
3444.569
3409.773
3445.976
3412.117
3444.204
3410.815
3410.450
3445.246
3411.648
3444.829
3414.774
3445.142
3407.377
3438.006
3409.096
3411.075
3442.642
3407.117
3442.798
3409.357
3446.548
3411.596
3443.267
3409.877
3411.857
3446.183
3411.545
3445.715
3411.701
3446.392
3414.305
3445.142
3410.711
3413.002
3447.226
3413.576
3441.184
3409.826
3445.871
3413.628
3442.589
3411.804
3409.148
3446.028
3408.731
3442.902
3410.659
3446.392
3410.711
3448.528
3411.909
3416.337
3448.632
3415.503
3444.985
3413.107
3445.402
3414.722
3444.985
3412.169
3449.778
3415.399
3410.502
3445.767
3407.950
3444.986
3410.815
3445.038
3407.481
3409.044
3415.816
3414.253
3446.288
3413.106
3444.569
3411.336
3442.017
3410.190
3412.169
3415.659
3413.576
3445.611
3411.648
3444.100
3412.169
3446.809
3415.243
3444.361
3415.139
3415.711
3445.038
3410.502
3443.735
3406.752
3445.038
3410.398
3408.107
3412.325
3410.451
3448.684
3411.544
3441.548
3409.512
3445.194
3411.596
3410.138
3411.179
3413.263
3444.934
3418.212
3446.548
3411.544
3450.664
3411.336
3448.163
3414.513
3413.628
3446.704
3413.368
3442.173
3410.346
3442.590
3408.471
3410.085
3414.409
3409.252
3447.382
3412.429
3450.351
3412.638
3444.204
3413.055
3443.787
3408.003
3408.262
3442.798
3412.274
3446.027
3412.117
3449.205
3416.597
3443.683
3413.732
3413.680
3444.204
3410.971
3444.986
3409.877
3447.643
3412.378
3443.266
3415.972
3412.013
3445.767
3413.523
3443.840
3410.346
3447.799
3411.389
3439.256
3412.274
3412.951
3444.986
3415.816
3445.090
3412.117
3447.018
3410.971
3438.110
3413.367
3407.221
3443.371
3411.701
3449.152
3412.274
3444.360
3409.096
3443.215
3412.846
3411.492
3447.278
3412.846
3444.204
3409.200
3448.476
3408.679
3446.080
3410.399
3409.565
3446.340
3412.429
3444.621
3412.951
3446.809
3409.512
3441.340
3413.940
3413.471
3447.747
3408.262
3444.621
3415.503
3450.611
3413.159
3445.611
3409.617
3411.284
3443.475
3412.795
3443.632
3410.867
3442.902
3410.502
3442.746
3414.774
3412.013
3448.059
3417.430
3444.413
3409.721
3448.736
3411.232
3446.444
3410.659
3411.544
3443.840
3410.034
3441.235
3413.420
3444.933
3410.242
3442.642
3413.159
3414.306
3444.153
3411.856
3446.965
3411.909
3450.351
3414.513
3446.548
3411.857
3411.284
3440.662
3413.419
3447.694
3413.316
3444.465
3414.826
3441.548
3415.347
3410.242
3442.121
3417.327
3448.841
3411.336
3444.778
3416.649
3446.600
3414.253
3410.451
3442.068
3410.554
3443.684
3410.972
3439.360
3418.368
3446.965
3413.211
3410.346
3412.117
3409.461
3442.173
3412.899
3444.256
3414.409
3442.225
3413.159
3410.346
3407.534
3414.878
3441.964
3408.367
3443.579
3409.356
3443.423
3409.461
3409.148
3441.652
3412.014
3444.465
3409.252
3449.205
3412.534
3438.266
3410.451
3415.867
3448.267
3410.190
3446.913
3408.158
3440.923
3408.002
3446.131
3413.576
3413.523
3445.142
3411.597
3445.247
3413.107
3442.225
3414.409
3448.372
3410.450
3409.930
3443.528
3411.128
3444.517
3409.045
3447.746
3412.586
3447.851
3412.690
3411.752
3442.850
3412.482
3441.443
3409.409
3444.777
3411.180
3444.360
3406.179
3409.200
3441.392
3410.763
3441.860
3418.004
3444.778
3410.347
3446.288
3409.617
3413.472
3450.403
3410.555
3446.496
3413.367
3445.350
3419.514
3444.986
3411.388
3410.034
3448.475
3414.097
3445.923
3412.951
3450.194
3413.680
3443.267
3410.086
3409.461
3444.725
3414.461
3446.757
3409.096
3440.766
3414.253
3437.798
3414.149
3440.193
3409.461
3409.512
3439.048
3406.335
3444.360
3409.357
3446.601
3412.013
3410.190
3412.951
3408.471
3446.132
3412.742
3445.611
3409.044
3441.236
3406.336
3409.200
3445.975
3411.388
3445.402
3412.326
3446.340
3410.815
3444.048
3409.044
3415.972
3442.173
3412.951
3442.381
3407.064
3445.298
3413.523
3443.579
3408.680
3412.846
3443.110
3410.607
3443.267
3412.326
3442.954
3414.774
3454.622
3411.440
3409.461
3444.829
3408.263
3442.277
3410.138
3441.183
3413.055
3444.569
3411.753
3408.940
3445.090
3409.982
3443.579
3410.867
3441.027
3409.877
3435.089
3410.867
3412.273
3446.757
3410.295
3446.704
3411.232
3446.340
3410.554
3442.850
3407.013
3411.336
3442.538
3411.961
3448.684
3415.711
3446.236
3412.794
3442.798
3409.253
3415.034
3447.069
3412.743
3440.819
3406.648
3445.923
3413.055
3441.391
3410.554
3410.242
3445.715
3412.743
3446.444
3411.701
3450.455
3410.815
3435.454
3408.784
3411.857
3447.851
3411.909
3447.278
3410.242
3445.663
3411.492
3443.579
3412.221
3412.951
3442.694
3411.076
3445.610
3413.628
3443.944
3410.919
3442.850
3412.742
3411.649
3445.142
3412.117
3444.830
3410.294
3446.497
3412.742
3441.079
3409.304
3410.555
3448.371
3412.691
3443.788
3411.284
3442.381
3411.804
3444.777
3408.888
3411.075
3443.423
3410.555
3445.663
3415.295
3447.486
3409.617
3440.714
3409.617
3413.367
3443.163
3411.075
3442.694
3410.659
3444.100
3408.106
3444.309
3412.169
3410.815
3440.089
3410.086
3440.298
3410.086
3444.413
3411.127
3442.902
3408.055
3410.398
3436.912
3408.731
3440.558
3412.534
3444.621
3412.065
3409.252
3442.121
3413.315
3445.351
3411.023
3443.163
3414.253
3441.704
3412.847
3411.493
3440.923
3411.232
3442.381
3412.482
3445.819
3408.158
3439.464
3408.367
3410.503
3439.933
3415.399
3446.757
3410.659
3448.736
3413.836
3445.350
3417.066
3412.378
3446.393
3413.576
3447.018
3413.160
3444.986
3414.722
3446.288
3408.159
3445.454
3408.419
3412.325
3447.121
3410.138
3446.549
3408.367
3445.090
3412.378
3446.079
3413.107
3411.753
3447.642
3409.513
3444.361
3412.899
3448.319
3408.888
3443.371
3411.909
3410.659
3444.101
3414.513
3444.517
3415.087
3445.246
3411.283
3446.393
3410.191
3411.023
3444.725
3410.919
3443.111
3413.523
3445.299
3408.003
3410.606
3413.993
3409.096
3442.121
3414.722
3445.455
3414.410
3446.288
3407.325
3411.649
3414.513
3413.680
3445.559
3415.763
3447.121
3415.399
3443.475
3415.243
3440.870
3412.065
3408.211
3442.121
3409.409
3438.683
3413.888
3440.506
3408.783
3408.680
3446.340
3410.085
3441.392
3415.138
3444.673
3411.597
3441.496
3410.971
3410.451
3444.152
3411.284
3440.870
3412.430
3441.756
3409.930
3443.735
3408.783
3409.826
3447.434
3406.023
3447.069
3413.003
3443.007
3412.586
3443.007
3416.389
3410.086
3446.183
3413.316
3443.736
3411.805
3445.611
3407.794
3444.048
3412.638
3413.836
3442.277
3409.825
3445.767
3412.690
3446.132
3411.544
3442.902
3409.356
3412.378
3410.607
3408.836
3444.777
3412.795
3443.111
3408.888
3446.341
3412.743
3409.201
3443.162
3408.523
3441.704
3412.169
3445.767
3408.784
3437.746
3407.065
3410.972
3443.527
3414.044
3444.101
3413.940
3444.777
3411.440
3444.309
3411.856
3411.232
3446.288
3407.325
3443.423
3410.555
3445.506
3409.878
3443.892
3409.878
3411.753
3448.893
3410.554
3445.350
3414.045
3445.298
3416.597
3445.298
3406.491
3414.149
3445.507
3410.451
3442.694
3411.128
3435.453
3407.794
3440.454
3413.524
3411.024
3445.402
3413.107
3442.590
3412.222
3444.986
3409.253
3440.610
3411.700
3414.410
3449.726
3409.878
3449.882
3411.805
3448.945
3413.003
3449.049
3410.451
3412.169
3447.122
3413.211
