32.816
9.220
10.210
7.137
13.283
23.388
11.408
7.709
7.605
19.794
9.116
7.709
10.366
9.377
7.709
9.115
7.709
9.793
9.063
13.022
7.709
8.908
19.690
7.709
7.762
7.605
8.804
9.324
7.814
9.585
13.023
8.803
9.063
7.709
15.679
9.376
8.908
15.575
8.490
15.575
8.282
9.845
7.709
42.245
7.188
6.199
7.188
9.689
13.023
8.908
10.470
9.428
10.418
9.011
9.063
12.970
11.407
8.334
7.709
19.898
11.356
7.761
7.761
7.710
7.709
7.865
7.761
7.709
9.793
8.803
8.803
9.115
7.761
8.803
15.575
9.376
10.314
7.605
7.710
11.408
8.907
8.803
9.115
13.074
7.657
7.709
7.814
19.794
31.670
10.314
6.720
9.219
7.657
9.897
7.761
11.304
7.605
7.709
8.803
9.011
8.699
9.012
11.304
10.314
9.115
19.689
11.303
9.115
10.418
12.919
15.523
9.116
15.679
7.605
13.491
7.709
7.866
7.814
7.762
10.418
9.063
9.011
11.303
7.917
11.407
8.282
9.845
7.813
9.844
7.605
8.907
42.974
4.740
6.771
12.710
7.605
7.710
19.898
10.314
9.741
10.261
12.918
7.605
10.366
11.355
7.813
7.865
7.761
15.679
15.679
10.366
10.470
11.460
7.605
7.709
15.575
7.605
9.689
10.470
8.490
15.470
7.813
9.220
9.428
10.366
8.803
9.116
9.793
11.407
9.011
12.866
9.064
7.866
8.803
9.167
41.151
6.198
6.876
9.271
11.408
13.023
9.116
9.689
15.523
9.480
7.762
7.709
19.846
15.679
7.605
7.813
10.313
9.428
9.740
11.303
7.709
15.627
7.605
12.971
12.970
7.709
12.918
7.710
7.814
7.918
7.709
10.470
9.689
15.627
9.741
19.794
7.709
19.846
7.814
8.855
19.846
7.605
31.931
9.428
4.688
9.897
10.314
8.074
9.271
12.918
15.523
12.970
15.575
19.846
12.918
7.813
11.356
9.115
9.740
13.022
10.418
7.814
8.543
9.636
15.627
10.366
9.689
9.064
9.377
15.575
9.064
7.709
15.575
8.699
11.303
7.606
7.970
7.657
7.657
13.023
7.918
9.793
8.021
13.022
7.814
9.689
32.765
4.688
7.084
19.950
15.679
10.314
12.970
7.605
7.605
7.605
9.115
7.709
9.011
7.969
9.480
11.459
13.022
9.116
8.959
7.814
9.064
8.335
11.303
9.116
8.803
11.303
19.742
19.898
9.741
7.814
15.575
9.376
11.408
12.866
9.740
8.386
7.657
11.407
7.657
7.658
11.408
12.971
9.272
4.740
11.095
12.605
7.605
7.761
7.814
7.814
7.970
15.575
15.574
11.408
9.116
9.741
8.960
8.803
12.866
9.064
13.023
9.585
12.866
15.679
19.846
8.908
9.064
7.605
9.376
8.543
7.814
19.846
9.428
10.313
9.168
15.575
15.575
7.813
8.021
7.970
7.709
11.407
9.011
9.063
7.657
8.699
9.428
4.688
11.720
8.387
9.689
19.794
10.261
9.116
7.605
9.012
11.304
7.710
9.793
10.314
8.386
8.804
15.471
7.605
11.407
13.022
15.522
19.742
9.220
7.865
10.313
9.793
15.471
8.282
19.794
12.866
10.418
9.272
13.074
13.022
7.657
11.460
11.407
19.742
7.605
9.115
7.709
9.376
38.546
12.085
7.501
9.376
9.792
11.460
8.386
7.605
11.615
8.491
7.762
7.709
15.575
9.429
9.272
8.803
7.918
8.022
12.918
13.074
8.386
7.709
14.429
9.168
9.064
7.709
14.585
9.168
9.949
15.731
9.897
8.282
8.855
9.115
7.709
7.501
11.356
15.626
7.709
9.116
15.783
7.501
7.814
9.376
9.063
9.064
30.420
4.688
6.667
9.116
9.584
7.344
7.709
10.470
9.168
9.115
15.626
10.366
9.481
7.710
10.418
7.813
7.710
11.512
8.699
11.252
7.709
9.584
10.261
7.709
7.709
9.012
7.709
8.803
9.116
10.366
10.366
9.480
15.523
8.022
15.627
8.907
19.846
9.793
11.407
10.366
7.553
7.709
7.709
12.971
30.264
4.688
5.209
7.501
12.971
9.429
7.657
7.865
19.846
7.710
7.761
9.532
13.022
7.761
7.605
12.918
8.386
9.689
19.794
15.627
15.523
9.168
7.605
19.794
15.627
15.627
9.324
19.898
10.314
7.709
9.793
9.688
9.688
9.011
7.657
9.011
7.761
7.605
13.022
9.064
7.657
9.376
7.605
9.793
6.719
15.627
4.740
8.647
9.429
7.605
19.846
9.792
9.272
9.064
7.710
10.314
7.814
19.742
9.011
8.752
8.334
7.605
9.689
9.064
11.304
9.793
8.803
9.689
12.866
19.846
7.605
19.794
9.220
10.366
7.761
8.490
7.813
7.709
7.917
9.688
9.011
9.792
10.366
19.794
8.803
7.657
7.605
4.688
16.668
6.303
4.740
7.605
15.575
7.605
7.605
7.657
9.012
10.366
9.272
15.575
7.710
7.605
15.575
10.418
7.814
7.605
10.418
9.376
7.657
9.116
11.304
15.575
8.907
9.063
9.584
8.907
9.116
13.022
7.709
7.814
7.918
8.699
8.230
9.116
9.429
7.605
7.709
15.574
8.386
11.303
9.220
9.116
7.762
4.688
6.928
8.803
9.636
7.605
7.761
7.553
9.011
19.846
9.272
9.115
7.813
9.689
8.699
19.794
9.376
10.365
9.480
8.698
9.116
9.116
15.575
9.220
15.470
7.709
7.658
7.605
8.803
9.741
9.168
8.907
8.803
8.855
15.627
8.439
7.814
7.710
7.709
9.115
7.865
8.126
8.595
10.313
8.282
8.022
41.203
7.032
11.303
13.022
7.709
7.710
15.523
9.116
9.740
9.116
9.845
7.710
7.710
7.970
7.658
7.605
10.313
7.917
7.813
7.918
7.710
7.866
7.605
9.012
9.012
8.699
19.794
9.480
8.907
19.794
8.439
7.814
7.605
8.334
7.710
7.709
7.709
8.803
9.012
7.761
19.846
15.627
13.074
7.918
6.303
13.231
7.188
10.313
11.408
13.022
8.074
9.793
7.917
9.428
11.304
10.418
9.064
8.907
8.803
8.908
19.794
19.794
7.866
7.710
7.605
9.741
8.334
7.657
7.657
8.334
11.407
8.855
9.377
10.262
9.012
19.846
9.324
9.324
7.709
7.814
8.022
7.709
10.418
9.167
8.803
19.898
7.709
7.813
6.199
6.875
19.846
15.575
7.709
7.606
9.011
9.324
11.303
7.709
8.699
9.116
7.814
7.866
7.605
15.731
7.553
7.917
10.314
8.960
8.804
15.679
19.846
7.657
19.846
19.794
9.689
8.126
10.314
19.794
7.605
7.606
7.918
15.627
9.116
7.709
8.283
7.761
7.605
15.523
15.626
44.276
6.511
9.220
7.762
14.950
9.063
12.971
7.710
9.064
7.709
10.313
11.356
12.918
8.334
13.074
7.605
13.023
9.585
12.971
7.710
11.408
7.709
7.917
8.021
11.303
9.168
12.970
15.627
12.866
9.116
9.116
7.813
11.356
8.490
9.688
8.855
8.907
15.627
7.814
9.689
13.022
7.605
11.303
9.688
45.317
6.824
7.032
19.951
11.408
15.626
19.898
8.490
19.794
8.439
7.762
7.814
8.491
7.605
7.709
9.116
7.814
7.866
19.794
7.709
9.689
15.679
7.709
11.356
10.313
8.907
8.698
9.116
9.689
13.023
9.324
7.605
10.418
19.690
8.907
7.657
8.803
8.907
7.709
9.115
7.709
8.699
43.338
4.688
6.095
7.292
8.751
9.115
7.709
19.794
19.898
8.699
8.334
7.917
7.709
12.970
9.533
9.012
9.116
7.762
12.970
15.627
8.855
10.262
19.742
15.679
7.814
7.709
7.917
7.709
7.605
9.793
9.168
15.627
11.303
7.657
9.116
11.355
8.386
7.709
8.022
9.740
7.865
7.709
9.428
7.605
7.709
38.599
18.179
10.418
7.605
11.303
7.709
7.657
9.792
19.794
10.262
19.846
7.709
7.657
7.657
7.918
7.605
19.742
11.408
9.012
9.116
10.314
8.386
15.678
19.846
9.740
10.470
8.699
19.794
8.282
8.021
7.657
7.658
12.918
9.115
8.022
7.709
13.022
9.688
15.627
9.168
10.314
7.605
6.407
6.824
8.022
7.814
12.918
9.168
10.314
8.490
7.709
15.523
11.407
8.855
9.324
11.303
8.386
9.688
9.324
7.657
15.574
8.282
12.970
15.731
9.116
9.116
7.866
7.710
11.460
9.115
7.709
9.064
13.023
9.584
10.314
9.376
7.762
9.116
15.575
7.605
13.022
7.709
7.813
