37.609
11.876
14.117
12.553
12.554
12.502
12.605
12.553
12.554
12.501
12.502
12.553
12.554
12.553
12.554
12.658
12.605
12.605
12.553
12.502
12.553
12.502
12.501
12.502
12.553
12.502
12.501
12.502
12.502
12.657
10.210
11.877
12.501
12.502
12.501
12.502
12.501
12.606
12.501
12.710
12.605
12.502
12.501
12.606
12.553
12.501
12.605
12.554
12.501
12.502
12.605
12.606
12.554
12.554
12.501
12.554
12.501
12.605
12.554
12.553
9.428
11.929
12.553
12.606
12.502
12.502
12.554
12.501
12.554
12.501
12.501
12.501
12.449
12.554
12.554
12.605
12.502
12.501
12.606
12.501
12.606
12.553
12.606
12.553
12.606
12.553
12.502
12.501
12.606
12.501
36.359
7.136
12.502
12.710
12.554
12.606
12.501
12.657
12.554
12.502
12.710
12.502
12.553
12.553
12.502
12.502
12.762
12.605
12.502
12.553
12.710
12.657
12.502
12.605
12.502
12.605
12.606
12.710
12.657
36.879
6.772
12.657
12.032
12.501
12.502
12.553
12.502
12.501
12.501
12.502
12.553
12.502
12.605
12.502
12.501
12.554
12.606
12.501
12.502
12.501
12.605
12.553
12.553
12.554
12.501
12.502
12.501
12.501
12.502
12.501
9.429
6.928
12.554
12.501
12.502
12.501
12.501
12.502
12.553
12.553
12.502
12.553
12.502
12.554
12.502
12.501
12.501
12.502
12.553
12.450
12.501
12.397
12.554
12.554
12.397
12.502
12.553
12.554
12.606
12.553
12.501
10.783
11.720
12.502
12.501
12.501
12.502
12.502
12.501
12.502
12.501
12.606
12.502
12.501
12.605
12.502
12.501
12.502
12.606
12.554
12.501
12.502
12.501
12.606
12.554
12.709
12.502
12.605
12.502
12.605
34.952
6.928
12.605
12.502
12.501
12.554
12.553
12.606
12.554
12.606
12.606
12.553
12.502
12.502
12.553
12.502
12.657
12.554
12.605
12.554
12.606
12.449
12.605
12.554
12.501
12.554
12.501
12.502
12.501
12.606
12.553
10.835
12.657
11.147
12.554
12.501
12.554
12.553
12.502
12.502
12.657
12.502
12.605
12.606
12.501
12.502
12.553
12.554
12.501
12.501
12.502
12.397
12.553
12.502
12.501
12.502
12.554
12.501
12.501
12.606
12.501
41.984
7.084
12.502
12.553
12.605
12.554
12.501
12.658
12.501
12.606
12.605
12.502
12.501
12.606
12.502
12.606
12.502
12.501
12.502
12.502
12.501
12.502
12.501
12.554
12.501
12.554
12.502
12.606
12.501
12.501
6.667
11.981
12.502
12.501
12.449
12.501
12.554
12.605
12.501
12.501
12.554
12.606
12.502
12.553
12.554
12.501
12.502
12.605
12.502
12.553
12.501
12.605
12.502
12.502
12.501
12.554
12.501
12.502
12.553
12.554
9.428
11.720
12.398
12.502
12.606
12.501
12.501
12.502
12.501
12.502
12.502
12.501
12.502
12.501
12.501
12.501
12.554
12.502
12.606
12.502
12.501
12.449
12.501
12.606
12.502
12.501
12.501
12.502
12.553
12.501
9.376
12.554
11.929
12.501
12.502
12.502
12.553
12.502
12.553
12.606
12.553
12.502
12.553
12.502
12.553
12.502
12.605
12.554
12.605
12.502
12.502
12.501
12.554
12.449
12.501
12.501
12.606
12.502
12.554
43.703
11.616
12.502
12.501
12.605
12.502
12.553
12.502
12.501
12.501
12.502
12.553
12.502
12.502
12.501
12.450
12.501
12.501
12.450
12.553
12.450
12.553
12.502
12.553
12.606
12.501
12.502
12.501
12.501
12.502
40.942
6.824
12.502
12.449
12.554
12.553
12.502
12.449
12.501
12.502
12.553
12.501
12.554
12.554
12.605
12.502
12.502
12.553
12.502
12.501
12.501
12.606
12.501
12.502
12.501
12.397
12.554
12.606
12.502
12.501
12.501
11.095
11.772
12.502
12.501
12.450
12.502
12.501
12.501
12.554
12.501
12.606
12.501
12.501
12.606
12.501
12.502
12.606
12.553
12.502
12.449
12.606
12.605
12.553
12.605
12.606
12.502
12.502
12.501
12.606
12.501
10.835
12.554
11.980
12.502
12.657
12.502
12.449
12.502
12.553
12.502
12.502
12.501
12.502
12.501
12.501
12.502
12.501
12.606
12.449
12.501
12.502
12.553
12.502
12.502
12.501
12.501
12.502
12.553
12.554
11.043
6.198
12.501
12.606
12.710
12.501
12.502
12.605
12.502
12.501
12.502
12.606
12.501
12.502
12.501
12.554
12.501
12.398
12.398
12.553
12.606
12.501
12.502
12.501
12.554
12.501
12.502
12.606
12.502
12.502
41.202
6.824
12.502
12.397
12.502
12.501
12.554
12.554
12.501
12.502
12.553
12.553
12.502
12.501
12.606
12.605
12.502
12.501
12.501
12.502
12.606
12.606
12.501
12.554
12.501
12.502
12.501
12.501
12.502
12.501
12.502
6.146
10.262
12.501
12.502
12.501
12.554
12.501
12.554
12.501
12.553
12.449
12.502
12.606
12.553
12.606
12.397
12.554
12.553
12.502
12.554
12.501
12.606
12.605
12.658
12.501
12.606
12.553
12.658
12.658
10.887
12.710
10.001
12.501
12.606
12.553
12.554
12.501
12.554
12.554
12.501
12.502
12.606
12.554
12.397
12.501
12.398
12.658
12.501
12.501
12.501
12.502
12.605
12.502
12.605
12.449
12.553
12.554
12.605
12.502
43.494
10.418
12.553
12.502
12.501
12.606
12.501
12.605
12.450
12.501
12.606
12.501
12.605
12.502
12.554
12.502
12.605
12.502
12.553
12.502
12.554
12.449
12.397
12.502
12.553
12.502
12.501
12.449
12.502
12.554
41.880
6.824
12.502
12.605
12.553
12.554
12.501
12.606
12.501
12.606
12.501
12.605
12.502
12.553
12.501
12.502
12.605
12.606
12.553
12.501
12.605
12.554
12.605
12.553
12.606
12.502
12.501
12.501
12.502
12.553
11.356
10.626
12.606
12.606
12.501
12.501
12.398
12.502
12.397
12.449
12.502
12.397
12.501
12.501
12.398
12.553
12.502
12.501
12.606
12.501
12.606
12.553
12.502
12.501
12.554
12.553
12.554
12.501
12.554
12.502
9.533
12.606
11.928
12.502
12.606
12.501
12.502
12.501
12.554
12.502
12.553
12.553
12.502
12.502
12.501
12.502
12.501
12.501
12.502
12.501
12.606
12.502
12.501
12.502
12.605
12.606
12.554
12.605
12.554
12.605
9.428
11.929
12.553
12.606
12.502
12.501
12.501
12.554
12.605
12.502
12.502
12.501
12.450
12.553
12.502
12.501
12.501
12.606
12.501
12.502
13.022
12.501
12.502
12.605
12.501
12.554
12.501
12.502
12.501
39.432
6.511
12.762
12.189
12.501
12.450
12.606
12.449
12.501
12.502
12.553
12.501
12.502
12.501
12.501
12.502
12.449
12.553
12.502
12.501
12.606
12.501
12.501
12.502
12.606
12.501
12.554
12.501
12.553
12.502
12.501
9.949
10.782
12.501
12.449
12.606
12.501
12.501
12.502
12.501
12.501
12.502
12.501
12.554
12.397
12.501
12.501
12.554
12.553
12.606
12.502
12.502
12.501
12.502
12.554
12.501
12.450
12.501
12.501
12.553
12.502
41.776
6.876
11.721
12.085
12.553
12.606
12.501
12.502
12.553
12.502
12.501
12.501
12.502
12.501
12.449
12.554
12.605
12.606
12.501
12.554
12.606
12.553
12.502
12.605
12.501
12.606
12.501
12.554
12.605
12.501
12.502
6.355
10.835
12.501
12.502
12.605
12.657
12.502
12.501
12.501
12.605
12.554
12.502
12.501
12.606
12.501
12.554
12.501
12.554
12.553
12.501
12.554
12.501
12.502
12.605
12.554
12.553
12.502
12.553
12.502
42.297
6.876
12.502
12.501
12.502
12.501
12.553
12.606
12.501
12.502
12.501
12.502
12.501
12.605
12.502
12.605
12.502
12.605
12.501
12.658
12.501
12.606
12.605
12.554
12.605
12.502
12.449
12.501
12.606
12.502
12.501
6.772
11.824
12.501
12.501
12.449
12.502
12.501
12.501
12.502
12.502
12.553
12.502
12.501
12.502
12.553
12.554
12.501
12.501
12.606
12.501
12.449
12.502
12.658
12.502
12.502
12.553
12.658
12.502
12.502
12.501
10.783
12.502
11.876
12.606
12.501
12.502
12.553
12.501
12.553
12.606
12.605
12.501
12.606
12.553
12.554
12.554
12.501
12.554
12.501
12.553
12.605
12.606
12.606
12.606
12.606
12.554
12.605
12.554
12.501
43.182
10.261
12.606
12.502
12.502
12.501
12.501
12.502
12.605
12.502
