611.217
295.660
303.212
324.569
287.065
287.585
321.027
258.207
318.371
331.706
317.589
303.368
282.845
298.941
310.296
274.198
286.023
258.363
316.496
283.940
299.046
259.822
257.530
294.826
293.420
291.596
328.841
303.108
272.636
333.997
280.918
267.896
290.919
292.534
322.277
309.463
281.022
259.926
304.358
300.504
264.458
373.117
282.845
280.450
317.746
282.116
280.814
355.093
292.638
287.169
714.251
263.364
285.242
281.387
281.440
276.543
265.083
274.251
324.256
280.814
288.576
316.391
264.302
254.769
281.908
334.674
298.576
279.095
293.993
306.390
284.825
268.625
303.057
337.383
286.283
2448.827
302.900
301.546
291.076
325.559
283.992
278.679
278.209
285.762
283.367
259.301
418.434
287.950
315.557
931.984
342.436
260.968
294.670
333.163
276.074
484.379
293.836
313.005
376.555
335.091
321.757
314.620
284.877
293.003
301.858
323.215
255.238
309.619
341.551
315.036
293.003
250.863
253.519
309.151
266.541
259.301
284.512
334.883
298.003
289.044
286.700
299.514
344.624
323.163
332.903
326.705
254.404
285.398
280.918
282.325
314.725
316.131
401.088
328.267
338.946
366.709
283.627
251.383
307.536
298.629
288.783
332.331
326.496
279.408
334.726
331.445
285.606
312.693
283.418
290.867
287.064
289.044
276.959
293.836
257.009
298.316
263.104
288.992
302.848
256.645
254.509
290.607
318.683
324.725
257.166
279.668
254.249
281.178
309.307
285.346
252.790
335.195
280.137
287.534
329.882
335.143
335.091
314.151
298.368
338.738
252.842
309.984
303.473
273.262
274.928
302.379
338.164
258.624
346.447
278.678
275.188
279.252
256.332
260.135
316.755
327.226
282.949
320.663
261.489
281.387
322.694
324.309
285.502
309.307
261.750
307.483
300.348
257.738
262.427
318.995
303.577
337.591
329.986
262.843
352.020
283.783
261.958
311.860
326.809
306.755
332.279
339.154
279.877
296.702
291.805
294.513
303.264
306.338
295.035
283.679
291.700
320.506
279.616
293.733
331.393
287.065
293.628
352.072
289.356
286.856
315.141
266.698
283.731
349.885
284.044
288.419
315.870
315.974
275.293
332.591
287.377
287.481
284.147
322.016
328.216
323.997
437.760
281.283
269.458
270.032
294.566
295.608
277.637
335.560
283.731
287.221
341.498
279.251
297.431
271.490
305.973
294.201
308.161
328.320
344.311
346.030
280.866
309.932
280.449
258.676
316.964
278.261
259.457
314.464
259.717
284.513
294.357
306.494
277.949
331.862
334.310
261.436
368.585
280.814
278.886
277.636
255.186
259.874
333.737
280.346
297.534
315.402
324.517
324.049
307.016
257.634
302.744
335.924
316.287
370.825
334.518
277.533
329.518
288.680
295.400
333.529
282.272
352.697
298.368
317.538
344.467
294.305
254.196
363.011
336.706
363.740
336.290
259.874
271.595
294.827
253.728
300.660
339.936
323.111
328.632
293.420
260.135
283.731
294.357
318.995
317.694
314.152
255.238
311.599
279.096
328.684
306.130
302.014
283.106
328.267
304.254
267.375
329.673
279.668
272.740
318.371
304.203
277.637
318.267
282.013
307.952
330.299
254.561
297.899
281.700
330.299
311.338
326.236
312.120
333.060
288.888
289.826
353.947
316.808
276.491
306.233
255.655
274.616
261.020
281.075
280.241
321.236
280.554
261.958
321.548
268.677
277.585
320.038
281.544
259.822
337.018
282.116
309.724
279.772
290.554
344.311
301.390
309.463
321.132
318.578
306.651
299.827
308.786
296.910
315.453
276.647
260.759
339.519
260.343
276.751
358.532
278.782
281.596
320.089
311.808
278.626
280.606
330.507
364.522
322.902
283.314
345.457
260.343
321.079
307.067
282.585
289.982
331.966
444.947
343.947
321.965
329.674
320.663
302.952
257.478
320.558
288.627
284.512
324.309
288.523
272.584
359.834
278.574
277.481
309.151
278.887
332.331
318.683
282.013
331.601
278.470
329.153
320.454
260.447
310.870
304.567
296.753
301.129
360.875
279.304
299.670
306.077
255.915
279.043
301.754
278.679
277.220
289.981
276.439
255.968
308.161
304.671
311.495
256.957
260.447
304.931
306.129
304.150
338.477
304.723
301.233
345.717
258.156
289.044
357.854
291.336
278.939
326.497
282.638
294.983
324.986
283.002
278.783
319.725
284.304
279.095
293.003
287.065
303.785
288.628
288.575
308.317
281.075
324.048
305.192
332.331
282.845
348.843
280.710
329.310
317.433
324.934
275.553
319.777
284.825
280.970
312.276
279.564
285.606
286.544
257.061
281.543
318.318
292.743
290.972
314.620
355.042
345.665
301.650
277.272
301.442
258.624
278.887
323.163
280.449
257.321
308.578
338.894
329.049
320.870
320.455
267.583
314.724
308.213
292.898
285.763
283.992
287.533
305.556
312.797
292.951
328.840
256.696
331.914
280.345
281.075
358.479
257.843
288.419
339.623
313.369
286.179
343.270
308.318
272.479
344.051
329.778
297.378
284.669
325.455
325.090
280.137
280.553
324.100
265.916
279.356
302.379
320.818
291.127
306.859
256.697
414.997
302.588
276.595
297.482
308.421
270.292
271.646
319.621
285.815
288.055
279.147
282.950
279.512
344.988
317.850
276.699
287.950
290.815
279.252
320.141
281.335
291.544
320.141
286.388
361.708
269.720
304.776
279.147
281.231
257.166
299.097
272.844
279.928
283.054
284.617
299.826
412.652
300.191
284.200
346.447
259.874
280.345
329.570
287.585
282.741
319.934
303.733
271.646
276.438
295.086
323.684
291.232
273.574
265.812
276.490
303.629
320.767
298.264
433.228
353.635
256.228
259.457
364.001
323.996
304.254
290.399
283.888
321.495
297.535
318.215
313.891
257.374
312.797
315.402
318.318
282.168
315.036
281.075
288.315
338.894
333.581
260.291
351.812
288.836
283.419
330.143
256.071
286.023
477.921
284.200
314.099
334.206
281.856
352.957
282.637
281.960
326.496
284.616
280.554
319.152
280.762
265.552
316.443
298.785
255.759
344.572
258.884
267.584
355.250
330.976
258.624
274.251
255.707
276.855
324.933
303.264
284.981
340.873
321.809
298.420
255.811
284.304
345.352
285.086
275.449
348.426
293.159
284.564
328.892
328.997
257.166
358.636
326.653
296.962
280.241
279.251
320.506
334.830
282.429
340.300
286.388
283.418
321.079
310.401
282.480
366.032
298.577
255.082
319.672
280.814
279.720
308.630
283.783
270.083
284.929
258.467
260.447
323.111
295.243
278.366
325.350
275.813
471.514
284.461
323.632
331.132
257.686
279.408
352.437
304.515
274.043
352.542
344.311
295.086
273.470
300.868
281.596
304.827
279.459
273.469
260.760
292.534
292.014
271.386
288.783
288.992
293.940
281.335
298.525
334.362
278.105
276.543
335.820
310.765
316.756
298.993
292.222
342.540
294.566
317.589
318.526
284.513
283.054
288.523
408.121
315.818
278.939
322.121
295.295
311.287
286.388
368.793
297.066
325.663
322.173
258.937
276.282
673.777
321.183
282.897
276.595
366.136
280.762
290.919
325.611
321.340
325.142
318.422
330.091
261.853
308.525
283.314
281.022
297.118
302.587
262.270
330.247
278.679
281.074
257.270
253.050
281.439
317.433
287.378
346.811
283.627
335.300
301.025
333.112
334.778
346.082
314.412
423.903
280.814
282.793
330.090
279.252
342.384
335.717
281.492
280.762
324.986
296.910
262.531
279.981
279.512
283.419
313.005
347.176
259.510
352.125
279.251
259.354
819.471
317.225
277.584
291.232
325.455
250.915
265.500
323.058
255.967
256.436
337.070
279.512
259.145
332.695
275.918
250.706
282.064
281.908
303.005
339.259
325.663
287.638
366.866
323.683
286.596
366.970
323.267
259.093
282.690
275.918
257.738
296.024
335.404
303.161
327.591
280.501
307.588
265.708
286.805
382.858
314.985
281.179
341.290
256.384
279.929
300.764
300.869
285.033
368.220
367.126
314.776
304.306
262.062
336.185
288.055
299.254
355.249
268.157
447.969
267.322
305.765
273.209
275.397
281.856
293.055
276.491
293.732
313.787
305.765
281.804
306.390
335.612
309.255
297.691
297.014
276.699
330.612
277.480
297.795
312.745
267.323
334.206
356.343
318.005
283.992
291.961
294.097
252.790
283.939
283.054
294.514
277.480
293.680
318.371
294.253
281.439
332.278
258.208
254.248
293.316
300.920
280.710
299.722
301.441
326.184
328.788
292.222
256.957
313.578
311.651
291.961
649.138
283.419
284.981
284.356
323.684
361.396
286.960
300.504
332.591
260.708
255.446
313.370
275.240
302.327
349.104
313.943
294.982
295.660
286.335
303.785
296.597
286.700
320.611
302.535
309.619
306.911
332.904
255.551
332.851
283.106
287.378
303.421
277.481
401.765
339.675
