58.809
54.277
54.225
54.121
54.173
54.121
54.069
54.068
53.964
54.173
54.068
76.623
54.068
54.069
54.069
54.173
54.225
54.069
54.173
54.016
54.069
54.121
54.120
54.069
54.225
54.226
54.069
54.017
54.121
54.069
54.069
54.121
54.173
54.069
54.225
54.017
77.613
54.225
54.017
54.017
54.121
54.016
54.173
54.173
54.017
54.173
54.121
54.173
78.290
54.225
54.121
54.069
54.121
54.173
54.121
54.016
53.965
54.121
54.225
54.120
54.069
79.333
54.017
54.121
54.173
54.173
54.017
54.173
54.121
54.121
54.121
54.173
54.016
80.322
48.808
54.277
54.069
54.069
54.121
54.069
54.121
54.016
54.069
54.017
54.121
76.728
54.277
54.225
54.017
54.173
54.120
54.069
54.069
54.069
54.173
54.121
54.068
54.017
78.759
54.173
54.278
54.173
54.068
54.173
54.017
54.068
54.121
54.121
54.068
54.173
78.030
54.433
47.818
54.330
54.225
54.278
54.017
54.173
54.121
54.016
54.121
54.121
54.121
79.228
54.225
54.121
54.173
54.121
54.017
54.120
54.069
54.121
54.016
54.173
54.017
80.687
54.225
54.173
54.173
54.069
54.069
54.121
54.068
54.121
54.121
54.173
54.121
54.121
54.433
54.121
54.121
54.173
54.017
54.121
53.964
54.069
54.173
54.120
54.121
54.121
83.551
54.017
54.069
54.173
54.069
54.225
53.965
54.121
54.121
54.121
54.069
54.069
81.155
54.277
54.173
54.173
54.017
54.069
54.069
54.069
53.965
54.173
54.121
54.225
90.271
54.225
54.225
54.173
54.173
54.121
54.069
54.069
54.173
54.121
54.121
54.121
54.121
86.833
54.069
54.121
54.069
54.121
54.069
54.173
54.121
54.173
54.017
54.069
54.017
81.103
54.069
54.121
54.121
54.173
54.120
54.069
54.017
54.173
54.069
54.173
54.017
54.068
54.330
54.277
54.017
54.068
54.068
54.016
54.121
54.225
54.121
54.225
54.069
54.121
83.655
54.225
54.069
54.121
54.121
54.173
54.121
54.121
54.068
54.069
54.069
54.121
88.136
54.173
54.121
54.069
54.121
54.068
54.173
54.121
54.016
54.121
54.173
54.069
54.017
54.329
54.121
54.069
54.120
54.225
54.121
54.121
54.121
54.173
54.121
54.173
54.121
54.537
54.173
54.120
54.121
54.068
54.225
54.016
54.277
54.120
54.121
54.538
54.016
84.801
54.120
54.017
54.121
54.121
54.121
54.017
54.069
54.121
54.068
54.121
54.173
89.958
54.329
54.068
54.017
54.225
54.120
54.069
54.173
53.964
54.069
54.121
54.121
54.069
87.302
54.069
54.069
54.069
54.069
54.068
54.173
54.017
54.068
54.016
54.225
54.121
80.322
53.756
54.173
54.121
54.173
54.173
54.121
54.069
54.068
54.069
54.069
54.069
54.069
53.756
54.069
54.069
54.069
54.068
54.173
54.069
54.121
54.017
54.017
54.017
54.121
84.489
54.590
54.069
54.173
54.121
54.121
54.121
54.069
54.121
54.121
54.069
54.121
82.406
54.069
54.225
54.069
54.173
54.173
54.121
54.121
54.121
54.121
54.016
54.225
90.218
53.757
54.121
54.121
53.964
54.173
54.017
54.173
54.016
54.068
54.069
54.121
54.121
87.093
54.069
54.069
54.016
54.069
54.017
54.277
54.173
54.173
53.965
54.173
54.121
83.291
54.120
54.121
54.121
54.069
54.121
54.173
54.069
54.121
54.068
54.069
54.017
54.121
54.277
54.069
54.173
54.068
54.121
54.017
54.121
54.173
54.121
54.068
54.121
54.069
87.875
54.330
54.278
54.121
54.069
54.121
54.069
54.068
54.121
54.121
54.120
54.069
83.447
54.225
54.069
54.069
54.120
54.069
54.017
54.069
54.121
54.017
54.121
54.121
85.323
54.225
54.068
54.017
54.121
54.069
54.121
54.069
54.069
54.121
54.120
54.069
53.965
54.225
54.069
54.173
54.173
54.016
54.068
54.173
54.173
54.173
54.069
54.069
54.121
83.499
54.486
54.173
54.069
54.121
54.121
54.121
54.017
54.173
54.173
54.121
54.121
54.069
54.121
54.068
54.069
54.017
54.225
54.121
54.121
54.121
54.173
54.173
54.069
54.121
86.624
54.121
54.173
53.965
54.069
54.017
54.173
54.017
54.069
54.069
54.120
54.017
83.135
54.016
54.121
54.069
54.121
54.121
54.121
54.120
54.121
54.069
54.120
54.121
54.069
53.808
54.330
53.965
54.016
54.121
54.017
54.069
54.068
54.173
54.121
54.068
54.016
54.382
54.173
54.121
54.173
54.069
54.225
54.121
54.069
54.069
54.069
54.121
54.121
82.771
54.069
54.069
54.017
54.069
54.173
54.017
54.069
54.069
54.121
54.069
54.121
54.121
54.173
54.069
54.068
54.121
54.017
54.120
54.173
54.017
54.121
54.120
54.225
54.121
85.218
54.278
54.121
54.016
54.121
54.017
54.121
54.016
54.225
54.121
54.016
54.069
83.604
54.173
54.069
54.121
54.173
54.121
54.121
54.069
54.069
54.069
54.173
54.069
54.121
53.808
54.121
54.121
54.121
54.069
54.069
54.120
54.069
54.225
54.069
54.017
54.225
84.645
54.121
54.121
54.017
54.121
54.069
54.068
54.069
54.121
54.121
54.017
54.121
83.552
54.954
54.173
54.121
54.173
54.016
54.121
54.069
54.069
54.068
54.069
54.017
54.121
54.278
54.173
54.068
54.173
54.017
54.120
53.965
54.017
54.121
54.068
54.069
54.069
82.458
54.173
54.069
54.120
54.069
54.121
54.017
54.121
54.121
54.120
54.121
54.121
88.291
54.173
54.069
54.068
54.069
54.069
54.069
54.069
54.069
54.121
54.069
54.069
54.121
86.520
54.173
54.069
54.069
54.068
54.121
54.173
54.173
54.173
54.068
54.069
54.069
85.427
54.069
54.225
54.121
54.329
54.017
54.069
54.069
54.069
54.068
54.121
53.965
54.173
54.277
54.121
54.017
54.069
54.069
54.069
54.069
54.017
54.173
54.173
54.173
54.017
54.225
54.173
54.068
54.069
54.173
54.225
54.016
54.069
54.017
54.069
54.121
54.277
83.291
54.433
54.173
54.069
54.016
54.017
54.173
54.121
54.121
54.069
53.965
54.120
54.069
54.329
54.069
54.173
54.069
54.069
54.173
54.069
54.069
54.068
54.121
54.017
54.016
87.458
54.121
54.121
54.069
54.277
54.016
54.121
54.121
54.069
54.121
54.017
54.017
83.552
54.121
54.173
54.225
54.173
54.173
54.173
54.120
54.173
54.017
54.068
54.069
54.069
53.652
54.225
54.121
53.965
54.069
54.173
54.120
54.121
54.121
54.068
54.069
54.069
83.812
54.069
54.068
54.121
54.069
54.121
54.121
54.017
54.069
54.121
54.173
54.017
81.260
54.121
54.173
53.965
54.121
54.069
54.121
54.121
54.121
54.017
54.173
54.121
54.069
54.330
54.069
54.173
54.069
54.120
54.121
54.069
54.120
54.017
54.173
54.016
54.121
80.687
54.382
54.173
54.069
54.069
54.069
54.120
54.173
54.121
54.173
54.121
54.121
83.656
54.173
54.068
54.277
54.068
54.121
53.965
54.068
54.121
54.173
54.017
54.069
54.017
85.895
54.017
54.121
54.121
54.173
54.173
54.068
54.069
54.069
54.069
54.173
54.069
83.500
54.120
54.069
54.069
54.017
54.016
54.069
54.069
54.121
54.069
54.225
54.121
54.069
53.600
54.225
54.121
54.069
54.121
54.069
54.069
54.225
54.069
54.173
54.068
54.121
54.277
54.121
54.069
54.069
54.121
54.173
53.964
54.225
54.016
54.017
54.017
54.069
83.812
54.329
54.121
54.017
54.173
54.121
54.121
54.120
53.964
54.121
54.069
54.278
89.386
54.121
54.069
54.173
54.069
54.173
54.069
54.121
54.121
54.173
54.121
54.277
54.121
54.434
54.277
54.069
54.069
54.173
54.068
54.016
54.069
54.173
54.069
54.121
54.173
84.749
54.277
54.121
54.121
54.225
54.017
54.121
53.964
54.121
54.069
54.173
54.069
54.173
54.173
54.121
54.069
54.017
54.016
54.017
54.017
54.069
54.069
54.121
54.017
54.121
87.458
54.069
54.069
54.173
54.121
54.121
54.173
54.121
54.173
54.069
54.017
54.017
86.938
54.382
54.017
54.069
54.069
54.069
54.017
54.069
54.173
54.121
54.069
54.068
84.958
54.277
54.069
54.069
54.016
54.173
54.017
54.121
54.069
54.121
54.016
54.121
54.069
54.485
54.069
54.069
54.068
54.121
54.121
54.068
54.121
54.121
54.121
54.017
54.121
85.739
