565.483
527.562
555.274
554.856
526.729
554.857
526.884
554.388
526.572
554.648
526.780
527.041
555.117
526.937
556.002
526.103
555.013
527.092
555.274
548.397
527.041
554.960
526.989
559.284
526.937
560.065
526.572
559.597
559.857
526.624
559.857
527.040
559.961
526.624
560.794
559.492
526.676
561.524
526.988
559.701
526.781
558.815
562.722
526.780
558.242
527.093
560.170
526.467
559.493
526.415
560.066
559.857
526.936
559.961
526.936
560.065
526.885
559.544
558.347
526.728
559.909
526.676
558.659
526.780
560.221
526.624
559.493
559.544
526.729
559.805
526.988
561.316
526.155
557.669
559.128
526.833
560.065
526.572
559.857
526.677
561.576
526.624
526.884
558.867
527.353
561.368
526.520
559.909
526.989
526.937
560.743
527.093
560.222
526.988
561.159
526.884
560.795
559.388
526.832
561.836
526.989
561.732
526.780
559.649
553.763
527.197
559.857
527.041
559.805
526.988
560.066
527.353
559.545
559.753
526.572
560.221
526.885
560.170
526.728
559.440
554.544
526.780
560.013
526.676
559.492
526.937
560.273
526.988
527.040
560.222
526.989
559.544
526.937
558.190
527.041
558.242
559.180
527.041
559.023
526.729
559.389
526.676
558.399
555.585
527.145
557.618
526.937
558.972
526.780
558.971
526.937
558.555
559.180
526.729
558.346
526.572
559.909
527.093
558.190
556.940
526.989
559.649
527.301
559.545
526.728
559.388
527.093
559.701
558.867
527.093
561.055
526.833
560.482
527.145
559.076
558.034
527.145
559.596
527.144
560.014
526.780
559.753
552.877
527.353
560.691
527.145
559.336
526.832
559.753
526.624
561.472
561.107
526.832
559.336
526.729
557.617
526.416
559.440
555.221
526.676
560.013
526.416
559.545
526.624
559.337
527.145
558.450
559.024
526.989
558.711
527.145
558.294
526.780
560.274
559.649
526.728
561.264
527.040
559.857
526.884
560.742
527.145
526.989
559.596
526.884
560.326
527.093
561.784
526.989
559.232
560.169
526.885
559.440
526.833
559.961
526.884
559.857
556.472
527.978
561.160
527.614
561.055
527.666
560.794
527.874
560.638
558.659
527.718
560.638
527.197
560.743
527.613
561.264
554.596
527.822
562.045
527.822
560.690
527.614
560.221
556.627
527.874
561.055
527.510
561.107
527.510
560.898
527.823
527.927
560.847
527.457
560.430
527.823
560.898
527.510
559.232
561.941
527.509
560.430
527.770
560.378
527.874
560.951
558.764
527.822
561.003
527.717
561.003
527.717
560.743
527.874
560.743
560.274
527.718
560.221
527.770
561.003
527.509
560.638
561.056
527.457
560.690
526.676
558.920
526.989
559.700
557.409
526.155
560.378
526.728
559.492
526.833
560.169
526.780
559.701
561.160
526.780
560.222
526.572
560.534
526.676
559.805
553.711
526.520
557.773
526.572
560.221
526.884
559.909
526.572
559.284
558.503
526.937
557.982
526.572
557.721
526.676
559.076
554.440
526.728
560.118
526.884
558.868
526.676
559.700
526.833
527.353
561.003
526.885
559.075
526.624
557.826
526.676
559.544
559.962
526.363
557.722
526.519
557.982
526.937
557.774
557.357
526.936
559.805
526.416
559.544
526.415
561.316
526.884
559.753
559.545
526.936
559.232
526.937
558.191
526.832
560.014
557.252
527.561
560.430
527.562
560.430
527.718
558.815
527.458
527.770
558.920
527.666
559.805
527.613
560.587
527.926
559.545
560.587
527.874
560.586
527.457
562.201
527.614
560.013
554.596
527.770
560.378
527.822
561.107
527.770
560.690
527.562
560.066
558.867
526.936
558.242
526.781
559.076
526.989
560.013
556.367
526.988
558.920
526.467
559.961
526.936
559.284
526.624
559.962
559.596
526.936
558.815
526.364
559.232
526.676
557.825
559.388
527.145
560.065
526.884
560.170
526.677
558.086
555.326
526.729
559.441
526.363
559.284
526.937
561.524
526.832
526.676
557.669
526.780
558.868
526.989
559.232
526.936
559.492
558.503
526.624
561.628
526.833
559.128
526.884
557.878
561.576
526.415
559.753
526.885
559.075
526.781
559.700
526.937
559.753
559.492
526.728
557.722
526.936
560.170
526.832
559.649
557.669
527.197
560.118
526.936
557.825
526.729
559.596
526.885
558.919
559.649
526.937
558.659
526.728
561.003
526.885
559.753
557.565
527.093
559.544
526.676
558.972
526.832
557.669
526.833
559.284
559.649
526.676
559.128
526.624
559.128
526.937
559.492
557.253
526.832
560.274
526.988
559.909
526.781
560.378
562.514
527.041
559.649
527.249
559.440
526.677
560.221
526.832
527.353
560.638
526.989
559.961
526.884
558.815
526.936
560.170
560.169
526.572
560.899
526.676
559.753
526.780
559.805
555.534
526.728
561.471
526.624
560.117
526.781
560.221
526.624
559.389
559.648
526.884
557.721
526.833
558.242
526.780
560.066
553.814
526.780
560.065
526.988
560.222
526.833
561.732
526.885
559.337
559.805
526.936
558.503
526.676
560.013
526.885
559.961
558.659
526.884
560.066
526.885
559.857
526.833
559.596
526.625
526.832
559.961
526.729
559.389
526.676
559.596
526.312
560.169
560.534
526.884
560.013
526.728
559.753
526.832
559.961
557.669
526.676
559.857
526.833
559.962
526.832
557.513
526.885
561.524
559.962
526.572
560.014
526.989
558.816
526.624
559.492
560.118
526.728
559.544
526.937
559.596
526.624
561.316
553.710
526.780
560.013
526.937
559.544
526.728
559.284
526.989
559.389
559.700
526.885
560.430
526.728
560.170
526.832
559.597
557.721
526.676
559.492
526.677
558.347
526.989
559.961
526.884
559.649
558.763
526.989
561.055
526.937
560.221
526.780
560.065
555.898
527.040
560.221
526.937
560.430
526.936
559.961
526.833
526.988
560.430
526.729
560.065
526.832
559.910
526.415
559.389
561.315
527.041
560.065
526.885
559.596
526.781
557.982
557.565
527.145
560.014
526.780
559.909
526.833
559.336
526.624
560.170
560.117
526.937
560.378
526.572
558.451
526.624
559.961
560.222
526.624
559.961
526.624
559.701
527.145
557.982
560.586
526.884
559.232
526.885
559.440
526.728
560.378
526.937
561.107
559.909
526.833
560.690
526.937
559.649
526.363
560.065
554.544
526.624
557.774
526.520
558.711
526.676
559.909
526.937
560.274
559.023
526.833
559.649
526.832
559.909
526.989
560.847
557.617
526.885
560.534
526.937
560.274
526.936
559.493
526.519
526.885
560.274
527.041
560.065
526.989
560.065
526.989
558.034
560.014
526.729
559.805
526.571
559.337
526.884
557.096
558.294
526.832
559.753
526.832
559.961
526.468
557.877
526.728
560.638
559.753
526.728
560.222
526.676
558.815
526.624
560.117
557.252
526.728
559.909
526.780
559.545
526.884
560.326
526.676
559.857
559.492
526.572
558.555
526.833
560.377
526.936
561.628
559.909
526.624
559.701
526.780
560.170
526.832
560.274
557.409
526.833
559.544
526.780
561.212
526.833
559.441
526.780
527.197
559.024
527.093
560.065
526.989
560.117
526.936
559.857
558.555
526.780
560.118
526.884
559.805
526.885
559.909
554.648
527.093
560.118
526.832
559.232
526.728
561.264
526.936
558.295
559.857
526.676
559.857
526.624
560.013
526.572
559.701
556.524
526.989
560.065
526.468
559.753
526.936
558.451
526.624
559.805
561.420
526.728
559.857
526.988
559.337
526.780
559.961
554.909
526.833
560.326
526.624
559.597
527.041
559.858
526.781
527.197
559.910
526.936
558.451
526.780
559.753
526.884
560.170
559.492
526.624
559.805
526.833
559.909
526.676
559.909
557.357
526.780
558.763
526.833
560.273
526.676
561.732
526.728
526.988
557.721
526.989
559.753
526.728
560.065
526.884
560.378
558.138
526.989
560.847
526.936
557.930
526.937
560.430
555.690
526.676
561.368
526.780
557.721
526.781
559.024
526.833
559.232
559.492
526.937
557.981
526.624
558.398
526.937
558.033
554.804
526.833
558.659
526.468
559.545
526.676
558.242
526.988
559.336
558.971
526.781
559.284
526.572
559.389
526.572
559.753
553.710
527.041
559.597
526.468
559.493
527.093
559.389
526.936
558.816
559.023
526.728
558.503
526.989
558.190
526.363
561.420
554.544
526.729
561.785
526.728
558.086
526.624
558.816
526.936
527.145
559.441
527.093
558.398
526.572
558.086
526.833
561.159
557.878
526.468
559.597
526.832
559.440
526.677
559.597
555.898
527.040
558.139
526.884
561.263
526.885
559.180
526.936
527.093
559.805
526.989
559.388
526.416
559.388
526.728
559.128
559.493
526.832
557.930
526.572
559.128
526.884
559.701
565.223
527.197
559.909
526.729
560.118
526.728
558.972
526.884
559.024
557.878
526.468
559.440
526.416
559.284
526.676
