29.431
54.954
31.670
28.753
29.066
30.680
30.837
30.837
31.514
29.327
29.899
29.326
29.483
32.452
29.534
29.535
26.983
30.264
31.306
27.504
30.524
30.993
31.514
27.763
28.024
28.076
28.753
30.993
31.045
28.962
31.045
29.899
28.701
28.597
28.909
29.326
30.837
27.973
29.118
28.232
29.326
30.107
28.441
30.473
28.754
27.190
27.712
31.202
29.951
30.316
28.597
29.326
30.629
30.056
28.181
30.368
30.160
29.014
28.336
28.545
29.170
32.817
28.858
30.056
29.483
28.388
30.264
31.098
31.722
31.098
29.900
29.431
28.493
31.097
31.045
29.743
29.796
29.952
29.379
28.129
30.056
30.525
27.816
30.368
28.961
31.410
31.201
59.903
30.160
32.087
31.202
30.003
29.535
29.223
32.087
29.430
30.472
29.066
29.327
30.212
30.420
31.462
28.806
30.316
30.212
30.159
29.014
31.098
29.795
29.430
30.837
29.795
30.733
30.473
28.024
30.056
33.233
29.587
30.837
29.431
29.170
29.014
27.659
31.201
31.722
30.316
31.253
29.587
29.587
28.389
57.611
29.327
29.275
27.920
30.003
29.587
29.587
28.857
30.941
32.399
30.108
29.118
28.076
29.587
29.743
29.587
30.160
31.098
30.264
30.368
28.180
30.160
59.434
32.556
29.379
31.878
29.795
31.358
30.680
30.577
29.483
29.327
31.202
29.848
30.004
28.181
31.462
30.108
29.900
29.483
30.681
30.472
29.743
24.066
31.097
28.076
27.138
31.149
29.952
29.118
28.910
30.473
29.691
29.639
31.305
28.597
30.524
29.222
29.275
30.108
28.909
30.837
30.732
29.691
65.528
27.555
25.472
32.452
28.285
29.951
29.638
30.785
30.576
28.753
30.732
30.212
28.180
32.451
29.691
29.066
30.264
31.983
28.233
29.743
28.649
31.931
59.070
29.170
27.763
30.629
28.129
29.431
30.160
31.879
29.535
29.379
29.327
31.202
31.149
29.587
29.691
30.577
29.639
28.701
29.118
30.316
31.931
31.358
58.027
30.576
31.306
28.232
29.275
27.035
28.441
30.003
29.014
31.462
29.795
31.462
29.118
29.899
28.441
30.889
31.722
28.493
31.358
29.899
31.306
58.705
30.264
27.868
32.868
27.764
27.712
28.961
29.326
29.535
30.004
30.368
30.160
32.191
29.743
30.837
32.504
31.722
31.254
31.410
28.858
30.525
28.910
26.982
29.900
29.900
32.660
29.118
31.827
29.586
31.150
28.910
29.691
31.827
29.066
27.816
26.670
28.493
29.014
30.889
30.159
31.306
29.796
28.025
65.737
32.348
29.170
29.534
29.847
31.722
30.420
29.535
31.045
27.920
31.045
30.107
31.514
30.420
30.003
29.327
29.795
30.733
30.629
28.806
27.815
30.004
55.007
31.202
30.368
30.056
28.597
29.170
30.889
30.108
27.659
30.941
31.515
29.066
28.180
29.899
30.472
27.764
28.076
31.618
30.732
31.149
29.900
57.820
28.128
30.264
31.983
30.680
28.857
28.962
28.493
30.368
29.170
31.410
29.014
29.482
33.650
27.295
29.691
31.514
29.691
28.649
28.597
29.170
30.628
57.611
28.076
31.723
29.691
27.295
30.420
31.462
30.212
28.701
29.118
31.358
28.910
28.493
29.952
27.295
30.420
28.284
29.795
30.629
28.910
25.523
26.982
60.945
28.910
29.848
29.691
29.743
28.805
30.472
30.785
29.900
27.452
30.629
28.493
30.941
29.899
28.180
30.993
29.431
31.254
29.951
31.201
31.150
28.597
27.816
27.607
30.941
30.577
29.170
30.212
27.086
27.920
30.472
29.900
31.202
30.785
30.525
29.118
28.024
29.586
31.618
29.691
30.733
28.077
28.806
28.181
31.357
32.504
27.867
29.847
31.306
29.951
31.357
31.566
29.274
31.618
29.534
28.597
28.961
28.857
30.889
31.462
29.014
30.993
31.462
30.160
55.579
28.702
30.941
27.191
28.180
30.577
30.159
30.368
30.472
29.274
30.003
30.056
30.785
30.055
30.160
29.065
27.607
29.118
30.003
29.222
28.753
29.170
56.986
28.545
33.181
29.066
30.264
29.482
30.316
26.930
30.159
29.847
31.931
33.129
28.910
29.013
29.952
30.941
29.222
31.306
28.702
31.045
26.982
28.076
55.579
28.024
29.014
31.046
29.952
30.212
30.368
28.805
29.587
30.108
28.076
31.670
26.826
31.254
28.961
29.639
30.421
28.858
29.171
27.087
31.618
55.996
24.274
28.232
30.681
29.378
27.920
29.743
32.400
29.222
30.264
30.837
28.493
30.368
30.733
29.743
30.160
28.753
29.482
29.795
27.972
29.326
30.889
56.882
23.909
31.306
29.014
30.733
29.691
28.024
28.389
28.701
29.118
31.618
33.337
28.493
31.462
28.337
29.743
29.847
28.388
31.618
30.368
30.576
32.243
57.767
29.118
30.108
30.368
30.108
28.909
30.785
29.796
28.545
31.826
28.493
31.618
30.264
29.691
29.170
30.420
30.837
29.379
28.024
28.493
30.421
64.799
29.639
29.430
32.556
27.972
29.483
31.149
29.118
29.013
29.326
29.691
31.566
28.701
29.274
29.118
27.712
29.482
29.274
28.649
30.211
30.525
30.420
56.517
30.056
30.159
29.482
28.024
28.128
30.524
30.264
27.399
28.024
29.639
30.160
29.535
31.202
29.952
29.327
29.223
30.264
29.847
29.638
30.993
28.493
56.726
29.327
29.847
29.847
29.587
28.076
28.806
30.785
31.722
28.857
30.472
30.004
30.889
31.723
28.129
29.014
28.232
29.743
30.211
30.993
31.150
28.493
58.757
31.150
30.264
30.524
30.108
30.263
30.629
28.493
27.295
30.473
28.753
29.639
31.045
32.556
29.795
29.014
30.003
29.274
32.139
30.263
31.462
27.920
22.294
29.639
30.941
31.358
26.513
27.607
28.753
30.004
29.431
29.014
30.212
29.535
28.232
29.170
30.108
29.691
32.452
29.222
29.430
32.451
29.639
28.545
28.806
31.462
29.170
29.691
28.962
27.399
29.170
31.931
29.171
29.795
29.014
32.295
31.722
31.149
29.118
31.045
29.638
29.274
30.576
30.160
61.518
29.691
30.420
28.962
31.202
27.086
30.681
28.806
29.327
27.920
29.639
32.452
31.723
29.535
30.993
29.691
30.160
31.878
28.389
30.004
28.701
29.117
58.497
29.170
29.066
29.639
31.514
30.784
28.857
29.014
29.899
30.264
28.337
28.702
29.587
28.440
30.785
30.732
29.847
29.951
29.014
32.660
28.649
55.423
29.274
30.316
30.837
28.649
27.972
31.566
28.545
27.816
29.170
30.368
30.369
30.889
31.358
28.337
31.409
30.264
27.868
28.701
30.316
31.150
29.638
52.819
30.837
29.013
30.004
28.492
28.337
27.503
29.066
29.899
29.691
27.399
31.879
28.753
28.389
29.483
29.586
30.055
29.118
28.649
28.961
28.180
27.920
58.601
29.691
29.430
28.701
32.087
28.649
30.733
30.681
29.430
29.274
31.722
29.899
29.013
28.493
28.233
28.910
30.472
30.263
27.712
29.691
31.045
28.597
58.340
32.348
28.753
27.607
30.941
26.878
30.785
28.545
28.232
31.879
30.628
27.972
28.441
29.951
30.472
29.587
32.972
29.482
28.805
30.889
28.701
62.038
28.076
29.743
30.993
30.473
29.743
29.847
30.472
31.046
28.702
29.795
27.295
30.629
29.482
30.889
29.691
29.847
30.420
31.045
30.212
29.796
30.212
57.454
27.607
29.327
29.170
26.305
30.889
28.285
29.952
28.962
28.336
29.326
29.587
28.389
29.847
31.201
28.388
26.878
30.107
29.639
29.066
28.701
28.649
60.684
27.034
28.388
31.514
29.534
29.743
30.837
32.243
29.691
30.160
31.150
30.368
28.910
29.900
30.368
31.254
28.441
30.264
28.961
27.607
29.795
28.805
59.798
28.962
30.993
30.420
30.889
29.274
28.805
31.045
27.295
29.639
30.264
30.264
31.046
30.420
30.264
30.629
29.535
31.357
27.660
30.733
28.284
59.121
28.701
30.733
29.795
29.326
29.690
29.899
30.107
29.274
30.577
28.181
30.212
30.628
29.274
30.681
30.316
29.952
30.784
30.003
30.785
28.025
26.566
30.160
28.284
30.003
28.805
30.524
28.493
31.305
29.274
28.962
28.492
30.681
30.264
29.899
32.556
29.431
30.004
27.139
27.555
27.295
30.004
30.577
65.164
24.378
31.254
29.900
29.379
30.316
25.992
30.681
28.181
29.847
28.701
29.378
28.128
31.045
30.889
28.024
31.983
30.993
30.628
30.472
29.118
30.837
57.507
30.211
30.369
29.535
28.441
