7316.272
7149.325
7138.178
7119.530
7112.133
7111.769
7127.447
7098.330
7108.539
7091.089
7087.443
7092.495
7089.578
7092.547
7120.572
7085.255
7080.567
7104.320
7101.455
7084.057
7096.402
7081.870
7128.333
7073.639
7078.796
7083.588
7078.275
7082.703
7063.430
7069.941
7083.641
7068.638
7086.661
7074.941
7082.182
7070.202
7079.422
7071.555
7089.214
7124.947
7082.338
7073.119
7066.867
7076.452
7075.202
7072.233
7036.500
7062.909
7061.450
7072.389
7050.511
7083.171
7078.952
7081.297
7079.213
7079.369
7074.680
7085.151
7087.964
7076.140
7068.222
7076.712
7100.569
7088.693
7077.703
7080.515
7095.829
7066.191
7044.625
7054.887
7063.273
7045.876
7053.481
7046.657
7045.667
7059.263
7050.981
7073.274
7044.834
7058.272
7049.365
7042.437
7043.948
7035.458
7042.021
7041.447
7052.386
7036.447
7039.573
7077.390
7048.323
7051.136
7034.052
7048.011
7043.376
7048.584
7059.992
7043.688
7055.044
7059.262
7064.627
7049.626
7043.480
7038.947
7055.824
7070.254
7079.317
7063.638
7067.805
7068.951
7073.014
7099.944
7067.076
7059.471
7071.816
7071.972
7069.108
7088.381
7076.348
7059.314
7095.516
7062.284
7063.846
7094.475
7078.848
7091.767
7088.172
7090.048
7081.088
7076.348
7076.609
7074.473
7059.888
7050.199
7050.043
7073.431
7065.045
7068.639
7065.253
7043.792
7067.753
7063.742
7071.921
7074.681
7077.546
7052.596
7076.764
7064.888
7082.338
7060.773
7055.096
7073.587
7059.628
7053.637
7045.303
7064.888
7048.584
7042.646
7057.023
7096.767
7071.816
7050.459
7063.690
7019.414
7018.268
7051.084
7035.301
7036.239
7035.354
7039.573
7048.845
7071.712
7048.168
7053.585
7050.876
7032.593
7037.176
7041.083
7055.408
7048.688
7040.146
7055.773
7051.084
7095.256
7051.032
7055.876
7047.698
7071.451
7051.605
7047.647
7061.971
7035.614
7044.521
7047.855
7034.416
7043.115
7032.958
7029.155
7026.499
7046.136
7042.229
7053.949
7058.586
7048.480
7046.241
7043.167
7048.637
7054.314
7054.053
7059.679
7039.417
7055.981
7057.700
7059.314
7051.606
7068.535
7054.835
7041.708
7023.842
7066.816
7029.519
7052.023
7046.552
7052.022
7038.323
7036.865
7050.147
7033.530
7038.688
7051.345
7017.904
7020.039
7033.426
7059.419
7045.980
7031.187
7044.625
7027.540
7042.386
7045.511
7035.458
7053.220
7057.856
7048.168
7041.865
7031.864
7053.273
7049.157
7052.386
7046.188
7028.999
7029.051
7039.364
7032.957
7041.709
7039.052
7077.441
7091.297
7050.355
7044.781
7042.750
7039.625
7045.772
7046.657
7037.594
7057.387
7047.230
7050.980
7035.041
7030.509
7039.000
7049.001
7058.950
7042.282
7036.343
7045.147
7047.490
7043.375
7040.459
7061.502
7061.814
7110.258
7065.617
7051.136
7049.626
7038.843
7064.367
7072.337
7067.389
7056.918
7068.066
7069.003
7069.993
7074.525
7062.128
7046.761
7058.690
7049.887
7075.046
7056.554
7046.345
7035.458
7097.288
7061.503
7065.253
7051.814
7052.647
7060.096
7033.947
7036.552
7053.585
7046.136
7066.711
7042.803
7058.585
7061.867
7056.450
7047.803
7050.980
7040.250
7052.803
7055.720
7051.709
7053.220
7050.459
7053.220
7063.430
7060.252
7058.638
7061.919
7045.094
7048.272
7055.043
7048.167
7059.523
7055.096
7046.396
7052.856
7057.804
7073.222
7041.083
7049.938
7049.314
7052.543
7050.355
7048.428
7051.553
7046.605
7079.473
7058.169
7064.680
7046.292
7050.616
7042.386
7049.262
7052.022
7037.072
7044.522
7087.391
7056.138
7038.167
7057.387
7050.199
7046.136
7036.760
7061.190
7055.200
7052.752
7044.157
7052.856
7044.678
7062.336
7061.242
7045.979
7046.605
7043.479
7045.094
7044.105
7052.647
7038.062
7045.407
7055.148
7050.147
7046.865
7047.125
7057.023
7043.949
7054.731
7043.844
7035.614
7049.314
7062.700
7058.012
7099.423
7066.920
7068.430
7076.296
7069.420
7070.670
7088.120
7092.339
7063.534
7108.279
7079.890
7078.275
7074.525
7058.220
7071.764
7075.567
7074.837
7068.638
7101.715
7088.954
7092.756
7076.817
7055.668
7058.012
7068.169
7084.526
7085.776
7064.367
7086.506
7076.452
7082.443
7080.411
7068.430
7068.534
7073.692
7078.275
7087.339
7065.670
7078.171
7061.659
7070.514
7078.171
7078.536
7080.620
7123.124
7072.598
7077.390
7084.890
7069.264
7060.096
7064.628
7075.307
7067.076
7083.901
7078.484
7080.203
7069.108
7071.452
7061.555
7069.160
7064.940
7050.355
7057.856
7080.880
7064.003
7056.658
7071.244
7064.784
7056.137
7055.617
7064.003
7062.805
7069.680
7100.569
7085.099
7052.178
7070.983
7080.567
7056.190
7064.576
7058.325
7063.846
7065.514
7096.246
7066.138
7062.961
7053.429
7055.304
7041.344
7064.367
7055.773
7041.136
7032.749
7045.875
7038.218
7049.157
7062.909
7060.513
7064.836
7057.439
7075.150
7050.616
7080.359
7044.157
7108.904
7043.219
7036.187
7055.095
7031.707
7044.261
7044.261
7050.616
7038.531
7043.271
7049.366
7052.960
7108.122
7050.772
7058.638
7046.814
7046.501
7033.218
7046.397
7056.554
7069.212
7046.813
7060.461
7070.409
7070.358
7056.606
7046.865
7060.461
7073.379
7071.555
7076.348
7067.389
7057.231
7056.867
7079.994
7066.034
7069.003
7050.147
7051.762
7061.867
7058.585
7036.968
7056.554
7049.522
7085.568
7073.587
7072.650
7085.620
7073.535
7051.866
7059.679
7052.022
7054.783
7064.524
7078.848
7060.409
7044.105
7039.521
7046.136
7028.426
7032.958
7037.593
7038.739
7032.750
7030.665
7041.604
7041.135
7075.828
7028.426
7035.145
7053.012
7065.879
7057.544
7025.405
7027.541
7052.648
7040.771
7049.991
7056.919
7103.070
7057.856
7062.857
7051.085
7040.615
7046.501
7045.928
7054.210
7049.417
7039.364
7046.761
7030.041
7071.608
7035.145
7038.532
7028.321
7042.958
7041.604
7031.447
7039.469
7047.282
7049.626
7058.481
7040.667
7040.823
7057.023
7048.585
7056.241
7046.865
7058.481
7055.981
7049.626
7068.379
7044.522
7055.304
7060.201
7086.036
7047.178
7043.584
7044.313
7039.469
7049.053
7045.772
7043.636
7048.168
7056.606
7036.916
7042.855
7040.250
7016.080
7021.654
7032.020
7024.624
7024.571
7046.918
7044.470
7051.241
7048.533
7037.281
7049.053
7039.417
7044.990
7086.661
7041.448
7032.697
7041.813
7050.251
7070.201
7048.480
7041.605
7052.752
7046.345
7066.451
7040.771
7074.838
7058.429
7054.627
7079.838
7057.961
7050.616
7056.086
7048.428
7046.396
7044.365
7041.240
7063.430
7038.323
7056.919
7047.647
7051.085
7038.479
7045.771
7038.219
7042.699
7038.479
7041.969
7053.324
7051.033
7056.658
7067.336
7054.053
7041.969
7038.792
7040.927
7049.939
7034.312
7028.009
7039.469
7053.793
7044.574
7076.869
7043.167
7035.250
7032.853
7035.249
7038.948
7044.574
7036.760
7043.636
7032.749
7043.220
7051.033
7038.531
7077.390
7043.532
7039.313
7047.751
7055.512
7053.325
7046.137
7054.366
7046.605
7051.814
7053.741
7067.753
7072.494
7071.712
7067.077
7058.846
7060.304
7062.128
7066.972
7073.796
7064.888
7092.340
7061.972
7057.440
7069.524
7057.648
7075.619
7067.961
7084.943
7075.515
7068.118
7110.414
7066.243
7063.169
7069.890
7053.168
7065.045
7078.224
7071.087
7097.757
7125.625
7065.253
7060.408
7068.795
7066.712
7061.815
7064.368
7056.293
7081.869
7097.444
7053.637
7063.222
7053.013
7059.679
7038.375
7047.803
7043.584
7039.312
7037.124
7036.552
7041.344
7075.515
7045.824
7049.105
7053.793
7058.430
7048.272
7055.044
7067.441
7059.211
7072.494
7049.834
7101.455
7068.118
7067.910
7075.984
7061.659
7057.336
7062.180
7039.469
7047.751
7037.645
7032.124
7059.576
7049.314
7056.242
7069.160
7063.690
7056.658
7067.284
7061.346
7082.286
7066.712
7094.527
7079.734
7088.798
7076.556
7079.109
7082.442
7080.463
7101.664
7098.226
7075.151
7085.672
7062.545
7057.336
7051.658
7064.837
7063.743
7048.428
7068.795
7058.586
7044.313
7077.285
7067.545
7049.574
7066.712
7069.473
7074.473
7073.795
7053.064
7083.016
7091.767
7080.359
7093.226
7076.400
7076.660
7080.307
7050.928
7043.636
7103.175
7057.075
7068.743
7061.190
7048.324
7068.743
7059.054
7044.574
7051.971
7061.711
7062.075
7097.965
7060.096
7047.022
7050.252
7043.063
7041.969
7052.023
7069.004
7049.366
7059.263
7062.440
7092.496
7050.616
7055.200
7057.700
7044.209
7057.960
7049.730
7064.992
7070.826
7057.335
7052.283
7042.751
7061.972
7060.617
7060.565
7055.044
7042.439
7054.419
7054.783
7064.524
7076.921
7109.373
7067.180
7061.190
7054.210
7071.035
7078.380
7063.326
7053.742
7077.494
7072.494
7103.227
7069.264
7067.128
7080.307
7086.350
7079.474
7082.964
7076.400
7072.285
7084.006
7075.411
7074.525
7079.213
7072.181
7064.888
7062.597
7054.471
7062.701
7085.932
7066.764
7060.669
7075.150
7079.473
7073.744
7070.775
7081.662
7053.742
7090.933
7060.461
7052.335
7056.242
7066.555
7071.869
7068.639
7055.825
7070.150
7058.951
7091.402
7062.492
7049.834
7051.501
7066.711
7057.752
7051.294
7044.730
7049.835
7052.387
7059.315
7103.851
7056.034
7067.597
7065.826
7060.513
7052.023
7043.844
7060.356
7060.982
7069.264
7086.923
7062.700
7050.876
7051.710
7068.691
7074.682
7068.691
7069.264
7041.709
7044.522
7044.730
7080.412
7057.648
7055.930
7056.190
7060.513
7059.262
7066.868
7060.461
7064.211
7049.366
7058.898
7052.074
7057.804
7044.157
7045.094
7050.355
7053.637
7048.845
7065.409
7061.816
7061.399
7062.753
7057.909
7073.535
7065.670
7044.938
7056.346
7064.003
7050.148
7046.345
7058.326
7041.084
7083.693
7078.276
7077.338
7089.215
7075.358
7085.933
7066.555
7059.680
7059.888
7102.028
7082.495
7066.764
7077.807
7081.505
7066.555
7083.224
7081.974
