20072.556
19959.157
19978.638
19952.281
19926.757
19974.263
19922.903
19921.704
19980.879
20001.506
19943.061
19933.217
19940.509
19982.857
19953.739
19959.939
19956.553
19935.977
19927.070
19924.101
19933.893
19984.889
19952.854
19945.666
19962.439
19976.190
19954.104
19960.928
19949.104
19947.750
19952.073
19929.049
19927.382
19970.617
19925.299
19966.658
19956.501
19925.455
19930.925
19944.936
19975.409
19931.081
19969.002
19951.969
19960.615
19971.971
19946.447
19914.204
19943.843
19934.102
19978.117
19938.009
19941.603
19931.706
19966.762
19905.870
19967.752
19960.356
19967.960
19975.201
19957.751
19982.493
19954.470
19958.845
19955.824
19946.603
19932.644
19883.003
19968.325
19982.128
19962.335
19941.394
19962.960
19964.002
19967.700
19930.716
19965.252
19946.134
19963.272
19950.198
19958.896
19955.303
19876.022
19984.993
19952.907
19901.807
19976.555
19917.434
19999.526
19911.547
20007.861
19984.108
19947.490
19977.753
19963.012
19981.348
19958.324
19960.720
19974.315
19930.665
19989.057
19964.523
19945.198
19977.962
19960.928
19971.502
19934.936
19924.726
19970.461
19944.208
19951.344
19959.574
19962.282
19910.245
19958.220
19977.962
19957.178
19951.865
19918.163
19955.928
19917.122
19962.231
19950.771
19983.587
19925.143
19982.598
19941.082
19963.637
19918.059
19985.619
19977.858
19932.123
19917.017
19945.042
19946.240
19951.292
19961.658
19942.697
19954.313
19972.910
19951.240
19938.635
19963.533
19994.370
19917.642
19943.895
19936.290
19939.936
19939.624
19952.229
19941.186
19970.773
19980.879
19941.708
19971.712
19952.281
19947.959
19939.416
19954.626
19956.814
19934.363
20002.861
19971.919
19957.543
19994.474
20008.538
19947.854
19935.873
19977.337
19929.935
19961.814
19958.167
19940.093
19965.512
19941.447
19945.041
19961.658
19941.655
19964.679
19951.657
19949.469
19955.199
19942.124
19954.313
19933.946
19966.972
19939.520
19988.953
19952.126
19929.728
19933.582
19953.012
19956.085
19963.377
19953.428
19944.833
19933.946
19939.728
19957.803
19953.585
19958.950
19997.808
19956.397
19934.415
19998.642
20010.883
19975.566
19994.579
19913.580
19938.426
19938.739
19982.389
19926.290
19955.251
19949.886
19949.417
19914.465
19931.758
19961.762
19950.823
19950.876
19991.192
19937.541
19968.169
19922.644
19940.875
19951.032
19986.348
19933.686
19992.964
19968.690
19955.355
19940.562
19977.129
19912.851
19923.477
19949.000
19974.837
19937.488
19973.535
19926.446
19947.907
19975.827
19925.769
19918.320
19949.313
19933.999
19952.595
19954.418
19912.382
19967.284
19913.527
19982.807
20005.466
19955.407
19899.777
19942.073
19956.502
19937.437
19963.794
19990.724
19958.689
19959.991
19949.886
19968.221
19961.971
19949.470
19956.189
19966.242
19962.752
19932.175
19967.596
19915.194
20014.894
20003.226
19951.084
19946.135
19954.106
19999.632
19944.104
19956.605
19973.795
19935.040
19967.128
19966.034
19993.902
19868.314
19954.731
19927.593
19965.357
19947.230
19938.531
19951.970
19937.229
19968.222
19948.688
19975.983
19916.914
19915.976
20001.872
20005.883
19920.196
19971.816
19964.106
19957.231
19971.295
19949.001
19984.943
19931.760
19947.647
19968.587
19967.128
19988.120
19984.630
20004.737
19950.616
19974.056
19943.115
19966.139
19947.281
19927.280
19994.527
19949.418
19982.026
19993.069
19971.243
19943.219
19964.993
20010.154
19957.908
19954.210
19955.460
19944.782
19949.678
19959.732
19938.688
19964.471
19931.499
19938.792
19974.890
19921.029
19945.459
19981.141
19970.983
19943.531
19989.110
19969.681
20009.841
19965.617
19945.563
19997.965
19943.948
19955.252
19917.382
19926.915
19994.579
19954.939
19968.691
19962.179
19972.389
19961.711
20016.040
19920.821
19957.700
19976.869
19999.059
19981.192
19962.388
19974.733
19968.378
19935.562
19995.985
19963.117
19974.889
20003.226
19949.522
19917.851
19949.574
19949.157
19959.575
19968.170
19960.513
19975.931
19950.147
19932.385
19966.660
19968.899
19915.768
19936.864
19967.909
19891.025
19983.120
19976.348
19981.974
19905.090
19940.250
19958.117
19924.415
19949.053
19954.939
19929.363
19950.825
19964.420
19973.171
19957.596
19939.677
19944.574
19939.313
19941.240
19950.876
20008.956
19990.204
19964.628
19995.205
19989.058
19985.933
19922.644
19966.660
20005.935
19945.042
20001.664
19988.537
19939.833
19953.742
19937.750
19994.892
19939.625
19957.857
19973.952
19969.056
19991.402
19938.531
19952.440
19972.546
19948.168
19928.843
19933.583
19983.537
19986.297
19948.689
19988.902
20017.134
19963.535
19965.097
19970.202
19976.713
19981.870
20006.821
19962.232
19958.429
19978.380
19958.273
19942.230
19989.631
19976.713
19902.277
20021.823
19973.640
19939.313
19967.389
19945.929
19985.932
19952.752
19948.532
19984.735
19947.387
19970.201
19987.860
19915.873
19972.389
19970.254
20019.739
19969.160
19947.960
19978.380
19962.805
19963.899
19965.670
19981.818
19963.847
19942.021
19946.085
19945.720
19984.526
19957.284
19980.255
19978.068
19941.241
20001.403
19947.386
19947.595
19940.303
19970.254
19998.435
19953.221
19933.063
19943.272
19968.847
19953.533
19951.346
19974.786
19966.712
19981.401
19958.638
19981.922
19978.432
19947.075
19948.793
19957.336
19968.379
19932.646
19990.881
19958.221
19982.756
19951.554
19970.775
19951.502
19977.025
19949.575
19975.046
19959.003
19949.106
19951.866
19949.835
19964.993
19939.886
19978.120
20051.513
19955.878
19970.567
19937.282
19982.131
19937.750
19970.150
19954.940
19968.952
19974.682
20018.801
19970.828
19946.919
19943.845
19964.160
19956.451
19966.557
19936.500
19962.910
19943.845
19938.740
19996.455
19942.178
19938.636
19983.381
20010.468
19979.110
19957.127
19973.276
19962.597
19974.577
19999.424
19988.590
19965.410
20003.018
19933.323
19977.912
19967.181
19934.574
19990.674
19941.189
19975.151
19947.074
19935.615
19974.109
19949.940
19968.484
19989.007
19996.195
19996.559
19964.785
19949.783
19979.161
19956.190
19996.664
19965.931
20016.406
19968.796
19899.569
19968.588
19951.763
19970.306
19970.619
19930.719
19972.026
20020.886
19945.669
19974.787
20011.561
19960.358
19970.671
19971.088
19983.224
19917.436
19963.587
19983.172
19965.306
19952.648
19967.181
19937.699
19962.545
19975.620
19987.444
19930.146
19953.794
19918.999
19983.642
19950.930
19959.420
19929.521
19969.265
19941.814
19936.553
19972.338
19960.514
19960.253
19932.229
19939.990
19965.462
19946.190
19950.461
19957.232
19966.348
19958.691
19928.687
19949.575
19954.993
19937.282
19951.972
19959.160
19987.757
19977.339
19985.361
20048.389
19955.045
19939.105
19975.933
19987.861
19962.233
19950.981
19996.664
19977.964
19991.924
19947.856
19903.737
19974.630
19948.742
19975.880
19958.951
19963.744
19942.439
19965.723
19968.953
19953.483
19963.275
19952.284
19945.252
19951.346
20048.858
20002.707
19940.825
19973.485
19967.025
19941.710
19980.152
19968.953
19984.944
19962.649
19961.504
19996.508
19960.254
19955.721
19962.442
19910.404
19988.799
19933.896
19960.515
19962.493
19979.266
19976.818
19977.548
19942.491
19976.402
19980.569
19962.858
19958.535
19951.815
19956.451
19946.190
19985.100
19993.331
19991.299
19979.319
19954.993
19936.814
19976.142
19966.870
19978.121
19976.506
19949.472
19966.817
19975.360
19970.464
19953.535
20017.969
19983.173
19939.731
20024.012
19963.223
19972.339
19967.182
19957.702
19958.795
19949.003
19997.811
19988.695
19954.681
19999.998
19971.766
19982.080
19996.665
19960.150
19993.695
19959.524
19959.993
19957.076
19956.087
19993.331
19955.149
19947.283
19943.482
19960.150
19981.455
19936.918
19944.731
19947.648
19950.878
19971.557
19956.295
19943.012
19967.599
19932.126
19957.753
19988.434
19946.190
19985.361
19964.734
19947.752
19944.679
19955.097
19962.859
19953.899
19971.193
19982.131
19969.943
19974.370
19952.128
19958.483
19955.827
19945.512
19948.117
19987.392
19973.641
19990.466
19981.610
19951.243
19982.808
19982.549
19979.371
19917.280
19903.060
19913.687
19949.732
19924.834
19967.547
19976.923
19952.128
19966.089
19999.217
19930.928
19935.200
19996.353
19947.440
19925.094
19986.090
19945.722
19944.002
19985.986
20000.051
19992.811
19971.922
19971.401
19960.671
20040.160
19988.070
19955.775
19949.055
19927.386
19978.382
19996.560
19986.872
19935.824
19946.242
19960.463
19976.037
19935.772
19985.674
19958.379
19980.829
19927.646
20002.446
19994.737
19977.704
19966.765
19950.826
19933.116
19956.504
19912.227
19959.317
19987.028
19969.630
19947.336
19952.441
19931.292
19942.075
19957.181
19958.535
19983.955
19952.649
20005.260
19987.758
19959.264
19983.955
19958.275
19938.117
19969.683
19946.607
19942.336
19968.068
19938.533
19977.705
19877.537
19972.339
19971.298
19940.721
19931.814
19910.665
19918.062
19984.528
19958.536
19950.827
19986.247
19968.432
19964.369
19976.350
19958.275
19955.097
19928.167
19982.757
19959.265
19948.534
19944.888
19928.636
19972.392
19955.514
19993.435
19939.419
19976.142
19981.507
19969.162
19989.998
19971.923
19969.734
19929.887
19920.875
19962.025
19975.152
19945.044
19957.338
19945.826
19962.807
19951.400
19969.578
19921.188
19903.216
19982.549
19947.805
19955.306
19984.164
19985.049
19928.741
19990.310
20007.396
19982.288
19949.472
19971.297
19983.174
19951.191
19955.463
19951.503
19960.463
19998.540
19938.638
19995.311
19961.244
19932.491
19985.622
19995.623
19974.319
19990.415
20030.992
19984.632
19950.149
19935.513
19952.077
19942.961
19975.673
19927.855
19980.413
19930.200
19964.786
19945.618
19922.386
19933.273
19981.611
19966.818
19948.431
19958.796
19971.767
19915.093
19898.216
19965.777
19924.990
19925.824
19996.040
19943.274
19942.648
19954.369
19926.970
19930.459
19959.213
19960.672
19959.578
19928.116
19957.338
19945.357
19932.335
19984.320
19960.984
19958.900
19959.786
19964.891
19909.051
19937.336
19928.846
19990.207
19901.133
19927.022
19969.423
19967.860
19898.477
19952.285
19981.612
19939.055
19981.039
19938.585
19981.716
19948.692
19985.466
19968.850
19980.778
19971.142
19954.941
19965.255
19937.336
19949.577
19927.803
19945.045
19934.106
19950.879
19962.547
19924.418
19953.015
19920.615
19961.349
19943.326
19925.928
19982.549
19942.910
19978.539
19955.411
19951.661
19959.839
