28.649
27.504
22.138
28.441
28.128
27.920
28.076
28.076
27.504
28.232
27.399
27.816
27.608
27.920
27.607
28.128
27.920
28.545
27.920
27.816
26.878
27.555
28.128
27.659
27.660
27.190
51.933
28.285
27.815
28.232
27.347
27.972
27.608
27.659
27.139
26.930
28.753
27.400
27.972
27.972
27.607
27.764
27.503
28.128
27.711
27.712
27.764
27.242
27.920
28.024
53.340
25.993
27.868
27.190
27.087
27.660
27.399
27.242
27.504
28.180
27.764
27.191
27.972
28.076
27.712
27.972
27.503
28.128
28.076
27.295
27.399
27.920
27.295
27.451
27.243
49.589
28.232
27.764
27.816
27.660
28.388
28.597
27.815
27.815
27.400
27.608
27.087
26.774
28.180
28.024
27.399
27.712
27.711
27.243
27.608
27.503
27.972
27.659
51.933
22.920
27.972
27.243
26.774
27.660
27.191
27.399
28.024
26.983
27.659
27.503
27.139
27.034
27.243
27.295
28.180
27.867
27.816
27.608
28.232
27.347
27.451
27.920
27.972
51.725
28.129
27.347
27.399
27.659
27.712
27.920
27.659
27.295
27.660
27.295
27.920
27.815
28.129
27.816
27.399
27.920
27.086
27.295
27.660
27.712
27.607
27.399
27.712
27.868
26.930
28.024
28.388
27.399
27.607
27.347
27.451
26.983
27.294
27.868
27.347
27.087
27.607
27.399
27.556
27.190
27.868
27.607
27.295
27.816
27.347
27.763
27.868
27.451
54.903
21.982
28.285
28.024
27.711
27.660
27.503
27.764
27.659
27.139
27.868
28.180
27.920
28.076
28.181
28.076
27.764
27.920
28.180
27.243
27.294
27.920
27.816
27.243
27.295
23.492
27.556
27.868
28.076
28.024
27.920
28.233
28.181
28.128
27.816
27.972
28.233
27.451
27.295
27.086
28.597
28.077
27.868
28.128
27.503
27.452
27.242
27.868
28.232
47.036
27.868
28.285
27.347
27.712
27.712
28.180
24.274
27.764
27.503
28.337
28.285
27.920
25.993
27.868
27.763
27.764
27.712
27.816
28.389
27.503
28.180
27.763
28.076
57.507
26.149
22.971
28.389
28.128
27.399
26.774
26.878
27.660
27.347
27.763
28.077
27.399
27.451
27.086
27.191
27.972
27.503
27.400
28.336
27.295
27.034
27.555
27.972
26.826
51.933
26.774
28.181
28.024
28.180
27.868
28.024
27.503
27.504
27.086
28.285
27.503
27.347
27.607
27.608
27.972
28.076
27.763
27.920
27.295
28.076
27.556
27.607
27.816
27.451
27.034
27.607
28.284
27.607
28.285
28.336
28.129
27.920
27.763
27.504
26.982
27.503
27.295
27.191
27.086
27.034
27.295
28.232
27.399
28.232
28.337
27.711
27.503
27.764
25.992
27.347
27.608
27.868
27.138
28.129
27.920
27.399
27.607
27.868
27.659
27.763
27.972
27.139
27.295
27.451
27.555
27.920
28.493
28.128
27.712
27.868
28.024
27.607
55.996
27.191
27.712
27.659
27.712
27.660
28.284
27.608
27.764
27.816
27.607
27.868
27.399
27.712
28.024
28.285
27.503
27.087
27.086
27.087
28.128
27.972
28.024
27.243
27.295
24.378
28.285
27.815
27.660
27.868
28.024
27.711
28.389
27.920
28.076
27.764
27.503
27.764
27.295
27.816
27.555
27.868
27.399
27.868
27.711
27.399
27.867
27.399
27.504
59.225
27.972
27.191
27.972
28.284
27.556
27.763
28.024
27.556
27.868
28.805
27.816
27.868
27.451
27.660
28.076
27.920
27.920
27.815
27.763
27.868
28.128
27.867
58.080
26.045
27.972
27.556
27.347
27.711
27.815
27.764
27.764
27.816
28.076
27.451
27.972
27.243
27.295
27.087
27.451
28.232
27.764
27.399
27.764
27.347
27.555
27.972
27.816
24.274
27.138
27.608
27.503
27.868
27.816
28.024
28.180
27.660
28.232
27.451
27.034
27.920
27.295
28.076
27.346
27.659
27.503
27.867
27.816
27.503
27.764
27.191
27.972
59.174
27.972
28.024
28.233
27.607
27.034
27.764
28.076
27.920
27.712
28.337
28.024
28.284
27.972
27.347
27.503
27.086
26.878
27.295
28.024
27.972
27.764
27.242
27.608
59.017
25.107
27.503
27.816
27.347
27.555
28.077
27.347
27.086
27.867
27.503
27.087
27.555
27.451
27.764
28.128
26.982
27.504
27.711
27.399
27.295
27.607
26.827
27.242
55.215
26.097
27.243
28.128
27.972
27.295
27.295
28.493
28.180
27.868
28.129
27.920
27.763
27.815
27.972
27.764
27.712
26.878
27.243
27.816
27.399
28.493
28.180
27.868
27.503
22.919
27.763
27.816
28.076
27.608
27.190
27.607
26.982
27.660
27.295
27.399
27.711
27.347
27.868
27.139
27.503
28.128
28.337
27.764
28.076
27.763
27.867
27.660
26.930
58.028
26.722
27.712
27.086
27.816
27.451
27.920
27.243
27.712
26.982
27.243
28.076
27.712
27.243
27.399
27.295
27.399
27.243
27.972
27.452
27.816
27.815
27.920
26.983
28.232
23.597
27.712
27.815
27.608
27.763
27.504
27.503
27.972
27.920
27.190
27.816
27.503
28.024
27.712
27.816
27.660
27.295
27.138
27.295
27.347
27.764
27.399
27.920
62.820
27.294
27.139
27.712
27.503
27.920
26.774
27.451
27.087
27.087
27.451
27.503
27.139
27.972
28.181
27.347
27.242
27.608
27.347
27.138
27.868
27.243
27.243
27.347
27.816
26.201
27.503
27.138
27.191
26.931
27.399
27.347
27.972
28.128
28.076
27.763
27.660
27.712
27.555
27.191
27.243
27.868
27.503
28.180
27.451
27.503
27.399
26.982
27.503
55.840
27.086
28.128
27.972
27.763
27.868
27.712
28.180
27.868
28.128
27.191
27.607
27.919
27.607
27.451
27.504
27.868
27.086
26.983
28.284
27.972
27.764
27.607
26.931
64.382
24.117
27.972
28.545
28.128
27.451
27.608
27.816
28.076
27.712
27.295
27.399
27.660
27.607
27.399
27.346
26.878
26.722
28.232
27.243
28.024
28.077
27.711
27.556
57.506
26.774
28.024
27.764
27.399
26.982
28.180
27.972
27.503
27.556
27.503
28.024
27.763
27.763
27.556
27.347
27.399
27.295
28.336
27.816
26.930
27.660
27.711
27.659
27.503
27.503
27.294
27.712
27.972
27.607
27.920
27.764
27.243
27.555
27.659
27.503
28.650
27.659
27.503
27.295
27.868
27.295
27.086
27.399
27.608
27.138
28.389
28.024
27.660
54.954
28.128
27.399
27.191
27.086
27.816
28.024
27.607
27.868
28.180
27.399
27.295
27.659
27.191
27.503
27.712
27.607
28.181
27.503
27.816
27.972
27.660
27.868
27.867
62.299
27.503
28.389
27.503
27.868
28.232
27.763
27.243
27.711
27.503
27.868
27.295
27.555
28.024
27.920
28.025
27.712
28.128
27.086
27.451
27.556
27.503
27.764
28.076
56.934
26.930
27.764
27.139
27.191
27.555
27.451
27.295
27.191
27.399
27.087
27.555
26.774
27.087
27.451
27.399
27.608
27.711
27.712
27.399
27.243
28.024
27.451
27.087
61.413
23.284
24.951
27.555
27.139
28.285
27.399
27.399
27.659
26.930
27.816
27.868
27.608
28.077
27.347
27.399
28.128
27.920
27.712
28.284
27.815
27.139
27.399
27.503
28.180
55.997
27.295
27.608
27.451
27.399
27.972
27.451
27.972
27.608
27.503
27.972
27.660
27.816
27.764
27.295
27.815
27.660
27.868
28.076
27.660
27.711
27.867
27.763
28.024
62.195
27.190
27.347
27.191
27.295
27.243
27.295
27.503
27.763
27.815
27.972
27.607
28.024
27.295
27.138
27.452
27.294
27.920
27.295
27.920
27.243
27.972
27.920
27.868
54.954
27.555
27.191
27.659
27.972
27.503
27.347
27.608
27.555
28.024
27.399
27.087
27.295
27.920
26.982
27.555
27.608
27.346
27.242
27.556
27.763
27.712
27.659
27.919
27.815
26.721
22.190
27.972
27.660
27.607
27.191
27.503
27.399
28.076
27.555
27.555
27.399
27.764
27.295
27.555
27.712
27.086
28.389
27.868
27.295
27.868
27.295
27.712
27.347
55.163
26.826
27.295
27.295
27.556
27.607
27.399
27.920
27.659
28.181
28.128
27.399
27.087
27.295
27.086
26.879
27.138
27.294
27.295
27.503
27.451
26.982
27.295
28.337
27.711
23.128
27.972
27.347
27.295
27.504
27.295
27.504
27.399
27.659
27.347
27.504
27.451
27.972
27.451
27.660
27.763
28.233
27.451
27.659
28.024
28.128
27.712
28.337
54.381
24.534
27.816
