3804.716
3803.102
3773.671
3789.610
3827.480
3837.325
3819.926
3822.740
3782.371
3812.894
3816.853
3820.812
3820.709
3817.634
3782.943
3783.256
3816.177
3818.208
3817.999
3815.447
3784.922
3779.037
3817.113
3811.228
3817.374
3813.624
3818.104
3783.569
3821.385
3820.291
3817.896
3820.344
3820.812
3780.860
3819.302
3819.041
3818.312
3817.270
3820.865
3779.193
3816.124
3819.926
3815.447
3814.770
3822.583
3782.474
3813.780
3815.447
3817.635
3815.187
3821.542
3781.276
3817.478
3817.375
3821.750
3817.895
3820.292
3782.057
3816.697
3816.906
3816.593
3815.238
3818.624
3779.922
3806.383
3814.406
3816.593
3823.157
3820.291
3781.797
3782.996
3814.874
3811.749
3820.239
3821.125
3780.652
3781.276
3819.823
3819.770
3817.999
3820.552
3820.656
3780.859
3810.447
3815.864
3817.583
3818.676
3818.260
3785.443
3817.010
3818.416
3816.645
3819.042
3782.110
3779.037
3817.686
3817.062
3816.906
3818.729
3820.500
3784.454
3817.271
3816.489
3817.635
3819.614
3816.228
3780.391
3814.874
3814.770
3813.207
3818.469
3822.219
3780.286
3810.863
3814.978
3812.947
3818.832
3821.698
3782.318
3818.051
3817.582
3819.562
3817.479
3822.635
3782.110
3814.614
3818.677
3817.426
3819.458
3822.011
3780.964
3814.926
3814.562
3820.291
3817.166
3821.073
3779.922
3813.989
3816.437
3820.656
3822.219
3818.260
3783.412
3820.083
3817.062
3820.968
3819.822
3782.005
3785.964
3815.395
3818.573
3815.290
3818.051
3779.870
3784.454
3816.384
3815.239
3817.323
3817.114
3781.120
3780.078
3817.426
3820.187
3821.073
3821.177
3781.433
3783.881
3820.031
3822.062
3820.240
3817.791
3779.297
3813.780
3813.728
3817.061
3815.655
3817.114
3780.599
3779.245
3816.437
3814.822
3818.624
3817.114
3779.974
3784.454
3819.718
3820.968
3817.791
3819.406
3784.766
3810.654
3817.374
3818.624
3819.667
3818.207
3782.058
3813.832
3813.207
3819.875
3819.093
3819.197
3781.380
3781.797
3814.822
3817.426
3818.260
3821.281
3784.402
3784.142
3816.177
3820.917
3819.510
3821.229
3782.891
3780.859
3821.021
3816.437
3817.583
3819.302
3781.068
3816.801
3812.426
3817.166
3816.072
3817.791
3779.713
3779.141
3814.978
3821.646
3818.833
3819.979
3782.266
3813.728
3816.229
3817.739
3816.541
3815.968
3779.713
3811.801
3817.634
3818.364
3818.312
3821.333
3781.120
3817.947
3816.697
3819.145
3822.792
3820.292
3782.527
3782.735
3816.332
3819.302
3819.562
3819.354
3782.735
3780.911
3818.989
3815.447
3818.155
3821.542
3821.177
3782.735
3817.270
3819.198
3816.541
3818.207
3818.625
3784.090
3816.489
3815.551
3814.666
3822.531
3819.302
3782.422
3815.031
3817.686
3819.250
3818.260
3819.979
3782.058
3819.145
3816.333
3816.697
3816.593
3817.531
3780.443
3815.082
3819.458
3814.822
3817.999
3816.333
3782.214
3814.875
3814.822
3819.093
3819.614
3819.770
3783.152
3818.729
3817.271
3821.802
3819.405
3820.292
3782.214
3812.217
3815.239
3815.030
3813.780
3819.927
3778.203
3811.800
3811.749
3814.197
3816.281
3812.218
3820.604
3779.661
3817.270
3817.479
3818.312
3818.312
3821.542
3784.766
3818.260
3818.000
3816.020
3818.937
3820.500
3783.360
3818.833
3819.302
3816.124
3819.562
3817.999
3780.339
3817.999
3813.832
3821.386
3819.770
3822.323
3782.578
3812.582
3813.832
3815.708
3814.613
3821.334
3779.609
3817.374
3821.281
3818.833
3821.437
3819.927
3783.725
3816.333
3824.198
3820.291
3819.615
3814.510
3780.755
3818.104
3817.739
3819.823
3819.667
3821.697
3782.787
3810.916
3817.791
3817.062
3821.489
3820.083
3779.297
3807.581
3815.759
3819.406
3819.510
3821.333
3780.860
3814.874
3817.322
3816.749
3817.791
3817.219
3782.891
3782.630
3816.958
3819.510
3815.916
3817.271
3784.819
3781.381
3815.760
3814.041
3817.947
3819.197
3820.396
3778.880
3817.270
3814.561
3818.000
3820.656
3821.177
3785.757
3814.301
3816.905
3817.843
3821.958
3821.229
3782.891
3816.593
3817.843
3818.000
3818.207
3821.386
3781.745
3817.062
3813.468
3818.207
3813.937
3819.302
3779.454
3814.406
3816.125
3815.447
3816.541
3822.219
3779.818
3815.864
3815.916
3820.812
3820.656
3820.135
3782.214
3817.009
3817.010
3818.156
3814.717
3818.260
3780.599
3813.676
3816.228
3817.687
3813.989
3819.615
3780.339
3817.374
3811.801
3813.415
3819.562
3821.594
3782.110
3817.687
3814.562
3817.270
3820.552
3818.937
3782.995
3818.260
3816.176
3816.749
3816.697
3816.854
3781.329
3812.790
3813.468
3814.822
3817.791
3821.958
3781.381
3812.843
3817.010
3820.083
3820.812
3821.750
3782.579
3819.354
3818.624
3816.072
3820.812
3819.093
3782.005
3813.155
3817.009
3814.510
3814.509
3816.958
3781.693
3814.926
3816.802
3814.926
3818.468
3820.031
3778.464
3786.329
3820.760
3817.010
3818.468
3818.104
3819.354
3781.328
3819.146
3815.864
3819.874
3818.729
3819.562
3782.735
3815.551
3816.072
3812.999
3819.979
3817.009
3781.485
3815.447
3815.655
3819.041
3820.500
3820.396
3781.016
3817.427
3819.354
3815.499
3821.229
3819.667
3781.798
3818.000
3812.582
3818.052
3815.239
3817.427
3780.130
3815.552
3817.374
3815.500
3817.635
3814.510
3781.797
3815.447
3821.229
3818.104
3818.364
3823.469
3782.370
3816.801
3818.208
3812.530
3816.645
3817.427
3783.516
3819.146
3818.051
3820.552
3820.969
3818.780
3785.548
3820.656
3819.719
3818.520
3820.760
3819.667
3781.901
3817.583
3815.083
3818.781
3819.614
3823.938
3782.475
3817.479
3816.957
3817.635
3816.489
3821.334
3781.224
3820.239
3817.426
3821.073
3820.240
3819.405
3785.912
3813.208
3813.468
3815.708
3815.395
3818.833
3782.474
3815.343
3819.979
3819.874
3818.885
3821.750
3779.193
3816.645
3816.541
3813.207
3817.479
3819.354
3782.110
3815.968
3817.531
3816.176
3819.145
3815.603
3780.131
3812.321
3819.093
3820.760
3820.969
3822.584
3780.548
3817.010
3819.822
3817.582
3817.634
3818.676
3783.360
3812.635
3813.936
3820.031
3820.343
3817.479
3781.485
3821.698
3817.271
3821.177
3819.510
3815.968
3782.735
3818.780
3818.365
3818.520
3817.323
3819.562
3784.141
3817.271
3822.115
3817.843
3818.521
3818.312
3777.578
3814.197
3819.823
3817.583
3817.635
3817.895
3784.610
3816.020
3819.145
3818.521
3817.947
3820.761
3779.245
3818.207
3815.134
3820.760
3819.250
3823.260
3781.432
3819.927
3817.270
3814.301
3816.697
3818.521
3782.162
3819.302
3815.864
3816.228
3817.582
3817.323
3781.850
3812.842
3820.396
3820.031
3822.792
3820.448
3783.776
3816.228
3817.947
3821.958
3819.666
3820.344
3787.527
3814.822
3817.166
3822.375
3820.917
3820.812
3783.465
3815.447
3819.198
3822.375
3818.781
3821.542
3779.922
3817.947
3819.197
3819.771
3819.406
3819.979
3784.662
3817.791
3816.228
3822.479
3817.687
3819.718
3778.881
3820.396
3813.885
3817.947
3818.156
3815.812
3781.277
3814.458
3814.458
3814.457
3819.249
3820.656
3782.057
3817.687
3820.499
3819.718
3819.354
3820.083
3782.631
3819.458
3813.937
3817.010
3818.521
3820.187
3780.548
3813.103
3814.926
3813.363
3817.166
3814.822
3782.943
3815.499
3814.822
3820.760
3818.937
3821.229
3784.662
3815.499
3819.093
3821.958
3817.843
3822.166
3783.881
3815.030
3814.353
3815.655
3817.948
3822.479
3780.912
3814.613
3820.187
3814.092
3818.780
3820.136
3782.631
3817.010
3819.249
3817.635
3822.375
3823.261
3782.787
3817.270
3818.468
3821.750
3816.541
3818.417
3781.433
3814.874
3817.739
3816.177
3815.968
3819.198
3782.266
3817.322
3818.416
3814.613
3817.218
3822.479
3781.746
3819.510
3819.093
3815.551
3821.959
3819.927
3783.361
3817.739
3817.687
3816.176
3818.468
3818.885
3780.860
3820.343
3819.041
3814.770
3817.426
3811.853
3781.901
3813.208
3816.646
3818.156
3821.177
3782.005
3780.391
3818.312
3818.520
3819.197
3822.480
3823.208
3782.943
3819.771
3819.041
3819.510
3816.697
3822.428
3782.735
3815.656
3818.781
3817.844
3821.646
3820.135
3781.432
3818.468
3818.469
3817.948
3817.687
3821.229
3783.256
3819.041
3820.083
3822.219
3819.927
3820.917
3781.069
3819.041
3816.646
3813.780
3819.510
3819.041
3777.786
3814.457
3818.260
3815.290
3815.864
3822.479
3780.964
3818.729
3821.802
3817.999
3821.490
3821.489
3782.370
3820.135
3820.708
3821.281
3816.489
3813.884
3782.110
3817.843
3809.978
3818.832
3817.895
3816.750
3784.089
3816.905
3817.219
3820.448
3818.208
3822.532
3782.787
3817.427
3819.718
3819.406
3821.854
3820.917
3781.380
3818.156
3814.457
3815.291
3818.312
3814.978
3782.423
3818.103
3819.458
3816.228
3815.291
3819.458
3782.006
3817.582
3817.895
3821.750
3820.031
3783.569
3782.631
3818.364
3819.145
3820.604
3821.281
3785.027
3779.974
3814.040
3816.853
3818.051
3816.645
3817.583
3780.443
3814.093
3813.207
3816.437
3814.770
3819.614
3784.298
3816.906
3819.562
3815.656
3818.469
3822.062
3783.568
3815.604
3816.593
3823.209
3816.385
3816.020
3780.078
3814.561
3816.280
3817.010
3822.948
3823.000
3783.568
3815.551
3818.051
3819.927
3819.041
3816.906
3782.787
3819.771
3818.573
3818.833
3817.843
3817.635
3782.058
3811.020
3821.645
3817.999
3817.896
3821.125
3778.933
3815.499
3813.885
3815.030
3816.750
3817.947
3784.194
3817.947
3816.228
3820.136
3816.489
3820.396
3783.412
3812.322
3815.447
3818.781
3818.104
3821.646
3782.891
3807.998
3818.364
3816.854
3820.083
3815.864
3783.308
3782.267
3819.510
3814.822
3817.427
3819.354
3822.948
3786.433
3818.208
3821.490
3819.198
3819.562
3821.281
3785.860
3823.104
3818.938
3818.729
3815.343
3816.749
3784.714
3816.436
3818.103
3816.384
3819.927
3820.813
3779.454
3820.187
