77.509
77.145
77.041
77.248
77.196
105.690
77.040
77.249
77.145
77.249
77.145
77.093
77.092
77.248
77.196
77.093
77.196
77.144
77.353
77.197
77.197
77.040
100.845
77.092
77.248
77.145
77.093
105.272
77.197
77.092
77.093
77.093
77.249
77.093
77.145
77.197
77.145
77.092
77.197
109.701
77.249
77.301
77.093
77.093
107.669
77.197
77.145
77.092
77.145
77.144
77.092
77.145
77.145
77.092
77.145
77.040
107.513
77.196
77.093
77.249
77.144
110.482
77.145
77.145
77.197
77.093
77.040
77.145
77.144
77.197
77.249
77.092
77.145
107.356
77.144
77.145
77.197
77.249
77.509
77.197
77.092
77.092
77.093
77.249
77.041
77.144
77.196
77.249
77.040
77.145
77.040
77.145
77.144
77.145
77.093
77.092
77.197
77.144
77.145
77.196
77.196
77.145
110.690
77.197
77.301
77.093
77.144
77.197
77.040
76.988
77.092
77.093
77.249
77.093
77.092
77.093
77.092
77.249
77.197
112.044
77.144
77.249
77.093
77.144
77.197
77.145
77.092
77.353
77.092
77.144
77.145
113.190
77.301
77.092
77.040
77.093
109.648
77.145
77.144
77.092
77.197
77.249
77.197
77.040
77.092
77.144
77.040
77.040
106.211
77.145
77.040
77.196
77.040
110.170
77.301
77.092
77.092
77.197
77.040
77.144
77.040
77.249
77.041
77.509
77.145
103.606
77.092
77.093
77.093
77.092
109.180
77.144
77.093
77.040
77.145
77.145
77.196
77.145
77.093
77.145
77.144
77.092
106.419
77.145
77.196
77.093
77.144
77.092
77.092
77.144
77.197
77.093
77.040
77.144
77.092
77.144
77.093
77.041
77.092
110.951
77.196
77.145
77.144
77.092
77.196
77.145
77.092
77.196
77.093
77.353
77.197
111.992
77.092
77.145
77.197
77.196
110.169
77.092
77.197
77.093
77.249
77.040
77.145
77.092
77.248
77.093
77.145
77.093
106.470
77.300
77.301
77.144
77.093
105.793
77.197
77.092
77.145
77.144
77.145
77.092
77.092
77.145
77.092
77.093
77.092
108.919
77.144
77.145
77.145
77.092
77.405
77.145
77.144
77.145
77.144
77.040
77.145
77.196
77.301
77.144
77.093
77.040
105.221
77.040
77.249
77.040
77.092
77.353
77.041
77.092
77.093
77.144
77.041
77.144
77.249
77.352
77.093
77.092
77.144
110.690
77.092
77.093
77.092
77.040
76.988
77.197
77.144
77.196
77.145
77.144
77.145
107.304
77.249
77.092
77.040
77.093
76.676
77.145
77.093
77.145
77.092
77.197
77.092
77.041
77.196
77.040
77.196
77.093
108.867
77.092
77.249
77.144
77.144
77.093
77.144
77.197
77.093
77.145
77.093
77.249
77.144
77.144
77.248
77.145
77.040
109.961
77.301
77.144
77.093
77.092
77.301
77.197
77.092
77.145
77.196
77.300
77.092
77.248
77.144
77.093
77.040
77.144
109.596
77.144
77.197
77.144
77.249
77.092
77.093
77.196
77.197
77.145
77.092
77.093
77.092
77.249
77.196
77.197
77.092
108.398
77.196
77.145
77.145
77.144
77.300
77.093
77.144
77.093
77.145
77.144
77.145
105.429
77.248
77.196
77.197
77.144
77.248
77.144
77.093
77.144
77.093
77.092
77.249
77.092
77.144
77.145
77.092
77.041
103.242
77.093
77.196
77.040
77.197
76.363
77.197
77.144
77.092
77.093
77.144
77.145
77.093
77.197
77.092
77.197
77.249
108.451
77.301
77.144
77.144
77.040
77.248
77.145
77.196
77.196
77.093
77.041
77.092
77.145
77.144
77.041
77.144
77.144
110.430
77.249
77.196
77.092
77.197
76.936
77.300
77.145
77.092
77.197
77.144
77.144
77.145
77.249
77.144
77.092
77.093
110.169
77.092
77.248
77.093
77.092
77.249
77.144
77.197
77.092
77.145
77.092
77.093
112.044
77.249
77.196
77.144
77.197
109.232
77.092
77.197
77.144
77.144
77.040
77.197
77.092
77.249
77.041
77.092
77.144
109.284
77.197
77.092
77.092
77.092
77.040
77.093
77.144
77.196
77.196
77.092
77.197
77.145
77.249
77.144
77.092
77.093
109.492
77.249
77.092
77.041
77.144
77.197
77.093
77.092
77.144
77.197
77.145
77.145
77.092
77.197
77.249
77.144
77.144
108.919
77.196
77.145
77.144
77.093
77.248
77.144
77.092
77.405
77.145
77.040
77.041
77.144
77.144
77.196
77.197
77.144
110.170
77.197
77.144
77.092
77.197
77.145
77.197
77.144
77.144
77.196
77.093
77.197
106.991
77.145
77.092
77.093
77.144
109.440
77.092
77.196
77.248
77.197
77.144
77.145
77.145
77.093
77.197
77.196
77.197
105.897
77.301
77.249
77.041
77.144
110.065
77.144
77.197
77.144
77.144
77.353
77.145
77.145
77.301
77.040
77.145
77.144
109.857
77.041
77.249
77.249
77.144
77.145
77.196
77.093
77.145
77.093
77.040
77.092
77.145
77.145
77.197
77.145
77.197
108.763
77.092
77.041
77.144
77.092
77.353
77.093
77.249
77.145
77.145
77.093
77.145
77.092
77.145
77.092
77.093
77.197
110.117
77.196
77.093
77.145
77.197
77.092
77.145
77.093
77.144
77.144
77.144
77.093
111.992
77.144
77.144
77.093
77.145
110.118
77.249
77.144
77.040
77.040
76.988
77.144
77.145
77.145
77.249
77.144
77.092
110.638
77.144
77.196
77.092
77.145
110.325
77.145
77.092
77.145
77.144
77.040
77.092
77.197
77.196
77.197
77.040
77.197
105.793
77.145
77.144
77.092
77.092
77.197
77.040
77.092
77.092
77.144
77.144
77.040
77.144
77.197
77.197
77.197
77.248
110.533
77.145
77.092
77.092
77.196
77.196
77.144
77.196
77.145
77.301
77.092
77.197
114.805
77.300
77.145
77.040
77.092
109.544
77.249
77.092
77.144
77.145
77.093
77.145
77.144
77.092
77.145
77.196
77.144
107.721
77.093
77.092
77.092
77.145
110.690
77.145
77.197
77.144
77.092
77.093
77.144
77.093
77.196
77.144
77.092
77.145
104.231
77.248
77.196
77.145
77.093
76.832
77.197
77.144
77.145
77.145
76.936
77.144
77.145
77.248
77.145
77.145
77.145
109.388
77.093
77.092
77.093
77.093
77.093
77.248
77.144
77.092
77.092
77.144
77.196
77.093
77.145
77.092
77.197
77.092
108.815
77.196
77.145
77.040
77.197
77.145
77.040
77.093
77.092
77.196
77.197
77.196
103.658
77.144
77.197
77.041
77.249
109.283
77.092
77.197
77.092
77.144
77.040
77.144
77.197
77.040
77.144
77.144
76.988
108.086
77.197
77.040
77.041
77.197
109.961
77.248
77.145
77.249
77.145
77.249
77.144
77.041
77.249
77.040
77.092
77.145
104.283
77.196
77.300
77.145
77.040
77.509
77.144
77.145
77.197
77.145
76.988
77.040
77.092
77.197
77.093
77.093
77.040
105.689
77.040
77.093
77.093
77.145
76.467
77.196
77.197
77.092
77.145
77.092
77.145
77.144
77.144
77.145
77.144
77.145
105.377
77.092
76.988
77.196
77.197
76.937
77.040
77.092
77.196
77.248
76.988
77.145
112.201
77.093
77.144
77.092
77.092
110.586
77.145
77.301
77.145
77.093
77.249
77.093
77.301
77.144
77.145
77.197
77.248
107.044
77.249
77.093
77.196
77.092
77.196
77.197
77.092
77.040
77.092
77.040
77.144
77.093
77.196
77.093
77.040
77.093
107.252
77.249
77.040
77.144
77.249
77.144
77.093
77.144
77.040
77.144
77.249
77.197
77.040
77.248
77.093
77.040
77.145
104.856
77.092
77.041
77.093
77.197
77.197
77.145
77.196
77.145
77.093
77.040
77.145
77.144
77.196
77.040
77.040
77.040
105.377
77.041
77.144
77.196
77.249
77.978
77.144
77.040
77.197
77.092
77.145
77.145
77.196
77.301
77.509
77.249
77.249
106.784
77.041
77.092
77.144
77.093
77.248
77.040
77.092
77.249
77.197
77.040
77.092
107.826
77.145
77.092
77.040
77.145
111.003
77.092
77.093
77.144
77.145
76.988
77.092
77.093
77.144
77.145
77.093
77.197
108.189
77.144
77.092
77.145
77.145
77.405
77.145
77.144
77.144
77.144
77.040
77.092
77.093
77.145
77.197
77.145
77.196
104.648
77.301
77.145
77.092
77.093
77.197
77.145
77.196
77.092
77.092
77.196
77.144
77.040
77.092
77.040
77.144
77.092
107.096
77.144
77.197
77.093
77.093
77.197
77.093
77.092
77.092
77.197
77.092
77.197
77.144
77.197
77.093
77.196
77.145
105.741
