12618.979
12249.925
12259.875
12261.854
12262.896
12244.040
12247.009
12251.853
12252.895
12252.218
12288.785
12253.000
12281.284
12254.718
12291.753
12255.343
12293.264
12250.863
12277.846
12260.760
12241.748
12254.614
12254.406
12245.238
12249.249
12256.072
12259.198
12261.698
12255.708
12253.259
12245.030
12282.951
12252.478
12286.233
12251.437
12289.775
12255.864
12286.024
12235.341
12283.889
12242.477
12292.900
12255.135
12285.138
12252.791
12259.562
12264.875
12242.113
12249.613
12249.145
12250.863
12243.884
12256.594
12250.916
12248.623
12249.353
12282.170
12254.614
12286.232
12239.821
12295.765
12260.812
12292.118
12253.468
12297.120
12257.583
12258.365
12251.385
12237.789
12246.488
12252.739
12248.468
12256.646
12251.228
12241.384
12250.604
12249.613
12250.811
12246.019
12292.170
12247.373
12279.981
12237.633
12290.816
12240.550
12286.909
12251.385
12294.723
12252.635
12238.935
12258.989
12250.603
12261.802
12239.092
12245.342
12254.250
12249.093
12253.885
12250.342
12244.560
12251.333
12248.520
12271.179
12232.789
12272.846
12253.103
12276.648
12250.447
12298.161
12242.842
12283.316
12237.165
12282.326
12241.279
12298.942
12253.989
12234.612
12251.489
12251.749
12256.541
12263.105
12254.666
12260.969
12257.219
12259.927
12237.268
12243.780
12285.139
12240.029
12283.315
12253.729
12287.170
12255.395
12289.775
12261.386
12292.171
12258.313
12289.931
12258.573
12245.186
12250.760
12247.634
12251.124
12252.687
12251.280
12246.071
12249.405
12248.155
12250.655
12240.654
12250.655
12247.842
12281.649
12255.761
12272.325
12243.884
12287.222
12247.374
12288.264
12257.636
12286.233
12248.728
12283.472
12242.477
12255.865
12248.468
12251.749
12268.261
12252.583
12259.354
12245.134
12303.213
12257.584
12291.076
12250.655
12301.547
12250.083
12280.398
12243.623
12300.401
12259.771
12287.795
12249.666
12253.676
12247.165
12234.247
12248.468
12245.342
12246.071
12259.146
12268.314
12253.416
12253.364
12236.227
12277.742
12252.687
12281.961
12237.321
12278.106
12241.853
12277.482
12240.863
12293.369
12249.041
12288.212
12246.905
12292.066
12259.562
12251.437
12249.926
12252.531
12253.573
12240.811
12246.385
12258.364
12249.926
12256.750
12253.624
12238.675
12255.395
12238.415
12267.637
12239.040
12296.651
12250.343
12288.577
12259.979
12281.909
12250.134
12286.285
12250.916
12291.754
12259.771
12256.229
12258.365
12250.812
12243.154
12243.415
12246.072
12259.771
12248.468
12247.843
12244.561
12234.977
12254.823
12248.989
12270.137
12247.217
12279.409
12241.905
12273.210
12249.771
12281.805
12246.749
12289.462
12248.364
12291.702
12250.812
12251.281
12237.269
12248.728
12253.260
12252.114
12256.594
12256.750
12241.801
12248.312
12242.842
12257.011
12257.792
12243.207
12272.064
12246.593
12278.523
12247.166
12283.316
12252.427
12293.474
12264.928
12271.492
12245.447
12291.077
12260.344
12254.979
12242.269
12255.969
12244.092
12249.093
12242.947
12232.320
12264.094
12263.522
12254.041
12257.010
12246.228
12237.009
12275.451
12250.499
12291.181
12246.019
12284.305
12248.207
12289.254
12257.583
12287.431
12256.437
12281.336
12263.574
12258.052
12247.270
12246.124
12258.469
12253.000
12256.541
12252.739
12264.095
12238.258
12249.405
12231.018
12287.847
12255.083
12300.401
12247.009
12284.358
12247.322
12279.304
12247.217
12281.285
12245.759
12284.827
12247.635
12290.139
12245.551
12251.020
12242.738
12255.813
12261.855
12250.603
12231.904
12236.227
12244.510
12261.334
12254.250
12242.218
12287.483
12240.446
12284.201
12246.645
12277.586
12243.155
12297.744
12238.363
12283.629
12242.947
12290.348
12243.988
12283.315
12252.166
12253.260
12255.604
12251.854
12247.895
12252.843
12250.135
12257.323
12255.031
12271.336
12248.884
12242.322
12292.432
12255.605
12283.837
12250.396
12291.651
12252.531
12291.754
12247.426
12295.661
12268.731
12256.594
12247.114
12241.957
12258.782
12250.864
12244.353
12237.581
12266.179
12263.209
12248.937
12242.791
12282.587
12240.551
12276.179
12272.586
12291.963
12264.615
12289.150
12240.551
12279.462
12235.446
12295.922
12266.386
12246.854
12250.708
12241.019
12262.324
12247.270
12259.772
12247.947
12258.730
12260.657
12247.583
12251.385
12290.036
12269.252
12278.784
12251.854
12293.005
12259.251
12285.504
12237.165
12286.024
12233.363
12281.337
12238.727
12248.156
12241.332
12250.135
12245.395
12242.999
12248.625
12250.708
12249.666
12246.697
12252.271
12255.292
12249.979
12248.416
12284.722
12256.282
12293.161
12240.811
12276.492
12239.196
12288.838
12253.937
12282.535
12251.333
12292.796
12251.697
12242.478
12245.499
12252.375
12256.125
12246.697
12249.405
12242.791
12242.842
12240.134
12247.062
12244.874
12261.595
12252.792
12250.708
12247.582
12289.150
12241.801
12289.306
12251.281
12288.890
12253.157
12281.910
12243.260
12289.150
12256.282
12302.329
12235.133
12236.696
12255.032
12253.990
12248.208
12250.291
12248.624
12255.344
12252.219
12257.948
12248.051
12244.301
12282.795
12254.980
12303.787
12254.250
12295.870
12255.501
12293.005
12249.718
12292.014
12252.740
12249.718
12243.104
12248.416
12255.657
12242.947
12250.551
12262.585
12248.677
12244.145
12241.957
12244.926
12240.707
12244.665
12293.369
12248.364
12290.609
12249.250
12292.276
12247.531
12282.171
12249.614
12294.046
12252.062
12287.744
12238.675
12247.792
12250.865
12255.969
12259.512
12255.760
12255.448
12253.886
12253.104
12245.863
12248.885
12236.801
12278.420
12244.145
12265.657
12250.969
12272.481
12244.666
12290.661
12254.458
12292.067
12246.801
12276.858
12249.614
12285.765
12247.323
12248.260
12255.032
12255.344
12256.543
12236.279
12248.155
12254.772
12257.063
12266.960
12257.272
12241.436
12281.805
12249.615
12279.826
12255.135
12292.380
12244.770
12275.138
12256.074
12285.140
12244.822
12293.787
12263.783
12245.707
12255.188
12235.759
12239.874
12249.406
12250.500
12240.759
12265.815
12254.875
12240.394
12249.249
12253.052
12242.739
12250.031
12242.322
12287.692
12260.553
12273.210
12231.904
12294.255
12245.604
12288.264
12253.573
12300.194
12258.105
12255.292
12262.688
12267.012
12255.448
12252.480
12255.448
12257.375
12255.709
12240.602
12275.503
12254.771
12284.931
12252.115
12294.620
12256.646
12298.213
12242.843
12283.941
12255.604
12282.796
12253.157
12240.290
12242.895
12244.614
12266.648
12245.083
12253.157
12251.542
12249.927
12239.770
12240.864
12242.531
12257.116
12247.062
12281.076
12259.616
12287.328
12240.603
12276.909
12243.832
12293.369
12255.136
12286.911
12238.102
12284.670
12247.062
12293.109
12236.749
12258.261
12245.291
12256.386
12250.604
12247.322
12251.281
12248.416
12260.553
12242.634
12240.759
12250.083
12292.588
12264.669
12300.922
12255.136
12289.775
12246.072
12285.452
12246.437
12283.421
12257.949
12284.098
12247.375
12247.791
12263.991
12242.583
12242.322
12240.031
12243.677
12264.564
12268.054
12256.126
12245.447
12248.677
12284.983
12265.241
12296.339
12259.928
12291.495
12249.614
12298.735
12251.125
12251.021
12253.886
12254.042
12240.915
12253.052
12258.834
12248.000
12261.907
12264.043
12290.973
12254.303
12300.454
12248.416
12299.360
12259.199
12293.474
12251.282
12289.879
12253.626
12244.406
12253.626
12251.437
12258.938
12260.136
12263.783
12242.374
12260.032
12245.291
12247.895
12250.291
12282.431
12244.927
12292.068
12251.386
12285.295
12248.260
12287.327
12248.208
12288.317
12257.063
12299.099
12256.386
12250.604
12237.269
12251.177
12247.166
12260.918
12253.313
12258.470
12258.001
12255.605
12256.073
12232.374
12289.463
12265.762
12283.681
12233.154
12277.430
12250.135
12276.493
12255.397
12294.047
12256.074
12283.316
12249.146
12241.176
12246.281
12247.635
12258.365
12260.033
12244.146
12245.760
12251.282
12240.291
12253.053
12268.367
12297.016
12245.083
12284.358
12237.321
12279.566
12250.032
12289.828
12259.928
12302.069
12259.303
12246.073
12238.988
12248.052
12244.770
12257.532
12264.252
12243.103
12243.937
12253.625
12250.396
12258.991
12258.886
12242.478
12293.370
12253.781
12280.504
12233.936
12279.201
12257.428
12299.412
12252.428
12285.609
12246.749
12287.015
12252.427
12251.906
12256.698
12252.584
12254.980
12238.519
12242.843
12258.522
12245.396
12268.732
12261.023
12254.511
12276.753
12252.844
12291.390
12249.666
12295.453
12257.949
12281.129
12247.114
12292.276
12255.084
12243.624
12249.823
12243.573
12252.636
12242.843
12252.323
12243.468
12247.114
12251.021
12266.804
12259.252
12251.178
12235.290
12287.796
12253.522
12278.785
12253.886
12288.057
12270.086
12298.058
12243.833
12283.369
12250.709
12300.297
12252.063
12265.034
12252.480
12241.333
12258.158
12250.553
12252.272
12253.886
12244.302
12248.208
12295.922
12244.302
12289.203
12256.908
12290.453
12251.959
12310.508
12255.032
12285.660
12235.290
12257.220
12271.597
12250.396
12256.074
12258.470
12257.324
12253.053
12249.771
12245.708
12274.409
12245.552
12284.359
12246.437
12284.775
12247.219
12289.254
12260.762
12284.880
12255.918
12293.891
12249.302
12245.760
12256.178
12254.147
12253.574
12262.116
12256.438
12248.208
12246.750
12250.031
12248.208
12247.583
12292.120
12260.971
12302.798
12264.929
12289.046
12249.458
12308.111
12257.272
12286.078
12253.521
12244.042
12257.637
12241.281
12261.491
12260.762
12249.042
12252.740
12246.593
12244.041
12240.499
12253.157
12286.703
12252.948
12294.933
12259.564
12288.786
12258.053
12293.839
12249.667
12293.942
12256.178
12245.395
12243.677
12249.250
12261.856
12243.833
12247.011
12248.312
12248.573
12237.165
12245.604
12258.105
12247.480
12245.239
12291.339
12238.936
12284.255
12238.832
12283.838
12256.439
12277.483
12268.732
12293.474
12250.032
12304.101
12247.322
12249.928
12252.115
12254.198
12253.938
12254.876
12265.814
12251.074
12235.968
12247.896
12294.412
12240.864
12281.754
12251.646
12295.766
12249.719
12290.193
12253.522
12290.662
12245.969
12287.171
12254.460
12244.718
12266.857
12247.427
12267.742
12248.781
12243.208
12245.031
12247.532
12253.990
12249.250
12249.719
12298.318
12258.887
12294.777
12249.459
12297.486
12259.825
12288.630
12251.490
12291.494
12246.541
12237.113
12237.582
12252.011
12244.197
12259.564
12266.232
12242.739
12248.313
