4075.322
3796.903
3798.518
3798.049
3795.341
3795.705
3798.101
3797.528
3800.497
3794.976
3798.466
3797.528
3797.632
3797.476
3801.175
3799.456
3767.160
3768.254
3769.609
3768.098
3795.653
3799.455
3798.414
3798.206
3798.362
3802.217
3798.309
3797.372
3798.831
3798.623
3802.789
3799.664
3798.831
3801.122
3799.091
3766.848
3765.754
3766.588
3766.379
3792.841
3796.331
3799.039
3800.758
3799.299
3800.237
3798.050
3798.570
3799.404
3799.560
3800.601
3800.185
3801.019
3800.446
3801.696
3767.004
3767.681
3767.056
3768.566
3790.965
3794.507
3795.654
3799.351
3796.799
3798.309
3797.476
3799.612
3798.883
3798.154
3798.935
3801.019
3800.550
3801.747
3800.966
3766.483
3767.890
3770.703
3770.702
3769.191
3796.851
3797.111
3796.538
3796.278
3797.216
3797.268
3798.414
3801.175
3798.883
3799.039
3798.466
3800.654
3798.622
3798.882
3767.733
3768.619
3765.806
3767.317
3792.215
3796.279
3799.247
3799.924
3796.278
3795.758
3796.956
3797.893
3796.748
3796.226
3797.424
3799.612
3801.435
3802.738
3800.758
3793.986
3766.327
3767.108
3766.014
3766.119
3792.945
3797.998
3796.643
3797.841
3798.153
3798.101
3796.903
3797.059
3799.403
3796.695
3797.633
3799.717
3797.633
3799.560
3800.342
3768.202
3767.056
3767.993
3769.557
3791.486
3798.934
3799.039
3798.987
3798.258
3797.216
3796.382
3796.852
3797.893
3799.195
3801.696
3800.446
3800.133
3799.717
3797.685
3790.914
3767.629
3767.629
3767.108
3767.786
3798.362
3799.456
3797.737
3797.320
3796.070
3797.476
3797.163
3800.341
3798.675
3799.821
3798.727
3798.675
3801.383
3800.602
3799.924
3765.441
3766.796
3769.401
3767.785
3796.591
3794.976
3795.914
3797.997
3796.122
3799.196
3798.674
3800.289
3799.092
3800.185
3800.081
3801.747
3800.550
3803.362
3800.133
3767.161
3768.046
3766.796
3765.858
3791.851
3795.809
3796.799
3796.383
3796.226
3799.664
3797.425
3801.175
3797.477
3799.873
3800.550
3801.539
3800.602
3799.716
3801.435
3768.098
3767.421
3767.942
3768.619
3797.737
3796.591
3796.642
3795.966
3796.955
3798.258
3797.580
3797.007
3800.758
3798.622
3796.903
3799.976
3801.279
3800.602
3799.612
3769.243
3767.994
3770.546
3768.358
3766.171
3794.820
3797.789
3797.737
3798.519
3797.997
3798.726
3797.893
3798.935
3796.487
3797.581
3800.393
3801.279
3800.237
3798.414
3797.841
3768.254
3767.525
3768.359
3767.472
3790.809
3798.101
3799.716
3797.945
3798.414
3798.831
3798.727
3799.769
3798.101
3798.049
3799.091
3799.247
3800.289
3798.727
3798.675
3768.776
3766.952
3767.108
3766.118
3795.810
3799.247
3796.955
3798.882
3798.674
3798.362
3799.300
3798.727
3797.320
3797.008
3796.747
3800.081
3799.821
3798.779
3798.778
3767.108
3766.015
3766.900
3768.619
3767.890
3795.758
3796.331
3797.164
3798.154
3799.560
3798.258
3799.195
3798.205
3799.143
3799.196
3800.081
3799.300
3801.123
3799.977
3793.882
3768.098
3766.535
3767.056
3766.118
3790.653
3796.175
3799.716
3795.445
3795.966
3799.352
3796.747
3800.081
3797.581
3798.987
3800.497
3799.247
3801.331
3801.175
3798.727
3767.473
3767.317
3768.202
3767.369
3768.931
3795.393
3797.060
3795.758
3798.102
3796.226
3797.737
3797.893
3798.310
3799.769
3800.394
3795.914
3800.758
3801.644
3799.039
3798.726
3768.046
3769.973
3769.244
3795.757
3794.507
3799.039
3797.008
3798.675
3796.174
3797.424
3797.060
3799.091
3796.487
3799.039
3801.539
3802.738
3801.174
3800.966
3792.685
3767.056
3767.109
3767.681
3764.869
3792.632
3796.278
3794.403
3795.706
3797.372
3796.226
3798.466
3799.039
3799.821
3799.248
3801.279
3801.383
3800.863
3800.185
3802.217
3768.098
3767.525
3767.421
3765.806
3767.525
3797.632
3797.893
3798.102
3797.685
3794.768
3796.070
3798.153
3797.685
3801.279
3794.872
3798.675
3800.186
3798.831
3797.633
3801.331
3766.483
3767.629
3766.795
3767.421
3791.330
3796.435
3797.581
3800.863
3797.945
3800.289
3798.987
3798.466
3798.675
3798.987
3800.133
3798.779
3800.028
3798.935
3799.873
3766.899
3767.265
3767.681
3766.119
3765.494
3792.320
3795.809
3796.643
3798.258
3799.925
3800.029
3799.352
3798.935
3799.716
3803.154
3797.529
3799.560
3799.248
3800.133
3766.379
3765.233
3767.838
3768.046
3769.036
3795.445
3799.299
3797.320
3798.779
3796.591
3798.206
3797.529
3798.206
3797.008
3798.154
3798.779
3799.091
3798.622
3799.716
3798.154
3766.015
3765.858
3768.046
3767.785
3790.288
3799.977
3798.570
3795.393
3795.028
3796.538
3798.778
3799.403
3799.247
3798.467
3799.664
3799.039
3802.269
3800.289
3801.852
3767.681
3766.587
3769.244
3765.285
3767.525
3795.861
3798.778
3798.518
3796.747
3798.726
3797.893
3798.727
3797.268
3798.206
3796.174
3798.518
3799.508
3798.206
3798.935
3799.873
3765.545
3768.515
3766.483
3767.056
3794.976
3793.621
3798.102
3796.799
3797.424
3796.122
3800.133
3797.321
3796.956
3798.779
3800.185
3802.529
3797.060
3796.591
3798.570
3794.299
3768.619
3765.493
3767.525
3791.694
3797.945
3797.425
3797.424
3795.029
3798.050
3798.362
3797.112
3798.675
3798.414
3799.508
3795.862
3796.434
3798.778
3799.820
3798.414
3767.108
3766.483
3765.181
3766.015
3790.653
3797.164
3797.841
3797.164
3797.528
3795.966
3799.143
3797.268
3799.404
3797.789
3797.894
3798.727
3799.872
3796.903
3799.091
3791.799
3768.932
3767.577
3767.368
3766.952
3795.393
3796.643
3798.414
3797.789
3798.935
3797.632
3797.164
3797.112
3796.643
3798.466
3800.862
3798.726
3799.195
3798.987
3797.372
3765.337
3765.806
3767.629
3765.546
3768.255
3794.143
3795.705
3799.716
3796.590
3796.486
3796.747
3797.685
3801.487
3798.935
3799.925
3800.028
3800.497
3799.143
3798.206
3800.550
3766.431
3767.368
3765.806
3766.952
3791.226
3798.102
3796.800
3798.935
3798.414
3798.570
3797.424
3798.414
3797.894
3798.571
3799.300
3797.007
3797.841
3800.081
3799.039
3768.202
3768.410
3767.317
3767.786
3792.685
3793.674
3800.081
3798.622
3797.476
3796.175
3798.414
3797.008
3798.102
3798.050
3798.675
3798.206
3798.675
3798.414
3800.758
3794.976
3771.068
3767.890
3769.087
3768.098
3799.039
3798.831
3798.623
3798.570
3798.935
3798.570
3797.372
3797.841
3798.778
3797.893
3796.539
3798.779
3798.518
3799.612
3799.508
3767.473
3767.629
3767.004
3767.264
3789.246
3796.695
3797.581
3799.352
3799.404
3796.852
3796.122
3801.175
3797.893
3800.133
3799.612
3798.623
3800.758
3798.935
3798.153
3768.150
3768.880
3766.431
3766.379
3769.088
3790.653
3798.362
3800.863
3798.831
3798.779
3798.310
3797.529
3799.404
3798.935
3797.112
3795.965
3797.528
3801.331
3801.279
3801.123
3767.264
3769.505
3767.786
3791.643
3793.935
3798.882
3798.518
3798.778
3799.039
3797.372
3797.737
3796.539
3796.331
3795.914
3796.851
3799.091
3798.726
3800.862
3801.852
3766.119
3767.941
3767.421
3768.671
3790.757
3799.404
3799.664
3797.164
3796.071
3797.320
3796.435
3797.684
3799.143
3797.320
3800.393
3797.060
3798.258
3799.612
3797.893
3765.494
3764.973
3766.327
3767.004
3768.724
3792.788
3796.018
3797.268
3796.539
3797.164
3797.789
3795.861
3798.049
3796.904
3797.425
3798.831
3799.248
3799.300
3801.279
3798.987
3767.785
3767.108
3768.306
3769.296
3767.629
3795.601
3797.528
3797.112
3798.935
3800.290
3798.623
3800.550
3799.039
3797.841
3801.540
3799.560
3801.591
3801.331
3799.560
3794.404
3767.890
3766.744
3766.848
3767.369
3792.685
3797.893
3799.247
3798.778
3795.861
3798.257
3799.560
3799.821
3797.633
3798.258
3798.674
3799.872
3799.403
3798.987
3789.924
3767.890
3766.691
3766.744
3767.890
3793.622
3798.831
3797.581
3797.007
3797.581
3797.632
3798.466
3799.300
3799.925
3801.175
3798.935
3797.633
3798.570
3798.101
3798.935
3765.910
3766.587
3766.327
3766.744
3767.837
3798.049
3798.466
3798.882
3799.247
3797.632
3799.665
3802.060
3798.726
3798.882
3798.935
3799.456
3800.550
3800.498
3801.644
3769.140
3765.650
3767.265
3766.640
3768.359
3792.111
3795.445
3797.737
3796.070
3796.330
3797.008
3799.196
3798.050
3797.268
3797.737
3797.841
3796.539
3799.456
3800.342
3800.133
3768.880
3768.046
3768.410
3766.796
3765.962
3792.476
3797.112
3797.112
3797.111
3797.112
3796.174
3799.977
3797.164
3797.946
3797.529
3796.643
3797.633
3798.414
3798.153
3800.810
3766.015
3765.389
3766.015
3765.858
3789.090
3797.425
3798.310
3795.914
3795.966
3795.966
3800.706
3796.799
3795.185
3798.310
3796.955
3797.476
3799.248
3797.998
3798.258
3794.403
3765.285
3768.463
3766.432
3767.421
3791.070
3796.330
3795.810
3795.654
3799.768
3797.685
3797.945
3798.988
3799.091
3800.393
3798.519
3800.445
3799.560
3800.446
3800.029
3765.963
3767.734
3765.025
3767.421
3767.473
3796.799
3795.861
3796.539
3797.529
3794.508
3797.216
3797.320
3796.852
3796.122
3796.695
3799.195
3796.747
3797.946
3797.945
3797.633
3766.015
3766.327
3766.119
3766.535
3767.734
3793.830
3796.331
3797.945
3795.914
3797.268
3797.060
3797.060
3797.060
3797.789
3799.300
3797.060
3797.216
3796.695
3798.570
3798.623
3766.119
3768.098
3765.806
3767.421
3767.577
3795.393
3795.549
3794.924
3796.695
3796.331
3796.904
3797.477
3796.539
3797.841
3797.060
3797.737
3796.487
3800.238
3800.810
3792.944
3766.952
3768.931
3768.099
3768.046
3797.268
3796.278
3795.341
3798.831
3796.904
3797.008
3797.112
3800.081
3796.643
3797.528
3798.831
3801.227
3796.643
3802.217
3800.498
3767.942
3766.275
3766.900
3767.629
3790.965
3792.997
3799.665
3798.101
3799.247
3797.060
3796.851
3798.258
3798.935
