11519.268
11340.706
11285.491
11296.794
11280.282
11282.002
11272.156
11329.350
11248.560
11311.744
11351.489
11367.585
11341.383
11262.885
11312.474
11304.452
11292.055
11321.329
11276.897
11230.173
11328.621
11256.634
11371.856
11269.864
11321.068
11269.708
11333.727
11373.731
11396.650
11310.338
11317.213
11211.160
11313.307
11344.404
11320.339
11319.193
11312.474
11245.487
11267.990
11292.211
11311.900
11322.839
11334.091
11277.365
11348.468
11342.947
11314.505
11240.903
11324.038
11326.017
11361.594
11293.826
11281.898
11306.588
11343.363
11332.528
11258.978
11260.281
11282.523
11299.452
11343.936
11345.916
11318.360
11332.945
11333.726
11355.656
11341.227
11364.772
11330.341
11259.447
11230.642
11292.316
11303.775
11288.669
11300.858
11277.313
11324.506
11360.552
11369.564
11302.264
11300.598
11266.531
11312.734
11302.109
11314.193
11323.673
11283.512
11278.408
11338.779
11327.111
11265.229
11319.141
11261.583
11377.482
11365.970
11328.570
11310.598
11319.818
11291.482
11324.611
11302.890
11331.643
11322.631
11229.704
11278.095
11346.176
11325.080
11273.458
11259.395
11272.469
11373.366
11286.377
11278.563
11303.150
11311.484
11290.961
11307.785
11324.714
11271.584
11297.264
11357.323
11315.183
11394.514
11307.213
11278.199
11291.587
11279.710
11358.417
11322.319
11233.246
11267.052
11356.854
11329.247
11308.359
11249.029
11314.818
11316.850
11321.746
11340.706
11463.169
11295.910
11254.342
11226.422
11276.323
11297.108
11286.169
11249.289
11347.166
11342.738
11329.976
11245.123
11255.957
11309.870
11373.054
11287.887
11316.537
11244.705
11282.575
11315.496
11292.263
11280.282
11262.416
11355.604
11370.033
11392.484
11365.345
11306.745
11334.769
11324.246
11282.262
11377.742
11371.804
11234.444
11307.422
11313.516
11335.029
11383.420
11302.316
11318.203
11265.541
11263.301
11320.027
11322.111
11283.773
11314.766
11270.438
11262.728
11372.221
11318.308
11247.779
11310.912
11274.240
11315.704
11348.833
11288.981
11272.574
11304.453
11330.966
11373.315
11261.686
11222.567
11260.332
11346.489
11344.145
11258.406
11246.894
11318.204
11387.222
11312.318
11316.798
11287.420
11261.843
11332.737
11342.113
11338.466
11257.884
11313.829
11339.300
11324.924
11294.190
11248.612
11327.164
11296.431
11326.538
11345.915
11320.340
11313.933
11330.914
11290.649
11257.989
11371.543
11338.571
11315.026
11265.490
11283.095
11325.132
11315.859
11224.964
11304.713
11263.770
11345.967
11341.592
11263.562
11272.886
11270.125
11352.114
11334.612
11257.312
11343.780
11275.699
11328.257
11340.811
11254.707
11261.114
11253.560
11303.046
11357.844
11322.110
11319.923
11269.917
11304.296
11290.440
11283.304
11228.454
11311.849
11323.308
11344.457
11306.380
11317.839
11268.927
11319.663
11311.537
11310.235
11281.377
11293.044
11309.870
11288.513
11343.155
11301.015
11261.270
11274.709
11287.524
11375.971
11370.971
11320.913
11282.158
11267.677
11332.268
11302.786
11282.471
11281.689
11260.645
11308.203
11328.517
11330.341
11255.957
11274.136
11328.778
11333.154
11362.220
11312.005
11307.109
11351.542
11316.589
11297.420
11325.288
11291.535
11303.307
11328.414
11306.432
11321.434
11285.649
11265.803
11334.404
11302.785
11329.925
11282.210
11241.789
11258.353
11317.891
11361.646
11330.341
11346.332
11310.859
11280.126
11300.650
11357.636
11356.125
11280.804
11298.358
11312.266
11256.218
11373.836
11271.949
11262.312
11269.761
11323.361
11311.485
11298.411
11272.782
11287.836
11267.573
11318.569
11286.586
11268.355
11336.019
11312.995
11342.478
11329.247
11355.865
11295.337
11357.948
11343.572
11264.031
11316.590
11271.115
11295.233
11268.980
11292.837
11337.477
11314.923
11350.968
11277.418
11306.432
11367.116
11381.389
11311.744
11277.522
11304.609
11305.077
11326.642
11324.351
11264.916
11321.954
11295.649
11292.472
11320.132
11261.479
11327.476
11317.579
11299.139
11361.438
11331.174
11295.754
11279.033
11321.382
11283.929
11318.881
11304.348
11272.730
11279.450
11302.108
11336.435
11347.999
11253.353
11291.482
11283.982
11343.051
11332.633
11326.278
11338.363
11292.992
11270.542
11403.995
11370.866
11323.205
11286.586
11328.206
11312.787
11287.576
11309.453
11269.292
11264.708
11285.857
11361.335
11285.856
11307.578
11246.321
11326.018
11368.522
11322.476
11273.407
11308.516
11267.573
11303.983
11347.374
11334.040
11270.647
11301.327
11274.501
11330.445
11324.142
11261.999
11292.472
11322.631
11312.005
11279.241
11307.526
11241.112
11324.194
11367.272
11328.257
11278.929
11259.812
11289.815
11272.262
11331.903
11308.516
11250.436
11294.972
11395.713
11357.532
11351.854
11281.429
11325.757
11295.754
11281.794
11373.263
11342.686
11303.827
11292.055
11325.600
11297.369
11368.002
11301.276
11251.477
11297.264
11327.216
11277.939
11344.926
11308.203
11313.777
11299.660
11335.134
11292.889
11297.629
11248.457
11322.319
11259.447
11340.864
11337.373
11285.283
11253.717
11302.317
11333.415
11297.838
11377.795
11325.445
11335.029
11344.249
11357.479
11409.882
11338.363
11300.650
11252.416
11297.316
11289.972
11445.042
11347.739
11263.562
11246.217
11292.889
11345.395
11339.926
11336.435
11290.024
11314.922
11323.465
11295.753
11342.842
11286.899
11368.262
11317.632
11243.612
11333.467
11270.022
11297.577
11252.936
11315.704
11326.279
11325.341
11277.106
11286.846
11296.900
11351.542
11357.792
11230.694
11309.766
11269.240
11337.686
11367.377
11302.265
11292.263
11322.320
11294.138
11312.579
11292.368
11238.038
11307.421
11285.909
11293.097
11389.515
11311.328
11259.187
11299.556
11278.877
11306.744
11316.121
11260.489
11304.401
11290.961
11325.185
11242.362
11299.452
11260.854
11328.727
11389.775
11301.484
11336.280
11280.700
11280.283
11290.702
11303.620
11259.135
11299.296
11352.010
11298.983
11428.842
11304.348
11321.121
11272.522
11303.880
11330.550
11352.011
11316.850
11302.109
11323.205
11314.037
11299.869
11340.760
11241.321
11290.388
11334.821
11378.785
11368.470
11332.634
11317.475
11280.857
11307.630
11286.117
11316.068
11287.940
11313.256
11306.016
11345.655
11384.879
11381.597
11259.135
11314.402
11333.779
11300.754
11314.298
11302.004
11284.242
11269.136
11280.284
11374.252
11338.572
11311.017
11303.359
11308.776
11279.762
11371.387
11303.099
11294.295
11310.443
11291.847
11294.451
11418.581
11289.503
11278.825
11294.347
11335.706
11366.283
11343.937
11281.273
11294.764
11293.774
11280.856
11310.964
11316.486
11296.639
11276.794
11297.733
11287.784
11314.298
11292.472
11266.792
11276.273
11324.872
11344.040
11293.358
11286.951
11259.448
11303.203
11365.189
11289.712
11287.889
11320.497
11286.066
11342.009
11285.701
11303.723
11251.478
11324.195
11352.375
11301.172
11281.377
11233.871
11286.534
11366.179
11340.759
11274.606
11332.372
11322.059
11294.035
11365.085
11352.115
11281.794
11283.930
11254.187
11367.376
11375.868
11339.093
11299.817
11287.003
11355.553
11306.589
11368.419
11340.082
11325.810
11304.921
11330.810
11301.692
11344.301
11261.479
11278.929
11317.579
11275.335
11363.678
11307.787
11324.351
11317.788
11280.127
11305.598
11360.085
11331.175
11316.642
11303.776
11262.782
11310.339
11376.389
11285.493
11327.998
11292.420
11375.816
11329.977
11357.636
11291.691
11276.481
11297.942
11323.830
11294.712
11340.290
11280.960
11238.144
11337.999
11332.686
11305.704
11311.850
11381.181
11336.592
11320.861
11310.235
11332.633
11301.640
11335.499
11295.910
11281.169
11323.987
11295.702
11254.551
11305.495
11340.760
11377.066
11421.445
11335.551
11334.248
11270.490
11267.470
11294.608
11352.271
11283.565
11295.076
11313.152
11356.281
11339.405
11277.366
11300.025
11336.540
11262.729
11304.036
11366.491
11365.033
11298.046
11290.649
11280.649
11316.955
11350.917
11250.853
11287.941
11322.840
11257.052
11354.042
11255.385
11294.817
11265.229
11294.191
11313.934
11316.121
11241.998
11293.826
11301.224
11307.213
11275.335
11303.620
11262.573
11267.782
11339.509
11279.190
11303.151
11295.129
11327.008
11363.731
11381.754
11307.787
11294.400
11323.621
11277.679
11345.291
11277.262
11354.354
11335.394
11274.346
11309.610
11389.723
11324.143
11339.301
11306.433
11278.148
11348.313
11347.479
11333.727
11287.107
11238.976
11312.631
11374.409
11325.967
11264.448
11323.361
11285.596
11321.695
11362.793
11368.888
11294.608
11333.727
11255.073
11296.223
11318.622
11308.204
11393.786
11345.135
11239.497
11315.496
11344.770
11339.769
11331.748
11228.298
11359.407
11398.683
11320.913
11268.667
11263.459
11279.710
11265.490
11317.267
11310.079
11372.065
11314.246
11321.539
11304.401
11352.583
11334.613
11290.806
11286.066
11361.023
11274.710
11323.309
11324.559
11271.376
11268.095
11305.131
11349.875
11311.745
11275.387
11246.061
11277.367
11351.282
11358.106
11330.550
11291.327
11296.536
11359.095
11365.190
11364.461
11288.982
11289.295
11249.968
11272.106
11302.995
11281.430
11312.475
11287.681
11324.455
11346.281
11306.328
11290.024
11287.107
11349.979
11391.026
11397.120
11346.646
11304.662
11274.449
11368.054
11309.141
11351.751
11382.953
11343.364
11232.726
11277.888
11332.946
11303.516
11404.153
11297.473
11279.242
11282.055
11292.160
11352.219
11300.130
11273.669
11304.506
11271.898
11314.454
11358.209
11284.346
11257.052
11327.686
11328.519
11290.909
11277.992
11279.398
11285.337
11308.255
11310.860
11267.053
11290.754
11289.712
11295.442
11337.426
11316.642
11265.803
11301.432
11311.433
11360.918
11362.533
11281.482
11295.703
11294.973
11384.202
11367.378
11337.217
11239.654
11254.030
11296.536
11401.184
11335.655
11332.738
11317.319
11276.377
11351.125
11326.331
11358.209
11264.188
11270.231
11335.655
11291.587
11404.934
11320.965
11251.947
11330.394
11320.445
11300.807
11359.563
11275.596
11271.585
11284.659
11291.275
11331.175
11313.829
11265.647
11294.088
11317.788
11293.671
11258.666
11279.503
11316.954
11322.424
11288.982
11284.503
11272.575
11292.629
11335.394
11427.332
11344.614
11335.394
11256.011
11286.847
11331.488
11366.648
11383.004
11293.463
11282.002
11254.864
11290.598
11319.611
11332.009
11277.992
11306.745
11325.342
11357.428
11391.860
11323.101
11309.610
11281.273
11283.566
11305.079
11294.764
11261.688
11310.444
