14.012
12.709
12.814
16.200
13.544
13.439
13.439
13.544
13.439
13.491
13.439
13.387
13.491
13.387
13.439
13.387
13.387
13.387
39.953
9.376
12.032
13.595
13.387
13.491
13.335
13.387
13.387
13.387
13.492
13.491
13.439
13.492
13.387
13.387
13.543
13.387
13.492
13.387
13.439
13.387
13.387
13.387
13.387
13.439
13.491
13.387
13.440
13.387
13.386
13.387
13.440
13.387
13.387
13.387
13.439
13.387
13.440
13.387
9.533
11.616
13.074
13.387
13.439
13.387
13.439
13.387
13.387
13.439
13.387
13.491
13.492
13.439
13.387
13.387
13.387
13.492
13.387
13.440
13.439
13.387
13.387
13.439
13.491
13.387
13.439
13.491
13.491
13.491
13.387
13.439
13.387
13.492
13.387
13.439
36.411
11.043
11.512
13.491
13.700
13.387
13.439
13.439
13.335
13.387
13.491
13.439
13.387
13.387
13.282
13.491
13.491
13.387
13.439
13.335
13.387
13.387
13.387
13.491
13.439
13.387
13.387
13.439
13.439
13.439
13.439
13.387
13.491
13.491
13.387
13.335
13.387
13.491
13.492
37.973
11.304
13.595
13.440
13.491
13.283
13.387
13.491
13.387
13.387
13.439
13.491
13.387
13.491
13.439
13.439
13.387
13.387
13.387
13.387
13.387
13.387
13.387
13.439
13.387
13.491
13.387
13.439
13.439
13.387
13.491
13.439
13.491
13.439
13.386
13.439
13.387
13.439
13.387
38.181
11.668
13.127
13.491
13.439
13.387
13.439
13.387
13.440
13.387
13.492
13.387
13.387
13.439
13.439
13.335
13.283
13.492
13.439
13.387
13.387
13.283
13.491
13.439
13.387
13.387
13.387
13.387
13.439
13.387
13.439
13.387
13.439
13.440
13.439
13.439
13.387
13.387
10.731
11.668
13.439
13.387
13.387
13.439
13.387
13.387
13.439
13.387
13.491
13.387
13.491
13.335
13.387
13.439
13.335
13.335
13.387
13.492
13.491
13.387
13.439
13.387
13.439
13.387
13.387
13.439
13.439
13.492
13.439
13.491
13.387
13.387
13.387
13.439
13.492
13.439
37.974
9.428
11.407
13.387
12.970
13.491
13.335
13.387
13.334
13.387
13.387
13.387
13.387
13.543
13.387
13.387
13.491
13.335
13.439
13.439
13.439
13.491
13.543
13.387
13.387
13.491
13.387
13.439
13.387
13.491
13.387
13.439
13.387
13.439
13.439
13.387
13.439
13.387
38.286
9.949
11.408
13.387
13.387
13.595
13.387
13.387
13.387
13.387
13.439
13.387
13.439
13.387
13.387
13.440
13.387
13.387
13.439
13.492
13.387
13.491
13.387
13.335
13.439
13.387
13.387
13.387
13.387
13.387
13.387
13.491
13.387
13.387
13.439
13.387
13.387
13.387
13.387
37.869
10.835
11.512
13.491
13.387
13.387
13.387
13.491
13.440
13.387
13.440
13.491
13.439
13.491
11.512
13.543
12.501
13.543
13.647
12.762
13.595
13.491
12.137
13.439
13.387
13.439
13.387
13.439
13.596
11.095
13.491
13.439
7.709
13.491
13.439
13.439
13.387
13.491
13.387
10.887
11.512
12.501
13.596
13.439
13.387
13.387
13.387
13.439
13.387
13.387
13.387
13.439
13.491
13.387
13.439
13.440
13.908
13.439
13.387
13.491
13.387
13.387
13.387
13.387
13.491
13.439
13.283
13.387
13.387
13.439
13.387
13.387
13.491
13.387
13.439
13.492
13.387
13.387
9.428
11.929
12.658
13.543
13.387
13.387
13.544
13.439
13.439
13.387
13.387
13.387
13.387
13.387
13.387
13.335
13.387
13.387
13.387
13.282
13.387
13.387
13.387
13.439
13.387
13.283
13.491
13.439
13.387
13.439
13.439
13.387
13.491
13.387
13.595
13.386
13.335
13.387
13.387
38.026
13.439
13.439
13.387
13.439
13.387
13.439
13.440
13.543
13.439
13.544
13.387
13.387
13.439
13.491
13.492
13.491
13.439
13.387
13.491
13.387
13.439
13.491
13.492
13.387
13.439
13.387
13.439
13.439
13.387
13.387
13.387
13.491
13.387
13.387
13.387
13.439
37.296
11.095
12.606
13.387
13.387
13.439
13.387
13.387
13.439
13.282
13.439
13.491
13.439
13.439
13.492
13.387
13.387
13.387
13.335
13.439
13.387
13.439
13.387
13.439
13.439
13.387
13.387
13.439
13.439
13.439
13.387
13.439
13.387
13.387
13.387
13.387
13.491
13.439
13.439
38.650
10.991
10.887
13.491
13.439
13.387
13.491
13.491
13.491
13.439
13.387
13.387
13.387
13.439
13.491
13.439
13.334
13.387
13.439
13.387
13.491
13.491
13.439
13.387
13.491
13.386
13.387
13.387
13.491
13.387
13.335
13.387
13.387
13.387
13.491
13.387
13.387
13.387
10.002
11.616
13.700
11.512
13.439
13.387
13.439
13.439
13.440
13.439
13.335
13.439
13.387
13.439
13.439
13.387
13.491
13.387
13.387
13.492
13.439
13.439
13.335
13.439
13.491
13.491
13.439
13.387
13.387
13.387
13.492
13.387
13.387
13.387
13.543
13.387
13.387
13.439
13.439
9.428
11.460
13.544
13.439
13.387
13.387
13.387
13.439
13.387
13.439
13.387
13.491
13.387
13.387
13.283
13.387
13.439
13.439
13.387
13.491
13.387
13.439
13.491
13.492
13.335
13.387
13.387
13.491
13.439
13.387
13.335
13.492
13.439
13.387
13.387
13.439
13.387
13.439
10.782
11.616
13.543
13.387
13.544
13.439
13.439
13.387
13.439
13.439
13.491
13.439
13.387
13.387
13.387
13.387
13.439
13.439
13.491
13.387
13.439
13.387
13.439
13.387
13.440
13.387
13.387
13.387
13.491
13.387
13.387
13.387
13.387
13.439
13.491
13.491
13.439
13.387
44.901
12.710
13.595
13.387
13.387
13.387
13.387
13.439
13.439
13.387
13.439
13.491
13.439
13.543
13.387
13.387
13.387
13.387
13.491
13.491
13.386
13.491
13.439
13.491
13.439
13.439
13.387
13.387
13.492
13.335
13.387
13.439
13.387
13.387
13.491
13.439
13.283
13.387
13.439
13.595
13.387
13.334
13.387
13.387
13.439
13.387
13.439
13.387
13.387
13.387
13.491
13.387
13.491
13.387
13.387
13.439
13.335
13.491
13.387
13.387
13.439
13.439
13.491
13.387
13.491
13.492
13.439
13.491
13.387
13.543
13.439
13.491
13.439
13.387
13.387
13.387
10.782
11.408
13.491
13.387
13.387
13.440
13.335
13.387
13.439
13.387
13.387
13.439
13.492
13.387
13.439
13.439
13.387
13.335
13.387
13.544
13.439
13.387
13.387
13.387
13.440
13.491
13.491
13.439
13.386
13.387
13.387
13.491
13.439
13.387
13.439
13.491
13.439
13.439
48.547
11.459
13.700
13.491
13.491
13.439
13.439
13.439
13.439
13.491
13.491
13.492
13.491
13.387
13.491
13.387
13.387
13.491
13.387
13.491
13.387
13.387
13.387
13.387
13.491
13.387
13.387
13.439
13.439
13.387
13.439
13.387
13.387
13.387
13.387
13.387
13.387
13.439
10.834
11.668
13.335
13.387
13.491
13.387
13.387
13.387
13.439
13.387
13.492
13.491
13.439
13.543
13.492
13.387
13.387
13.439
13.439
13.387
13.439
13.387
13.491
13.492
13.492
13.387
13.439
13.335
13.491
13.387
13.387
13.439
13.439
13.439
13.387
13.387
13.387
13.335
44.485
11.512
13.804
13.491
13.440
13.387
13.491
13.439
13.439
13.387
13.387
13.491
13.439
13.492
13.387
13.387
13.387
13.387
13.387
13.491
13.439
13.387
13.387
13.439
13.439
13.387
13.491
13.491
13.439
13.491
13.387
13.387
13.387
13.491
13.387
13.387
13.387
13.387
10.053
11.512
13.387
13.491
13.439
13.439
13.334
13.387
13.387
13.439
13.387
13.439
13.387
13.387
13.439
13.387
13.439
13.387
13.387
13.387
13.492
13.439
13.387
13.491
13.387
13.439
13.387
13.439
13.335
13.491
13.439
13.387
13.491
13.387
13.440
13.387
13.491
13.491
49.381
12.814
13.595
13.387
13.387
13.387
13.439
13.387
13.387
13.387
13.283
13.439
13.439
13.387
13.491
13.283
13.387
13.491
13.439
13.491
13.387
13.491
13.492
13.491
13.491
13.440
13.439
13.387
13.491
13.387
13.387
13.387
13.387
13.439
13.439
13.387
13.492
13.387
13.491
10.678
13.543
13.439
13.387
13.439
13.491
13.387
13.387
13.439
13.491
13.439
13.387
13.439
13.387
13.491
13.387
13.387
13.439
13.387
13.387
13.387
13.387
13.439
13.491
