15.991
13.543
13.231
13.231
13.283
13.231
13.282
13.283
13.335
13.334
13.335
13.178
13.179
13.231
13.231
13.230
10.887
12.397
12.137
13.335
13.178
13.231
13.387
13.230
13.179
13.179
13.231
13.178
13.231
13.179
13.178
13.283
13.231
13.283
13.283
13.283
13.178
13.283
13.283
13.283
13.178
13.179
13.179
13.231
13.335
13.231
13.387
13.335
13.335
13.230
13.230
44.693
11.616
13.335
13.283
13.335
13.231
13.231
13.231
13.283
13.283
13.335
13.283
13.282
13.178
13.231
13.179
13.283
13.282
13.179
13.335
13.335
13.283
13.230
13.231
13.231
13.230
13.231
13.179
13.179
13.283
13.231
13.178
13.179
13.231
13.282
47.766
11.616
13.282
13.179
13.179
13.179
13.282
13.231
13.231
13.283
13.231
13.335
13.230
13.283
13.178
13.178
13.283
13.335
13.387
13.491
13.282
13.231
13.231
13.179
13.230
13.283
13.283
13.283
13.231
13.335
13.335
13.231
13.230
49.693
11.303
12.606
13.231
13.178
13.283
13.179
13.387
13.283
13.231
13.231
13.231
13.283
13.231
13.283
13.387
13.283
13.282
13.231
13.283
13.230
13.231
13.231
13.282
13.178
13.179
13.283
13.231
13.231
13.230
13.231
13.335
13.283
13.283
13.283
13.282
11.199
13.647
13.282
13.179
13.283
13.283
13.231
13.179
13.282
13.335
13.231
13.178
13.335
13.335
13.283
13.179
13.231
13.231
13.230
13.231
13.283
13.231
13.282
13.231
13.179
13.335
13.178
13.231
13.179
13.178
13.231
13.179
13.231
13.179
13.283
9.532
11.511
13.283
13.647
13.283
13.178
13.230
13.231
13.387
13.179
13.179
13.283
13.335
13.179
13.231
13.179
13.334
13.231
13.179
13.283
13.283
13.231
13.439
13.282
13.283
13.230
13.178
13.335
13.179
13.179
13.230
13.179
13.179
13.231
47.402
11.303
12.605
13.179
13.231
13.231
13.178
13.283
13.335
13.283
13.179
13.231
13.179
13.231
13.231
13.231
13.179
13.387
13.283
13.231
13.178
13.283
13.282
13.179
13.231
13.387
13.283
13.231
13.231
13.230
13.178
13.283
13.283
13.178
13.283
13.179
10.991
11.564
13.491
13.335
13.387
13.283
13.230
13.179
13.231
13.178
13.179
13.283
13.179
13.230
13.283
13.231
13.230
13.231
13.283
13.230
13.231
13.179
13.283
13.231
13.179
13.387
13.179
13.387
13.178
13.179
13.283
13.282
13.231
13.179
13.387
47.037
11.512
13.491
7.501
13.335
13.231
13.179
13.335
13.335
13.179
13.335
13.230
13.231
13.335
13.231
13.178
13.283
13.335
13.231
13.230
13.283
13.179
13.230
13.179
13.335
13.439
13.283
13.231
13.230
13.231
13.283
13.335
13.283
13.231
13.179
10.470
12.241
10.991
7.866
13.178
13.230
13.231
13.179
13.335
13.178
13.231
13.231
13.231
13.231
13.230
13.283
13.335
13.283
13.283
13.283
13.231
13.179
13.230
13.283
13.231
13.179
13.387
13.179
13.335
13.178
13.178
13.231
13.283
13.230
13.283
13.387
10.887
12.293
13.231
13.231
13.178
13.283
13.283
13.335
13.282
13.231
13.231
13.231
13.335
13.334
13.283
13.231
13.179
13.127
13.127
13.334
13.387
13.230
13.178
13.231
13.283
13.230
13.179
13.283
13.335
13.179
13.283
13.231
13.283
13.231
13.231
41.932
11.303
7.970
13.179
13.178
13.283
13.179
13.283
13.282
13.283
13.179
13.179
13.231
13.230
13.231
13.179
13.283
13.178
13.231
13.335
13.230
13.231
13.231
13.283
13.283
13.231
13.179
13.335
13.231
13.230
13.179
13.179
13.283
13.231
13.178
10.886
11.616
11.825
13.283
13.231
13.178
13.230
13.230
13.231
13.179
13.387
13.282
13.335
13.283
13.282
13.231
13.179
13.179
13.231
13.178
13.230
13.179
13.179
13.283
13.282
13.231
13.283
13.178
13.179
13.179
13.179
13.282
13.283
13.231
13.230
48.495
12.710
13.283
12.709
13.283
13.178
13.178
13.283
13.231
13.335
13.231
13.283
13.230
13.230
13.231
13.335
13.178
13.178
13.178
13.231
13.231
13.231
13.231
13.230
13.335
13.231
13.387
13.231
13.179
13.179
13.178
13.283
13.283
13.230
13.231
13.179
11.356
13.387
13.283
13.283
13.282
13.230
13.179
13.335
13.127
13.282
13.179
13.283
13.283
13.178
13.178
13.230
13.283
13.231
13.178
13.230
13.231
13.231
13.282
13.283
13.335
13.179
13.335
13.178
13.179
13.335
13.387
13.283
13.283
13.178
10.991
12.293
13.282
13.335
13.179
13.231
13.178
13.230
13.179
13.335
13.230
13.178
13.283
13.387
13.230
13.283
13.179
13.230
13.283
13.387
13.231
13.231
13.179
13.230
13.283
13.179
13.230
13.178
13.179
13.231
13.283
13.230
13.178
13.231
13.283
41.515
12.293
13.699
13.179
13.231
13.178
13.230
13.283
13.335
13.282
13.283
13.283
13.230
13.231
13.231
13.387
13.179
13.179
13.179
13.230
13.230
13.179
13.179
13.179
13.335
13.283
13.335
13.178
13.178
13.387
13.231
13.178
13.231
13.231
13.179
13.231
10.053
13.179
13.387
13.231
13.179
13.283
13.178
13.283
13.179
13.231
13.230
13.231
13.231
13.283
13.387
13.231
13.231
13.230
13.178
13.179
13.179
13.179
13.231
13.178
13.178
13.231
13.335
13.283
13.178
13.335
13.231
13.231
13.283
13.283
40.578
11.512
12.605
13.179
13.179
13.230
13.179
13.335
13.230
13.178
13.230
13.179
13.179
13.230
13.283
13.231
13.282
13.387
13.283
13.387
13.231
13.282
13.231
13.179
13.231
13.283
13.283
13.334
13.231
13.127
13.179
13.283
13.387
13.387
13.230
13.231
10.105
12.241
12.658
13.231
13.283
13.335
13.231
13.230
13.231
13.231
13.335
13.231
13.179
13.282
13.283
13.283
13.178
13.178
13.282
13.126
13.387
13.126
13.230
13.231
13.179
13.282
13.231
13.387
13.231
13.231
13.230
13.230
13.283
13.179
13.231
48.495
12.449
13.387
13.231
13.283
13.178
13.179
13.283
13.387
13.387
13.231
13.178
13.230
13.283
13.387
13.335
13.283
13.334
13.178
13.231
13.231
13.282
13.335
13.283
13.231
13.230
13.231
13.231
13.231
13.178
13.179
13.179
13.231
13.230
13.335
10.939
13.179
13.283
13.179
13.387
13.387
13.283
13.231
13.127
13.283
13.282
13.283
13.283
13.231
13.179
13.178
13.387
13.231
13.178
13.335
13.231
13.231
13.179
13.230
13.179
13.231
13.283
13.179
13.179
13.179
13.179
13.231
13.230
13.231
13.179
45.631
11.460
13.282
13.231
13.283
13.179
13.179
13.178
13.230
13.283
13.335
13.231
13.283
13.283
13.283
13.178
13.283
13.179
13.231
13.231
13.387
13.231
13.231
13.231
13.231
13.387
13.231
13.283
13.178
13.231
13.179
13.231
13.230
13.231
13.283
47.714
9.897
9.897
13.387
13.179
13.231
13.178
13.179
13.335
13.230
13.231
13.179
13.335
13.283
13.178
13.230
13.231
13.283
13.178
13.178
13.179
13.231
13.387
13.283
13.179
13.179
13.230
13.231
13.231
13.179
13.283
13.231
13.387
13.231
13.335
13.230
10.001
13.283
13.334
13.335
13.335
13.178
13.231
13.283
13.282
13.231
13.283
13.178
13.179
13.179
13.231
13.283
13.387
13.231
13.230
13.283
13.387
13.178
13.335
13.387
13.178
13.231
13.179
13.231
13.387
13.179
13.231
13.231
13.231
13.230
10.001
13.231
13.283
13.231
13.231
13.283
13.230
13.283
13.231
13.178
13.178
13.283
13.231
13.282
13.283
13.231
13.282
13.231
13.283
13.387
13.179
13.231
13.179
13.231
13.178
13.283
13.283
13.178
13.178
13.387
13.335
13.282
13.283
13.178
13.283
41.307
12.397
12.606
13.179
13.283
13.231
13.179
13.231
13.334
13.178
13.231
13.283
13.126
13.283
13.283
13.387
13.283
13.283
13.335
13.231
13.179
13.231
13.230
13.231
13.231
13.230
13.178
13.283
13.283
13.179
13.231
13.230
13.179
13.335
13.178
13.283
9.480
11.564
13.543
13.179
13.387
13.179
13.282
13.178
13.179
13.283
13.335
13.282
13.231
13.231
13.178
13.178
13.231
13.231
13.178
13.335
13.179
13.231
13.283
13.179
13.231
13.387
13.283
13.282
13.283
13.283
13.230
13.283
13.178
13.230
48.235
11.824
13.283
