55.579
50.058
31.305
69.539
73.082
16.199
74.696
10.001
39.120
11.460
17.502
68.081
12.345
30.316
79.124
61.153
76.675
14.794
25.888
14.741
60.111
60.632
18.908
74.853
16.981
62.299
47.610
54.069
38.182
13.230
16.304
23.388
48.391
21.565
35.525
75.999
20.158
32.816
41.099
68.862
102.408
70.581
20.628
32.765
66.310
60.163
56.048
54.069
32.087
61.934
14.377
24.638
23.701
67.977
14.324
20.263
64.174
25.263
65.163
31.305
45.578
47.610
17.971
93.084
54.486
36.775
12.293
78.499
55.736
25.628
21.825
73.238
70.477
11.043
21.513
17.763
9.584
28.910
16.199
56.829
43.286
15.054
22.138
12.137
24.691
49.485
16.512
75.061
46.099
32.921
15.835
73.446
36.098
6.095
76.728
79.228
92.980
22.294
66.727
71.779
53.079
14.429
33.338
53.809
19.898
30.732
55.736
56.361
32.504
56.360
57.871
44.485
38.390
29.430
75.634
59.903
40.578
34.327
40.422
61.257
62.299
71.727
13.700
39.067
21.201
41.359
62.820
21.201
57.246
23.544
74.435
50.423
47.402
12.293
18.648
65.789
37.348
71.050
17.658
69.122
66.467
38.442
52.350
56.621
73.810
35.525
33.493
32.504
24.065
15.575
54.485
46.047
46.411
62.403
25.471
29.170
13.803
58.393
82.405
40.577
65.164
17.085
46.360
9.480
16.304
34.379
61.101
66.258
61.830
9.688
38.233
48.756
40.109
54.121
14.637
61.935
63.914
31.670
21.826
69.071
15.001
65.268
13.283
57.663
54.121
72.352
25.785
52.975
24.691
32.556
30.837
87.145
31.722
16.304
54.382
40.161
62.872
43.859
44.849
26.462
22.502
96.939
22.190
16.200
45.474
42.557
47.401
45.162
63.133
15.835
39.484
16.877
33.181
66.101
74.905
76.102
27.242
9.793
45.474
11.408
45.474
78.238
32.660
73.707
48.599
22.815
14.637
76.676
70.112
13.178
78.291
34.171
66.726
14.481
15.679
50.005
64.435
58.445
58.288
53.912
13.700
69.435
33.441
64.070
26.253
37.035
67.925
15.939
50.215
50.058
14.794
26.409
68.602
70.893
57.611
72.144
71.363
24.118
68.289
43.390
27.191
12.918
52.610
9.480
61.726
34.431
70.372
21.201
13.855
18.179
13.387
13.960
40.265
20.158
72.509
22.763
45.734
51.204
11.095
48.860
48.392
17.606
43.338
26.305
64.435
49.693
79.124
40.370
24.846
9.532
67.456
78.082
65.060
24.169
15.263
36.202
25.941
32.087
44.328
54.954
35.837
59.799
64.539
64.383
52.454
63.497
51.777
48.183
35.629
10.939
67.560
68.237
54.069
63.758
43.807
11.095
38.025
21.669
41.464
111.888
66.571
64.695
8.803
73.394
53.704
17.867
78.447
19.065
53.235
76.727
62.820
36.671
29.065
35.994
72.144
74.696
41.620
63.653
10.835
66.102
41.828
36.723
26.618
48.860
18.752
43.495
14.324
53.600
60.320
67.352
66.518
66.935
41.567
40.734
65.997
54.799
79.176
70.216
17.867
24.951
75.321
41.619
21.878
51.256
74.384
28.909
38.234
37.400
38.442
14.480
28.233
49.433
50.891
50.579
51.100
43.599
18.492
26.253
25.211
58.809
43.026
68.862
48.391
31.149
109.804
39.015
59.694
83.500
35.472
20.783
31.931
34.587
52.454
18.648
6.615
13.074
15.627
30.212
29.587
31.306
26.930
75.009
67.560
74.436
15.679
12.918
37.453
55.631
30.316
70.165
78.342
46.464
51.412
16.460
13.856
51.621
22.399
29.899
36.515
59.695
37.869
12.710
23.388
54.954
85.740
35.942
8.908
21.877
24.690
38.078
60.736
11.251
39.953
9.688
24.326
51.308
58.184
39.015
20.159
39.067
49.121
60.372
14.428
77.144
76.780
22.242
47.298
99.386
21.096
12.189
41.671
62.403
20.888
37.713
32.764
72.092
26.305
35.056
70.217
15.939
32.556
73.551
38.182
15.366
46.204
10.209
45.995
18.075
69.695
39.693
14.690
32.608
62.663
62.924
64.018
68.185
40.265
11.459
24.117
30.577
31.306
56.309
27.555
17.293
64.122
52.923
28.961
54.850
66.050
72.144
39.952
73.550
35.786
59.486
28.753
57.663
58.965
17.398
40.994
29.483
78.916
8.803
66.050
67.768
23.597
53.913
70.945
29.535
70.686
10.886
51.152
35.890
69.956
9.220
60.424
31.462
110.481
15.314
17.554
55.007
28.493
64.434
32.503
32.087
66.362
25.420
100.689
75.218
43.860
65.581
35.473
66.206
64.643
78.395
47.453
46.048
29.118
26.357
66.206
32.139
56.674
26.982
54.225
17.554
44.172
52.610
64.487
66.206
54.225
24.065
40.474
57.767
63.237
38.025
29.326
68.342
30.108
50.631
14.689
18.908
21.721
70.112
31.046
42.922
60.267
26.305
67.195
28.129
9.792
73.863
16.720
73.082
64.175
46.673
44.015
65.059
67.821
49.016
75.686
74.644
24.794
82.041
52.141
51.152
29.952
65.737
71.518
29.535
45.110
59.017
48.860
64.226
78.290
50.892
50.162
38.078
34.327
44.432
65.737
21.304
13.804
63.549
14.585
19.638
61.101
37.452
40.213
109.804
27.816
15.054
76.780
55.527
43.391
66.674
38.025
47.610
14.689
77.718
9.220
46.985
50.006
37.452
74.279
47.506
28.284
22.972
11.564
33.441
50.579
45.734
111.211
12.398
66.831
58.496
28.858
66.831
54.069
41.776
79.072
39.953
52.662
32.087
54.590
68.445
60.893
16.512
101.730
43.807
64.226
101.731
52.923
18.283
37.140
11.356
59.382
77.665
63.653
45.839
30.680
36.410
61.778
35.525
13.023
61.674
66.049
58.392
38.755
35.577
24.222
45.474
49.693
19.898
64.383
77.770
63.705
109.440
45.787
32.713
23.961
13.491
52.350
16.877
57.871
9.897
57.663
10.522
34.588
63.080
40.005
64.382
21.305
36.358
17.607
26.409
20.992
24.691
37.244
55.423
58.028
40.317
28.857
72.040
72.926
9.376
63.237
73.759
51.568
41.463
100.846
17.502
43.963
14.325
16.929
61.622
70.477
56.360
18.909
66.153
17.346
48.443
48.079
46.568
13.075
67.195
67.560
70.685
27.243
37.869
47.766
41.880
58.600
14.950
17.450
55.892
44.276
14.949
61.049
52.714
29.170
37.505
61.674
52.402
30.472
48.808
76.728
58.236
16.929
44.276
29.379
79.280
52.975
53.912
59.381
11.407
79.801
52.089
29.431
83.708
13.751
16.929
17.554
50.840
75.738
30.159
16.148
49.329
36.046
14.793
76.154
11.981
38.234
15.783
60.059
69.852
74.748
75.061
19.794
65.581
35.629
75.790
101.053
53.079
72.821
30.473
12.136
51.464
66.310
25.992
66.779
29.847
43.130
10.991
67.769
62.872
25.055
48.286
89.594
31.774
59.330
11.616
59.851
78.551
19.325
29.483
14.898
54.955
50.163
65.945
25.576
63.549
65.373
73.706
31.567
18.492
63.654
77.873
76.311
72.561
14.741
51.412
33.129
66.935
55.631
53.965
66.258
26.513
65.424
39.432
40.838
23.701
29.430
77.092
55.527
33.233
17.867
9.428
16.043
59.382
42.610
24.743
47.870
48.183
71.623
16.617
65.529
47.870
60.476
12.605
36.671
44.484
23.128
58.444
9.376
34.067
33.858
49.954
44.432
69.331
11.877
50.631
65.841
51.881
14.845
33.546
21.461
72.040
67.456
23.075
80.218
12.189
10.887
67.196
74.331
31.931
20.523
29.326
49.329
12.345
103.085
56.361
27.242
105.690
63.966
78.395
106.731
15.262
48.287
24.273
25.524
56.934
41.723
68.497
51.204
13.387
101.105
42.557
25.159
15.367
51.881
19.117
76.519
71.727
64.955
11.876
18.492
38.129
23.962
57.611
17.711
55.058
45.422
9.585
13.387
61.726
77.248
38.078
79.228
99.647
25.837
16.095
40.056
50.266
45.318
38.390
58.913
35.108
28.388
13.127
67.300
31.774
75.738
42.557
48.496
22.711
75.738
52.819
17.606
14.585
41.515
75.218
76.884
50.214
19.013
14.741
8.021
72.091
25.003
17.971
17.815
11.303
73.915
15.419
17.606
43.651
38.442
56.152
35.264
68.185
72.040
52.506
18.023
58.913
46.307
52.506
21.878
11.095
74.488
68.289
65.529
19.533
38.078
30.993
75.946
24.065
33.025
18.700
62.091
55.163
51.204
11.303
65.528
44.797
53.236
61.570
77.613
55.632
59.069
61.674
9.584
15.679
12.814
31.983
28.337
25.368
72.561
45.995
50.423
66.414
29.639
15.522
