22.346
22.398
20.940
21.721
22.190
21.408
22.451
21.825
21.304
22.346
21.357
22.190
21.826
21.722
21.617
21.409
20.419
22.555
22.502
21.565
21.096
22.503
21.669
22.034
20.888
22.086
22.191
22.399
22.138
22.920
21.097
22.347
21.826
21.774
21.409
21.877
21.877
21.982
21.097
21.617
21.721
22.971
47.141
18.127
21.982
21.096
22.711
22.190
21.930
21.877
21.617
22.034
21.721
22.659
21.930
21.513
21.617
21.044
21.773
21.721
21.617
21.722
21.357
21.721
21.669
21.982
21.408
22.138
21.304
50.631
22.451
21.513
22.086
21.982
22.190
21.461
21.409
21.565
22.242
20.783
22.451
21.981
22.607
21.461
23.180
21.253
21.721
21.513
22.399
21.773
21.252
21.721
20.940
21.096
52.714
18.596
22.555
21.981
21.513
21.669
22.555
21.618
21.878
21.513
21.513
21.096
22.086
20.679
21.565
21.825
21.721
22.347
21.981
21.669
22.398
22.086
21.513
22.086
21.877
21.513
21.669
16.096
21.722
21.461
21.773
21.929
21.201
20.836
22.086
21.669
21.930
21.305
23.493
22.243
22.555
21.773
22.502
21.409
22.190
21.721
21.565
21.565
21.357
22.607
22.034
22.346
21.200
54.382
19.065
21.201
21.149
21.565
21.148
21.253
22.503
21.252
22.034
22.503
21.097
21.409
21.513
21.201
21.357
21.773
21.461
21.149
21.722
21.253
21.773
21.305
21.200
22.190
20.315
22.659
53.705
22.294
22.503
21.826
22.034
21.513
20.940
22.659
22.190
21.930
21.148
20.888
22.971
21.408
22.138
21.513
21.409
22.606
21.305
21.773
22.398
21.408
21.305
21.305
21.045
22.138
23.023
21.044
21.044
22.138
22.347
21.148
20.836
20.887
21.617
21.929
22.033
21.617
22.450
22.190
21.305
21.408
22.607
21.774
22.347
21.253
21.826
21.149
21.773
21.304
22.815
21.617
48.964
19.794
20.887
20.523
20.836
21.200
20.523
21.096
20.627
20.940
21.357
21.981
22.763
22.502
21.461
20.627
20.992
21.617
20.784
21.409
21.461
21.982
21.618
21.305
21.097
22.972
21.357
51.882
18.231
23.232
21.460
22.190
21.565
22.503
21.617
21.461
21.513
21.356
21.305
21.305
21.774
21.097
21.201
21.409
22.138
21.618
21.825
20.835
22.346
21.982
21.409
21.044
20.836
48.860
18.596
22.294
21.826
22.086
21.252
20.992
20.888
22.086
21.618
22.971
21.669
21.565
21.201
20.680
22.347
21.200
20.627
21.096
21.200
21.721
20.784
21.513
21.565
21.513
21.617
21.565
50.996
21.878
20.367
21.252
22.138
22.398
21.513
22.138
21.513
23.180
22.919
20.888
20.992
22.034
21.930
21.305
21.617
21.044
21.408
22.086
21.982
22.086
21.721
21.617
20.679
21.044
21.513
15.002
22.242
21.618
21.930
21.148
21.513
21.461
22.607
21.148
21.930
20.940
20.888
21.930
20.628
21.982
21.149
20.888
21.930
22.190
22.138
21.669
22.086
22.034
21.669
20.679
22.346
21.773
17.085
22.138
21.982
22.398
21.357
22.086
21.930
21.200
21.357
21.565
21.513
21.408
21.305
21.253
21.097
21.305
22.295
21.721
20.992
21.356
21.409
20.836
20.783
21.513
21.200
21.200
17.606
21.878
21.513
22.138
21.304
21.408
21.148
20.783
21.669
21.669
21.669
22.294
21.461
21.722
21.617
21.096
21.148
20.992
22.555
22.711
21.617
20.783
20.471
21.617
22.711
20.159
55.684
17.554
21.200
21.409
21.565
21.305
21.305
21.774
22.243
21.461
21.617
21.773
21.617
20.887
21.513
21.825
21.044
21.721
21.252
22.138
21.722
21.878
20.940
21.877
21.461
22.138
20.940
49.590
19.221
21.930
22.503
21.670
21.096
21.096
22.450
21.982
22.451
21.826
21.513
21.565
21.304
22.138
21.305
21.461
21.825
21.565
20.680
21.201
20.992
21.513
21.513
21.305
21.565
51.152
20.315
21.929
22.554
21.513
22.191
21.721
22.086
22.190
22.503
22.503
21.826
21.930
21.408
21.461
21.722
21.357
21.149
22.295
21.096
21.669
21.461
21.513
21.773
21.877
21.669
21.461
21.669
15.627
20.107
20.888
22.346
22.502
21.513
21.878
21.409
21.044
21.722
21.409
21.304
21.044
21.773
20.992
21.304
22.294
21.304
20.940
20.732
22.138
22.815
20.992
21.669
21.461
21.044
20.419
20.992
21.044
21.930
21.200
21.981
21.617
20.992
21.461
22.502
21.409
21.305
21.669
21.357
22.242
21.774
20.524
22.503
21.565
21.617
22.346
21.565
22.034
21.305
20.784
21.669
15.627
22.295
21.617
21.930
21.305
21.409
21.929
21.304
21.148
21.669
21.149
22.190
21.982
21.409
21.097
22.555
22.398
21.304
21.721
21.097
21.513
21.982
21.096
21.201
21.149
21.513
57.402
18.283
21.617
22.815
21.305
21.201
21.513
21.304
21.877
22.346
21.408
21.721
21.409
22.711
21.409
22.503
21.304
22.294
20.783
21.825
21.305
22.815
21.773
21.200
20.836
21.149
21.669
50.631
21.877
20.992
21.930
22.868
21.409
21.981
21.825
21.305
21.513
21.096
21.929
20.784
22.815
23.544
23.075
20.680
21.826
21.253
21.201
21.878
23.493
21.617
21.565
21.826
21.409
22.086
17.658
21.982
21.356
22.138
21.826
21.512
21.930
21.096
21.409
20.888
21.618
21.201
23.024
21.670
20.784
20.628
21.513
21.825
20.263
21.826
21.253
21.253
20.939
21.305
20.628
21.617
18.596
21.722
21.565
21.305
21.201
20.836
23.232
21.825
21.461
21.825
20.784
21.825
21.409
20.940
22.190
21.253
20.680
21.826
21.461
21.513
21.461
21.565
20.783
21.930
21.513
23.128
53.288
20.471
20.679
21.669
21.513
22.138
21.305
21.878
21.774
21.305
21.878
21.305
21.513
20.888
20.836
21.408
21.513
21.513
21.878
21.409
21.304
22.502
21.356
21.461
21.721
22.294
20.888
49.849
22.086
20.784
21.305
22.346
21.305
20.783
21.200
22.190
21.774
22.399
21.722
21.669
20.627
20.731
20.784
21.305
21.773
20.940
20.888
21.826
20.835
22.138
21.982
21.670
21.148
53.600
21.513
20.419
21.461
21.825
21.461
22.138
21.357
21.878
21.096
22.555
21.721
20.367
21.461
22.555
20.836
21.200
23.076
21.513
21.409
22.034
20.940
20.680
21.878
21.357
23.076
20.835
17.555
16.200
23.284
20.992
21.774
21.409
22.086
21.618
21.096
22.086
20.940
20.836
21.461
22.502
21.409
21.461
21.877
21.409
21.670
22.190
21.460
21.669
21.877
22.346
21.200
21.617
21.565
17.815
22.399
20.576
22.815
21.773
21.096
20.992
20.680
22.347
22.086
20.992
21.409
21.721
21.253
22.242
21.149
21.617
21.774
21.670
20.940
21.357
21.148
22.815
22.138
21.252
20.992
51.569
19.794
21.461
21.513
21.148
21.565
20.576
21.305
22.034
21.774
21.617
21.096
21.148
21.096
22.086
21.513
22.867
22.398
21.825
22.451
20.836
21.722
21.305
22.451
21.357
22.294
51.152
19.012
21.045
20.576
21.461
20.940
20.784
23.024
21.565
21.409
22.242
21.930
21.357
21.044
21.774
21.774
21.826
21.617
21.513
21.149
21.357
20.784
22.138
22.034
21.408
22.034
20.679
49.225
18.179
21.669
22.138
21.878
21.669
22.033
21.096
20.992
21.305
21.669
22.607
21.721
21.929
21.669
21.252
22.138
21.201
21.513
21.669
20.679
21.773
21.669
22.294
21.201
22.399
21.929
51.308
21.982
23.128
21.981
22.763
21.409
21.722
20.940
21.618
21.878
22.607
20.679
22.138
21.096
21.408
20.992
21.408
21.773
22.294
22.867
22.190
21.617
21.617
20.679
20.888
21.357
19.065
20.679
21.825
21.461
22.607
20.887
21.200
21.200
20.419
21.930
23.805
22.086
21.253
22.190
22.138
21.096
21.825
22.242
21.722
22.242
21.409
21.513
21.252
21.617
21.877
21.044
54.955
20.888
19.950
21.513
21.408
22.451
20.836
21.617
21.878
20.992
22.190
21.461
23.649
21.513
21.982
22.659
21.617
22.138
21.617
21.825
21.669
21.097
21.565
21.461
20.992
21.044
20.523
51.464
20.993
21.253
20.836
23.076
20.940
21.721
21.409
20.680
21.357
21.721
22.607
21.721
22.086
21.096
21.930
22.295
21.669
21.253
21.930
22.034
21.409
21.721
21.461
20.940
21.461
21.096
18.909
21.513
21.773
21.721
