23.805
84.958
87.146
53.027
94.438
35.734
88.760
42.765
27.035
18.231
121.368
66.779
19.325
97.199
43.182
77.301
44.276
29.587
10.261
84.384
45.995
35.681
97.511
61.518
53.965
59.486
12.658
9.428
49.120
44.277
56.569
33.494
76.832
103.919
90.271
31.306
42.921
56.778
37.817
67.247
35.577
88.291
29.483
88.136
48.287
32.504
12.189
103.294
40.578
28.128
37.400
46.411
66.153
9.480
109.387
16.409
47.141
21.513
74.331
64.070
75.426
12.658
18.076
59.747
58.236
53.496
72.352
93.969
24.117
93.188
73.915
28.858
26.513
29.483
62.351
63.549
60.580
35.212
85.687
52.454
39.693
100.063
56.725
20.106
39.275
9.741
11.304
36.619
22.138
69.904
10.262
51.933
91.885
28.597
36.984
78.447
89.750
102.095
84.020
86.834
84.541
84.541
72.196
98.709
59.799
70.998
84.958
77.092
28.336
102.668
56.049
67.872
82.354
100.793
36.880
11.876
75.426
96.105
27.816
26.253
10.782
75.894
93.396
69.748
77.093
12.189
14.898
58.861
58.392
76.519
21.409
77.769
95.324
65.945
72.717
122.618
24.326
88.812
13.283
68.966
88.709
80.530
77.457
102.929
100.376
79.176
83.499
94.803
81.781
52.350
53.132
30.316
71.050
17.762
20.992
62.195
18.336
88.396
37.765
71.571
111.368
18.908
9.428
92.355
87.875
55.423
37.765
12.085
39.223
10.418
85.166
63.288
91.938
67.091
135.797
94.177
62.767
15.158
74.228
15.314
39.588
19.846
84.176
102.512
10.939
27.607
14.794
66.675
53.860
27.452
25.784
76.467
16.877
77.873
97.512
9.377
76.468
47.974
87.354
67.769
75.373
55.840
94.334
58.653
47.558
24.951
49.380
74.540
103.137
84.281
94.334
63.445
102.617
15.991
14.168
99.595
44.328
10.314
14.324
59.746
102.044
18.596
38.026
70.686
91.938
40.056
36.463
12.189
10.105
128.869
80.218
85.740
51.882
62.143
46.724
57.455
100.116
43.235
65.372
78.760
18.648
20.054
6.199
87.458
95.793
82.978
66.206
63.132
82.614
21.617
42.869
12.606
88.344
29.534
90.427
28.701
36.932
26.722
62.820
29.274
73.603
95.585
82.978
14.377
20.940
21.669
95.637
30.003
79.176
78.343
93.656
61.413
54.694
80.895
41.515
27.555
37.661
73.238
34.223
16.200
32.765
99.439
62.976
52.142
36.515
55.996
28.493
31.098
100.689
55.371
31.254
85.010
96.731
96.261
75.842
114.649
100.741
100.168
45.370
57.872
33.702
63.966
10.834
65.216
87.666
42.036
20.992
15.627
33.441
42.505
118.712
60.580
100.220
98.240
13.700
62.560
12.033
77.822
46.307
64.904
104.492
112.201
33.701
72.560
15.262
25.992
104.491
38.285
22.399
50.110
28.024
101.053
9.429
32.660
93.136
36.723
15.054
18.596
57.351
24.743
20.472
24.117
26.982
70.529
34.119
59.277
17.554
39.067
64.852
61.986
39.119
39.796
101.262
55.840
97.459
82.822
14.012
91.104
21.305
26.305
96.001
12.397
22.711
53.027
64.747
34.118
9.585
68.914
130.745
42.401
17.710
92.927
48.599
98.397
12.554
29.535
9.428
72.196
24.221
99.387
19.481
25.576
36.880
93.865
19.638
94.230
92.146
19.898
40.213
42.557
49.849
69.539
60.476
17.815
50.683
44.797
77.196
12.814
23.649
51.413
41.307
31.410
67.664
58.705
68.290
86.312
81.468
19.221
21.877
61.882
50.058
41.932
59.746
104.387
42.089
13.335
41.151
42.974
35.681
75.269
40.421
69.279
18.544
21.617
40.994
78.603
83.082
91.261
77.666
43.182
10.991
63.393
83.552
64.018
104.491
69.800
74.384
67.716
72.613
105.169
70.008
101.002
63.184
95.532
91.938
61.205
40.004
17.606
48.652
24.170
22.086
84.125
89.073
70.008
69.957
82.874
55.788
47.870
12.918
28.337
57.455
92.668
9.689
43.235
60.892
128.140
65.164
61.622
91.365
52.402
87.510
45.265
52.038
67.092
9.480
35.473
63.237
66.935
131.214
27.087
9.688
22.607
63.550
84.541
48.808
54.954
32.868
39.588
94.647
25.680
75.998
46.777
126.317
71.727
18.909
50.683
77.770
71.571
57.611
63.080
19.898
15.002
91.521
42.245
77.249
39.588
11.981
81.207
97.980
83.916
23.232
94.543
12.710
23.596
21.200
11.720
82.301
43.078
24.847
31.097
65.945
56.934
111.471
18.492
35.004
31.358
36.671
63.966
57.299
51.517
44.068
88.813
46.568
71.675
12.502
15.627
21.200
61.205
101.783
34.900
95.115
90.896
46.308
29.118
68.237
28.597
100.689
86.729
28.545
111.368
31.931
99.543
39.015
82.510
70.738
10.209
13.179
66.623
41.880
99.179
83.082
37.765
124.181
77.926
22.867
27.711
33.077
11.095
55.475
16.460
37.765
32.191
51.465
74.384
83.291
19.898
103.345
134.495
47.870
27.399
33.442
43.338
46.047
26.410
91.417
24.221
21.304
72.456
13.699
37.452
95.220
91.469
29.847
39.744
77.821
64.018
27.399
36.567
13.595
83.708
29.170
26.409
28.805
78.186
30.785
88.604
82.145
57.611
89.542
96.834
51.100
37.974
15.470
52.506
54.277
78.134
83.864
95.063
56.256
61.882
106.523
14.949
36.202
92.042
18.075
73.342
32.556
16.877
35.056
79.228
92.563
67.612
74.436
13.543
17.815
75.947
85.583
23.127
59.851
91.677
17.293
82.874
39.223
63.185
74.540
48.860
64.018
66.414
138.297
51.881
87.562
28.180
41.672
99.700
77.301
79.071
43.755
56.621
50.371
9.689
9.376
20.836
50.527
97.095
100.533
73.706
14.220
100.897
12.189
10.418
63.236
33.494
25.367
30.160
35.682
15.210
100.272
14.741
12.293
74.801
20.002
76.988
16.669
58.184
21.669
87.979
50.110
80.738
24.378
101.887
63.601
110.378
85.218
19.533
72.248
65.007
39.952
79.906
27.711
48.235
58.914
92.146
90.531
12.710
113.139
33.597
44.120
78.812
66.257
29.222
12.241
96.105
27.243
92.198
82.197
48.652
32.504
61.309
59.486
46.099
33.129
50.787
18.335
14.116
71.727
91.521
100.377
72.352
100.429
28.753
10.314
49.537
20.003
110.013
60.111
44.016
24.222
48.287
97.198
97.303
31.202
98.241
49.433
42.765
77.353
91.886
49.485
97.094
76.675
13.387
39.849
100.376
21.409
13.596
46.411
99.074
20.575
96.782
113.555
28.024
35.265
34.535
89.958
68.654
64.382
85.792
42.245
55.215
49.120
13.595
89.177
89.178
99.283
88.396
90.948
17.086
83.031
32.972
11.773
82.405
94.542
9.377
43.130
27.660
47.870
71.259
47.037
12.867
34.222
61.518
27.295
39.692
18.127
42.348
26.669
74.175
72.405
91.469
40.474
21.357
136.631
6.616
65.685
23.024
98.345
37.817
51.465
35.421
80.635
15.783
11.148
26.513
95.532
56.569
33.545
13.804
13.387
106.158
20.784
98.293
17.502
100.949
89.907
34.432
76.572
15.939
71.987
101.471
69.799
133.244
12.814
96.678
9.429
83.812
22.294
23.857
10.158
27.295
87.719
49.173
26.410
103.710
80.530
53.600
102.460
18.752
38.129
87.875
23.909
18.804
23.023
67.039
21.461
51.620
98.397
10.209
99.127
18.231
107.877
73.133
104.491
43.912
49.850
89.854
85.219
35.265
9.376
39.588
54.173
93.032
82.198
48.027
44.172
9.532
50.527
49.277
59.226
58.652
82.197
11.304
36.775
83.395
10.366
56.673
101.522
118.504
53.235
25.992
97.043
42.400
44.485
24.378
49.642
41.202
89.072
75.165
70.581
88.969
101.835
91.521
16.668
37.608
32.817
99.230
71.050
11.512
28.910
101.209
76.050
74.488
69.436
80.009
10.782
92.147
16.877
40.265
97.043
41.098
102.043
87.719
20.367
29.483
23.336
102.772
128.088
40.005
44.172
95.792
9.584
38.286
15.835
71.675
65.997
11.825
23.180
15.991
39.952
94.595
58.548
129.390
61.778
92.406
63.497
11.772
34.640
99.283
93.918
39.849
10.365
45.006
28.284
104.804
113.190
9.376
16.408
68.810
32.608
44.016
32.087
14.898
25.316
101.106
25.941
59.902
39.952
65.529
54.590
22.399
113.191
64.174
59.069
9.428
19.377
35.890
99.803
58.600
75.373
19.690
91.469
27.972
69.018
15.314
99.752
92.875
70.009
72.717
41.776
23.753
34.796
31.826
77.874
105.064
89.281
89.385
45.213
22.085
11.668
64.331
17.294
11.563
