10.782
10.365
29.639
12.814
37.244
37.921
31.462
10.210
10.105
39.431
20.002
12.293
29.691
24.951
15.992
17.190
15.575
26.930
12.710
34.170
11.407
15.262
40.265
13.699
10.314
13.700
11.095
26.618
20.731
26.201
33.910
12.137
20.211
13.700
36.618
26.201
17.919
36.306
16.668
36.098
12.814
27.660
14.012
38.078
10.210
23.857
15.106
25.680
34.535
19.481
29.639
25.055
29.483
13.700
23.388
33.754
32.765
11.877
13.960
39.588
33.077
15.522
15.002
11.773
10.574
15.522
45.109
13.491
27.191
13.752
11.095
24.430
17.085
15.366
36.306
25.002
29.691
10.679
13.596
31.619
19.117
15.314
14.325
34.170
13.595
16.668
19.429
38.650
21.722
34.692
18.805
16.617
11.095
27.920
41.932
30.212
9.793
15.210
10.314
21.565
13.491
13.022
32.816
29.378
10.782
39.328
31.827
21.565
29.430
35.160
36.358
23.493
36.306
11.356
35.317
13.492
18.857
20.836
19.273
29.743
13.387
18.700
65.216
20.419
32.608
10.731
26.983
19.325
28.285
10.678
19.794
38.598
12.449
23.441
34.588
10.731
13.856
38.181
30.316
27.555
29.483
33.858
15.054
30.732
31.879
20.628
18.023
17.033
36.098
33.442
29.691
30.212
31.462
12.033
17.190
37.401
10.679
28.024
29.534
17.814
36.306
18.752
21.148
25.680
29.327
16.304
22.867
28.024
31.410
14.377
34.952
22.763
21.513
15.939
22.763
59.225
11.772
31.409
20.732
33.494
35.265
22.711
25.888
37.348
24.326
17.033
15.158
38.286
35.629
14.428
19.064
30.212
24.950
28.180
31.045
11.824
36.150
12.710
34.223
34.067
15.888
30.264
15.575
13.491
19.951
16.304
30.160
27.816
35.577
28.597
38.285
14.845
37.765
19.690
17.502
40.057
10.574
15.158
31.150
24.899
26.982
29.118
23.336
24.430
34.848
36.203
60.528
36.046
33.546
34.639
18.023
33.546
20.003
27.503
35.160
30.577
21.096
21.773
25.784
37.088
28.493
28.337
15.627
26.201
36.255
22.711
14.689
35.264
24.013
31.254
12.710
48.547
4.688
11.616
34.588
21.096
27.972
23.441
33.858
21.930
28.128
20.888
19.325
13.334
38.702
36.254
30.316
34.536
10.210
13.387
10.678
13.074
17.502
20.055
23.753
26.097
31.358
34.379
20.888
45.995
16.513
18.491
10.522
32.816
15.366
16.565
31.827
38.234
39.797
27.608
18.700
36.983
26.513
32.504
33.598
26.931
18.492
12.606
32.608
13.022
15.001
33.441
34.431
20.679
10.418
57.194
28.701
12.293
16.617
16.461
18.544
20.158
36.202
35.785
33.337
15.679
27.764
18.075
14.272
34.118
20.575
34.327
24.742
34.483
35.265
38.285
19.585
22.711
10.417
25.993
20.003
16.252
62.716
25.003
29.482
23.596
37.296
37.192
17.398
22.711
20.836
13.543
32.452
15.626
24.690
11.043
13.543
26.305
11.043
34.067
19.169
26.670
39.327
29.327
20.836
13.282
10.366
31.410
13.178
27.711
26.565
12.710
13.491
38.078
10.262
32.556
34.379
36.983
38.286
20.940
17.085
30.525
27.608
36.307
11.564
37.921
33.598
30.524
26.513
34.900
34.171
11.668
32.347
33.389
61.986
10.678
14.793
16.408
25.732
33.597
36.254
20.888
22.711
27.347
32.556
15.210
11.668
31.774
20.836
16.565
13.908
35.733
24.691
22.659
23.336
17.502
23.388
33.963
35.160
15.366
13.804
65.685
17.659
16.720
10.678
35.212
21.565
27.139
37.140
27.451
11.095
12.657
14.741
13.179
34.796
32.608
36.254
11.303
10.834
36.306
23.596
17.710
23.752
17.502
10.783
17.033
23.389
23.440
20.107
33.702
20.367
11.615
26.201
23.753
21.617
36.098
30.524
23.492
11.407
30.316
15.991
11.096
32.035
11.876
32.608
16.044
26.513
30.368
12.918
11.564
17.398
17.502
11.720
14.429
29.534
29.482
25.836
36.307
49.798
29.691
20.784
39.849
27.607
32.868
31.202
11.304
12.762
14.376
35.108
11.720
17.815
11.773
17.867
33.649
25.680
10.210
18.700
38.234
15.158
13.491
25.784
34.743
15.522
12.710
34.535
13.231
52.559
40.005
36.202
36.202
18.804
10.991
39.693
37.088
37.036
20.210
39.796
30.316
15.367
27.712
27.712
26.983
10.157
13.699
12.970
14.637
10.210
34.535
16.096
10.210
25.681
11.303
27.295
15.627
38.285
27.034
14.168
20.732
12.033
39.744
27.815
22.502
18.544
11.720
30.264
21.148
38.286
10.679
11.408
10.157
11.512
27.608
22.555
31.358
28.284
22.711
27.242
34.900
39.744
10.939
65.268
23.753
29.066
17.398
20.003
17.450
14.897
20.784
26.149
13.230
26.774
29.483
39.067
12.293
14.377
10.106
13.752
39.276
15.419
17.762
11.199
36.150
11.928
12.293
10.730
11.876
30.212
26.097
37.296
9.376
6.980
36.463
30.473
18.544
11.564
28.389
22.606
10.157
22.398
31.514
37.087
13.230
22.763
26.148
18.909
22.711
34.171
12.710
18.961
20.628
21.617
19.012
22.607
25.471
11.303
17.189
36.984
14.064
54.642
22.971
15.470
15.262
12.032
15.106
12.189
32.608
24.325
10.730
11.720
18.909
38.025
22.711
23.700
20.887
24.742
10.886
38.234
25.576
30.160
23.545
11.356
12.970
21.565
36.254
22.554
36.254
13.491
35.161
4.688
4.688
22.242
20.106
15.574
15.627
12.606
35.682
16.617
20.940
13.803
14.273
17.815
19.326
22.659
20.784
30.524
11.303
21.618
34.484
12.710
32.868
35.109
14.116
15.366
37.087
15.991
26.878
20.575
52.818
11.095
13.491
22.607
12.241
12.606
30.472
20.576
17.815
21.253
12.658
18.648
11.720
10.626
10.730
10.313
38.025
25.784
17.502
38.286
17.554
19.742
10.210
13.544
16.304
14.168
14.793
13.178
10.261
12.762
39.640
37.036
60.111
19.898
21.097
36.932
12.710
31.202
32.921
34.432
23.597
28.077
20.159
26.514
31.463
29.274
15.366
20.106
16.096
19.221
38.286
39.640
17.502
12.710
13.908
26.878
12.606
13.231
16.460
11.928
32.244
16.565
25.732
30.524
13.491
39.692
25.628
26.044
11.095
19.794
24.482
12.761
31.097
20.836
14.117
39.640
11.407
15.627
12.606
16.043
38.286
35.109
13.023
10.939
18.700
24.586
31.098
13.491
12.085
19.689
16.512
20.888
12.189
36.983
10.886
21.305
29.483
11.511
11.408
37.244
37.921
10.731
40.369
39.640
27.503
14.690
30.681
39.171
11.304
10.418
20.054
37.140
16.565
13.804
11.980
17.033
10.366
34.899
36.567
37.087
17.294
15.523
14.168
36.359
16.044
34.327
17.138
17.190
15.314
30.577
32.556
33.962
11.980
34.379
10.731
34.170
25.523
34.431
14.272
32.556
19.586
21.096
22.607
57.559
22.815
34.379
37.036
33.910
17.189
14.585
15.574
31.358
18.804
27.451
19.586
20.680
36.203
16.564
27.607
34.483
11.980
31.149
28.285
34.431
26.097
13.387
39.379
32.868
58.288
38.859
20.106
37.869
16.513
17.294
19.325
17.710
11.095
16.564
14.793
19.794
20.523
39.015
14.898
27.347
37.088
18.961
33.286
29.327
21.669
10.261
20.315
28.336
34.431
26.096
12.970
53.756
38.234
24.482
10.470
12.709
15.627
12.085
17.242
15.471
10.678
15.574
13.231
23.492
11.720
10.418
15.314
16.356
38.911
39.588
23.649
10.314
20.627
11.720
35.057
26.618
20.836
21.565
17.138
33.598
37.296
40.474
29.587
39.796
37.088
19.325
11.564
21.200
15.366
13.387
27.868
17.762
35.629
32.140
11.408
20.836
32.868
14.689
16.200
23.545
28.024
20.523
17.190
26.565
11.720
15.158
21.305
39.797
30.421
34.848
31.775
13.543
11.303
27.764
39.641
29.483
39.015
15.366
10.366
14.742
20.003
11.720
38.963
32.921
11.720
15.471
30.264
13.491
36.983
39.015
27.555
29.483
22.659
39.796
10.574
22.763
36.098
6.198
34.431
15.314
21.669
14.741
34.848
25.576
35.160
23.700
30.368
11.981
19.690
34.171
20.523
17.502
33.754
22.659
29.431
20.211
15.626
36.358
32.504
16.304
26.045
32.869
15.574
21.252
24.118
10.314
37.035
13.804
34.483
36.306
16.512
12.762
20.003
14.741
32.296
15.679
15.470
19.742
35.109
26.514
29.534
26.618
12.919
22.711
36.931
10.105
34.795
15.991
19.742
