6915.240
6838.408
6758.919
6790.486
6734.854
6798.456
6790.642
6762.566
6830.959
6766.681
6731.781
6741.574
6765.691
6649.271
6704.694
6781.683
6793.559
6736.782
6674.535
6806.269
6771.004
6765.899
6799.861
6705.893
6770.327
6786.422
6784.235
6798.508
6807.571
6757.149
6676.671
6786.579
6812.832
6835.699
6816.374
6803.404
6790.590
6777.932
6819.395
6805.748
6788.662
6767.566
6817.729
6767.358
6802.310
6756.888
6734.385
6704.694
6770.796
6788.766
6720.686
6788.089
6734.073
6736.052
6767.826
6701.308
6771.265
6730.375
6841.585
6748.554
6820.698
6745.689
6817.155
6740.063
6741.105
6811.217
6807.207
6826.167
6767.306
6787.882
6708.601
6815.176
6837.470
6742.615
6829.917
6743.761
6817.208
6769.650
6791.944
6700.371
6747.825
6789.860
6807.206
6796.632
6688.494
6695.995
6731.625
6798.872
6770.431
6800.852
6828.146
6804.133
6776.630
6722.665
6719.853
6683.494
6776.005
6719.280
6805.331
6842.419
6791.111
6728.083
6782.620
6741.573
6728.291
6799.498
6742.095
6757.878
6690.786
6818.145
6715.581
6782.047
6793.246
6755.638
6733.291
6742.095
6776.890
6828.719
6817.416
6740.272
6800.800
6773.244
6768.347
6807.988
6708.758
6750.638
6719.592
6759.857
6712.247
6678.233
6828.927
6833.720
6790.069
6802.415
6823.615
6785.225
6822.365
6799.758
6824.343
6753.294
6785.954
6770.796
6801.112
6730.010
6769.546
6739.959
6781.370
6728.812
6735.844
6800.695
6765.691
6803.508
6822.052
6755.013
6720.061
6823.094
6783.037
6793.872
6730.843
6716.519
6792.205
6815.385
6783.245
6671.201
6738.396
6785.485
6743.345
6689.068
6721.363
6767.619
6746.366
6714.175
6746.001
6803.925
6761.472
6685.109
6755.481
6788.037
6829.761
6709.434
6778.244
6815.906
6796.737
6799.185
6816.166
6760.378
6734.021
6744.438
6772.359
6759.857
6716.623
6750.950
6778.245
6809.134
6763.608
6760.794
6781.839
6757.670
6766.733
6776.526
6788.090
6741.938
6761.367
6817.937
6718.290
6804.707
6725.530
6694.954
6704.382
6744.543
6801.894
6756.054
6741.574
6732.875
6694.537
6822.417
6809.551
6690.682
6772.359
6754.336
6793.924
6721.675
6827.938
6738.657
6780.484
6771.525
6695.474
6778.141
6798.039
6811.269
6787.256
6704.017
6764.441
6780.693
6797.674
6785.173
6766.576
6795.226
6807.519
6799.654
6733.188
6734.594
6829.344
6719.801
6832.210
6679.275
6711.362
6819.500
6790.642
6735.219
6744.491
6838.721
6796.580
6823.197
6762.254
6809.446
6706.882
6806.321
6771.682
6722.977
6822.208
6794.445
6797.101
6826.219
6744.230
6754.440
6771.213
6755.742
6781.474
6686.307
6763.712
6774.181
6789.861
6724.958
6818.093
6760.899
6794.705
6765.639
6776.474
6722.509
6799.706
6738.553
6744.022
6794.966
6801.529
6783.505
6760.639
6726.885
6732.979
6716.675
6776.890
6755.638
6785.954
6818.250
6767.515
6796.060
6774.703
6766.056
6818.822
6825.489
6791.059
6848.722
6686.620
6809.706
6807.832
6780.641
6791.996
6687.661
6749.804
6750.377
6785.850
6654.220
6725.114
6718.863
6821.843
6760.690
6744.230
6816.999
6790.694
6816.114
6780.589
6796.476
6782.412
6787.673
6801.997
6742.771
6788.403
6767.254
6782.620
6777.984
6784.704
6802.311
6814.291
6819.917
6775.797
6802.363
6743.293
6772.046
6848.878
6782.151
6776.421
6738.604
6761.264
6806.790
6785.225
6831.220
6730.531
6718.082
6780.536
6802.675
6792.622
6820.386
6741.105
6747.876
6659.116
6818.041
6796.528
6761.889
6727.562
6799.601
6770.744
6791.944
6790.642
6840.179
6700.892
6824.761
6770.952
6790.434
6841.950
6748.346
6800.331
6804.290
6761.576
6781.891
6743.865
6737.667
6794.653
6783.558
6738.709
6810.644
6752.356
6785.745
6783.506
6729.489
6705.997
6783.037
6781.943
6787.778
6786.840
6688.077
6743.293
6730.166
6728.187
6781.110
6750.638
6816.843
6784.861
6752.304
6760.326
6767.411
6736.105
6767.775
6728.082
6752.773
6719.540
6743.710
6757.409
6749.908
6747.928
6718.394
6715.216
6809.602
6677.764
6771.525
6703.704
6705.893
6783.975
6800.643
6717.664
6718.655
6719.957
6713.706
6825.438
6673.597
6735.480
6825.489
6807.779
6737.407
6671.097
6819.968
6840.023
6760.847
6803.040
6756.784
6799.393
6786.683
6761.524
6737.459
6810.801
6762.670
6810.228
6776.474
6781.214
6798.820
6745.220
6756.784
6736.573
6839.866
6803.091
6824.292
6841.846
6818.458
6791.997
6699.955
6692.089
6741.574
6833.408
6674.482
6847.368
6808.561
6799.237
6760.483
6707.299
6786.059
6789.444
6815.072
6764.910
6814.134
6781.266
6787.360
6793.716
6810.541
6747.981
6775.588
6766.941
6824.292
6746.523
6816.062
6801.633
6809.603
6735.271
6717.509
6784.392
6796.580
6746.731
6732.458
6708.602
6788.507
6768.713
6836.585
6829.970
6730.010
6826.011
6774.651
6786.579
6670.732
6802.884
6784.756
6736.052
6735.844
6730.426
6740.480
6785.746
6747.617
6720.842
6804.706
6786.006
6777.151
6751.888
6727.457
6726.416
6802.311
6788.090
6682.608
6780.693
6776.942
6796.632
6805.071
6743.345
6736.573
6800.799
6750.065
6751.940
6786.580
6778.506
6757.149
6838.929
6846.430
6779.651
6790.694
6752.617
6828.668
6764.962
6740.220
6786.735
6801.372
6796.215
6672.399
6743.605
6792.986
6787.048
6782.360
6789.184
6794.080
6786.267
6746.939
6764.077
6742.668
6720.217
6714.019
6754.440
6777.619
6776.943
6808.717
6809.863
6791.944
6759.284
6803.352
6758.920
6781.318
6803.612
6702.767
6739.073
6835.491
6784.235
6683.026
6814.708
6707.194
6694.277
6772.463
6762.930
6778.036
6845.596
6799.497
6836.585
6714.800
6722.249
6738.397
6810.697
6779.131
6735.010
6761.264
6824.188
6781.526
6775.120
6786.111
6784.079
6800.956
6802.206
6764.649
6809.863
6819.343
6793.664
6764.754
6689.224
6802.935
6721.728
6794.549
6819.239
6751.418
6755.169
6785.798
6765.588
6716.884
6728.031
6689.901
6792.310
6735.115
6757.878
6691.620
6781.630
6796.216
6773.244
6810.019
6774.391
6808.457
6804.186
6758.399
6835.230
6802.050
6726.833
6659.220
6758.659
6773.140
6848.201
6769.494
6716.206
6761.264
6840.909
6698.079
6686.099
6693.235
6831.064
6786.319
6782.204
6795.851
6774.026
6801.529
6790.121
6722.822
6773.766
6797.258
6804.082
6821.584
6828.407
6735.688
6795.070
6739.543
6798.091
6764.233
6744.908
6784.705
6726.468
6776.317
6692.297
6714.279
6688.390
6767.254
6726.937
6779.495
6780.537
6783.141
6816.114
6692.610
6783.245
6741.418
6741.158
6786.683
6811.374
6736.938
6756.315
6758.555
6692.610
6799.237
6755.534
6789.236
6733.760
6780.224
6782.204
6756.888
6703.966
6743.293
6782.725
6787.517
6734.490
6728.916
6713.290
6739.959
6800.487
6716.831
6830.126
6785.381
6815.645
6708.133
6636.041
6778.088
6826.636
6806.373
6692.558
6712.247
6814.707
6801.789
6782.672
6790.225
6794.861
6746.262
6798.872
6801.945
6784.131
6695.266
6774.339
6830.282
6770.796
6786.475
6838.148
6777.099
6777.672
6738.761
6749.908
6788.351
6825.959
6811.478
6726.728
6784.391
6739.334
6740.792
6790.434
6768.609
6799.394
6739.178
6801.737
6781.267
6804.707
6791.215
6751.471
6827.469
6782.776
6718.446
6830.751
6687.401
6830.752
6780.693
6774.599
6725.322
6825.438
6821.687
6721.467
6707.715
6826.376
6697.871
6834.970
6811.061
6777.880
6830.126
6794.289
6761.420
6717.665
6791.268
6728.708
6785.225
6747.668
6734.750
6738.292
6794.758
6789.913
6797.570
6765.795
6794.184
6834.554
6853.619
6790.278
6767.827
6743.762
6800.383
6743.762
6810.800
6730.844
6732.823
6711.414
6696.308
6685.734
6818.719
6799.758
6812.103
6696.725
6713.289
6742.094
6790.903
6814.812
6739.230
6744.126
6800.696
6779.287
6808.873
6779.339
6763.764
6833.408
6839.919
6781.579
6750.377
6807.102
6816.896
6749.440
6732.980
6754.805
6822.312
6729.437
6811.217
6814.187
6707.351
6828.668
6763.139
6837.575
6738.814
6796.320
6808.352
6729.645
6828.042
6774.130
6651.668
6875.548
6731.782
6727.874
6778.037
6720.478
6747.668
6822.573
6823.511
6755.898
6812.520
6822.782
6791.945
6754.909
6715.737
6812.468
6793.351
6744.179
6806.113
6731.885
6835.804
6743.918
6807.415
6771.057
6726.624
6810.593
6802.779
6729.021
6747.304
6780.120
6751.418
6825.802
6818.198
6824.188
6733.344
6761.837
6784.600
6791.892
6735.219
6729.281
6776.422
6782.620
6716.884
6769.963
6785.382
6756.264
6763.295
6684.692
6758.972
6759.389
6791.320
6836.950
6717.092
6779.756
6801.112
6765.326
6711.571
6767.046
6773.974
6793.298
6819.135
6696.777
6816.114
6729.333
6742.772
6787.725
6706.153
6783.766
6791.007
6807.519
6775.172
6789.132
6726.208
6805.384
6824.552
6782.829
6762.358
6754.961
6716.884
6766.213
6705.320
6784.652
6744.647
6777.932
6798.351
6796.893
6747.616
6746.002
6743.345
6753.919
6714.852
6821.271
6818.822
6766.316
6744.022
6815.853
6708.393
6814.395
6828.564
6751.107
6802.727
6768.921
6821.376
6799.497
6749.283
6784.131
6751.523
6829.345
6779.807
6758.242
6751.783
6799.550
6810.332
6800.800
6754.179
6795.330
6800.227
6830.960
6777.099
6687.818
6787.881
6790.226
6791.528
6723.552
6719.749
6775.432
6792.621
6685.057
6743.397
6773.870
6800.435
6729.542
6775.224
6790.538
6703.653
6720.947
6795.799
6758.555
6765.014
6824.656
6687.036
6671.410
6701.778
6758.607
6730.427
6683.338
6740.011
6743.554
6792.152
6767.619
6803.300
6769.807
6780.225
6748.502
6749.491
6761.160
6788.558
6835.075
6799.289
6726.781
6826.897
6749.388
6820.907
6703.601
6721.520
6747.721
6781.058
6798.977
6779.443
6795.122
6820.489
6782.256
6807.624
6777.516
6734.073
6735.948
6799.342
6818.301
6704.590
6745.793
6722.093
