24.430
18.075
20.836
17.763
19.846
17.346
19.013
18.492
18.231
18.283
19.690
19.117
18.856
17.606
18.700
18.231
16.981
17.502
18.492
18.648
18.596
17.971
42.349
17.086
19.950
18.805
18.440
19.794
17.919
18.075
20.888
18.075
17.398
18.648
20.940
19.273
18.492
18.492
19.586
17.033
18.857
18.648
15.992
17.502
18.544
17.815
17.919
18.961
19.169
20.002
18.336
18.700
18.232
16.981
15.574
19.534
18.284
18.492
14.325
15.679
19.898
18.023
19.273
13.335
15.575
17.502
13.022
19.221
17.242
19.377
16.460
14.376
17.919
18.700
17.085
17.918
19.377
17.398
18.284
13.387
14.376
18.752
18.180
16.669
18.439
18.752
18.232
17.241
18.961
20.836
18.023
18.491
17.137
18.388
17.242
16.616
18.960
17.502
17.971
17.710
18.908
17.710
18.440
18.492
19.899
17.658
19.951
18.127
18.439
18.700
16.669
19.325
18.075
18.387
19.274
17.867
42.296
17.658
17.866
18.491
17.762
18.336
19.117
17.659
18.908
17.658
18.909
18.961
19.012
17.346
19.429
17.450
19.221
18.961
18.075
18.127
17.658
17.659
17.971
17.814
18.023
18.648
18.128
18.075
18.440
17.658
17.293
18.544
18.388
14.273
19.221
18.648
17.971
18.284
18.544
18.909
18.752
18.127
18.700
16.513
18.804
17.866
19.742
17.710
17.658
20.524
18.492
18.231
19.325
17.398
18.388
19.638
18.388
17.242
19.013
19.846
17.137
18.752
18.492
18.023
43.703
16.981
18.596
18.388
17.815
18.231
19.846
17.294
17.762
18.179
16.825
17.919
17.085
18.127
18.335
16.772
17.294
17.085
18.544
19.221
18.596
17.502
17.711
18.804
17.502
17.294
19.117
18.908
17.971
19.117
18.908
17.502
15.783
18.960
15.523
18.232
16.616
17.866
16.824
21.357
17.554
18.700
18.492
17.450
18.648
17.189
18.595
17.085
17.867
16.617
19.325
18.909
16.773
20.836
17.554
17.919
19.325
16.512
18.700
17.241
18.752
19.742
18.231
18.909
12.032
18.596
16.565
17.814
18.492
18.805
18.283
19.378
17.554
17.918
18.075
18.752
18.127
18.128
19.065
18.596
18.648
19.117
21.148
18.700
17.763
17.710
18.388
17.294
18.596
18.179
17.502
19.533
18.544
16.877
18.232
18.700
12.293
17.242
18.023
18.492
17.919
18.492
18.909
19.325
17.086
17.971
18.492
18.075
17.346
18.023
18.127
18.856
17.607
18.491
18.283
19.638
18.023
18.336
18.596
18.075
18.909
18.075
19.169
18.127
17.241
20.002
18.336
18.492
18.179
17.085
18.648
20.211
18.075
17.606
18.127
18.544
17.137
18.387
18.595
15.991
18.804
18.075
18.648
16.617
18.960
17.033
18.648
17.815
19.221
18.335
18.440
18.075
18.908
18.492
17.397
18.648
17.294
17.606
54.225
13.544
17.659
18.492
16.564
18.283
18.909
18.596
18.023
16.616
17.502
17.866
17.398
18.544
18.284
16.721
18.023
19.065
17.711
16.825
18.909
19.690
19.429
18.283
18.752
18.960
17.294
18.179
16.982
17.398
17.398
18.544
55.163
13.595
17.189
19.117
18.075
17.867
18.075
19.534
17.763
17.554
16.982
17.085
16.669
18.700
17.970
17.189
17.241
19.012
18.960
18.231
18.232
19.481
17.398
16.668
19.065
17.033
18.179
19.273
17.293
17.398
16.304
18.283
52.610
13.387
19.534
18.700
18.075
17.919
18.283
19.064
17.814
18.127
16.617
17.502
17.502
19.534
18.335
18.908
18.075
18.492
17.607
18.492
18.336
17.971
17.971
18.075
17.919
18.700
16.825
18.543
17.555
17.658
17.606
46.985
12.501
14.481
16.772
19.117
16.721
17.502
18.648
18.179
19.690
17.658
19.481
18.491
18.700
18.283
17.919
20.002
17.711
18.388
19.117
20.315
18.335
17.710
18.283
17.814
18.075
20.107
17.450
17.503
19.012
18.700
18.179
49.745
11.876
17.815
18.700
19.429
17.085
19.533
17.085
17.293
17.658
18.388
18.284
17.918
18.491
17.502
18.075
18.179
17.346
19.012
18.492
18.492
18.700
16.929
17.554
18.596
18.544
17.867
18.909
16.773
17.711
18.596
17.711
48.235
12.605
19.429
17.711
18.336
18.596
19.586
17.659
17.971
17.294
17.763
18.440
18.075
18.388
17.398
17.866
17.502
17.450
17.919
17.606
17.397
17.710
16.513
17.866
19.012
20.783
17.814
18.440
16.773
18.596
16.669
18.335
12.605
19.534
18.857
17.502
17.606
17.971
18.908
18.960
18.700
18.075
18.543
17.606
18.231
19.169
17.762
19.168
18.492
19.377
18.335
17.294
19.013
17.086
18.909
18.856
16.720
18.596
17.919
17.711
17.919
16.981
17.606
19.794
15.470
18.075
19.117
19.794
18.596
17.502
18.961
17.554
19.950
18.700
20.055
18.284
19.065
17.710
20.158
17.293
18.179
17.502
16.513
18.023
18.440
18.700
17.293
18.700
17.502
18.388
17.762
19.221
18.596
18.856
16.981
53.235
13.335
18.492
17.607
17.815
17.814
18.023
18.231
18.283
18.596
18.804
18.492
19.377
17.033
17.658
16.981
17.554
18.961
20.627
16.877
19.065
18.336
16.460
18.075
18.179
17.919
17.294
18.284
18.387
19.169
17.398
19.169
49.954
16.043
18.700
18.543
17.867
19.377
18.909
19.013
18.909
18.700
18.753
17.241
19.586
18.023
17.138
16.721
17.971
18.491
19.325
18.232
19.325
19.117
18.544
17.138
18.961
16.304
19.586
16.877
16.825
17.867
20.211
17.241
18.179
18.596
18.179
18.753
18.596
18.648
18.804
18.960
17.814
19.637
17.814
17.293
19.429
17.606
18.231
18.284
18.544
17.971
17.346
17.607
18.596
17.190
19.221
17.086
17.867
18.231
18.232
18.336
18.440
17.189
17.502
12.606
16.252
14.741
17.502
17.346
18.127
18.023
17.502
18.023
18.180
18.387
18.595
18.752
17.294
18.700
17.606
19.325
19.117
17.294
17.919
18.388
18.492
18.127
18.961
17.919
18.492
18.909
18.596
17.398
18.284
17.971
18.127
12.449
16.512
19.065
19.534
19.950
18.023
18.596
19.221
18.440
17.398
19.325
18.648
18.179
17.919
18.648
19.690
18.022
18.908
17.607
19.273
18.179
18.491
18.231
17.555
18.804
19.013
18.336
16.669
17.971
18.492
17.866
17.294
17.294
17.659
17.918
16.824
17.189
19.378
17.867
20.367
18.857
17.085
17.711
19.169
20.888
17.398
20.054
18.128
18.023
17.190
18.231
17.554
17.919
18.752
18.439
17.450
18.700
18.440
18.023
17.659
17.606
19.117
18.179
12.501
17.345
17.866
18.023
18.023
18.804
18.543
16.930
18.283
19.221
17.398
18.388
18.075
17.398
18.284
17.554
17.398
18.544
18.127
18.544
19.117
18.492
17.502
17.710
17.866
17.866
17.918
18.492
18.336
17.971
17.502
18.283
15.575
15.314
15.314
17.711
18.179
17.711
17.398
18.284
16.460
20.419
17.763
17.294
18.648
17.606
18.231
19.326
17.086
17.919
17.189
16.877
16.825
19.117
17.919
18.127
18.022
17.710
20.524
17.190
18.856
18.805
17.242
47.089
12.501
17.918
18.179
17.919
17.711
17.554
18.388
17.554
18.960
18.336
16.616
18.648
18.700
18.388
18.179
17.189
17.711
17.815
18.909
18.596
19.794
17.554
17.502
18.440
17.502
17.502
17.815
18.075
19.013
19.325
16.720
45.109
13.179
18.491
17.189
19.429
17.398
19.012
19.533
17.814
18.336
17.398
19.117
18.231
17.137
18.283
18.388
17.085
17.710
18.544
18.127
18.179
19.221
18.439
19.116
18.075
17.190
17.815
17.502
18.023
18.440
18.023
16.513
52.611
13.492
17.607
18.700
18.857
18.179
18.283
19.117
17.398
19.378
18.960
16.512
17.606
18.075
18.909
19.013
18.388
17.919
18.127
17.658
17.502
16.721
17.710
16.982
18.804
20.523
18.387
17.971
17.658
17.971
18.179
17.763
43.911
19.325
17.919
17.033
18.127
16.877
18.753
19.742
19.117
18.700
17.502
18.284
19.638
18.336
18.908
19.273
17.867
18.388
17.971
19.273
18.179
17.242
18.596
17.449
18.335
17.970
18.491
18.231
19.273
17.554
19.117
49.381
12.970
19.690
19.846
17.502
18.700
18.179
18.700
16.981
18.023
17.971
18.805
16.773
18.440
17.190
17.814
17.189
17.397
18.283
17.242
17.971
18.232
17.607
18.648
18.023
17.867
16.772
17.241
