40.265
22.763
14.898
15.158
23.596
17.710
17.346
14.377
14.272
17.189
14.949
15.002
17.085
17.033
42.662
13.387
17.398
17.086
17.190
14.220
16.981
15.001
15.002
17.189
17.033
14.949
17.190
17.086
15.002
17.137
15.002
14.897
14.897
14.168
14.064
14.897
14.897
14.949
17.137
14.116
17.033
14.168
17.085
15.002
14.064
20.992
17.137
15.001
36.723
11.720
13.543
17.189
14.168
17.085
15.054
14.012
17.034
14.898
17.138
17.086
17.138
17.086
17.138
15.002
15.002
14.117
14.117
14.117
14.012
14.116
17.085
17.137
15.001
17.137
14.116
15.106
17.241
14.949
15.002
17.086
15.002
14.065
39.901
10.886
16.669
13.283
17.085
17.241
17.085
14.897
14.897
14.949
17.085
15.106
14.064
17.190
17.086
14.116
17.137
17.086
17.085
14.116
14.949
14.950
15.002
15.366
14.220
17.085
14.116
14.064
14.012
17.190
15.002
14.116
14.065
14.272
11.773
14.898
14.117
14.064
17.085
14.898
17.085
14.897
14.116
17.137
17.137
14.064
15.002
14.897
17.085
17.137
17.189
17.033
17.138
17.034
17.137
15.002
17.138
15.106
17.137
15.002
17.034
16.981
14.897
14.116
14.116
17.085
14.116
11.460
11.772
13.543
17.086
16.981
14.950
14.117
14.846
14.950
14.116
14.116
14.012
17.086
15.002
17.033
17.086
17.138
17.137
15.054
17.086
14.898
17.085
14.950
16.981
17.085
14.065
17.033
17.085
14.897
14.793
17.190
14.116
15.002
17.190
36.046
11.512
16.721
15.054
14.169
14.950
14.116
17.086
15.054
14.116
14.168
14.116
15.002
17.137
17.137
14.116
15.001
17.294
17.138
17.189
15.106
14.898
15.001
14.168
14.220
17.085
14.116
15.054
14.221
17.398
14.064
17.137
17.085
14.168
11.304
11.876
16.720
14.064
14.064
15.002
17.085
17.919
16.981
17.085
14.064
17.086
14.116
16.981
17.033
17.085
14.898
14.064
17.086
15.054
17.086
14.117
14.116
17.137
14.950
14.898
17.086
17.190
14.950
16.981
14.117
14.116
17.033
17.085
9.429
12.189
15.106
14.325
14.221
15.470
14.950
14.117
17.190
14.221
14.116
10.678
14.168
15.418
14.272
14.065
15.210
14.220
15.314
17.085
15.053
17.137
14.116
17.137
14.116
14.116
15.053
17.190
17.085
14.012
14.949
17.189
14.898
14.012
14.950
36.880
11.929
17.190
15.002
17.085
17.033
15.002
14.116
17.189
15.002
14.012
14.116
17.138
14.116
14.064
14.116
15.001
17.138
14.168
15.054
14.012
17.190
14.950
17.086
14.898
14.012
17.190
14.116
14.116
17.190
17.138
15.002
14.116
14.117
10.783
13.075
17.086
14.012
14.897
17.137
14.116
15.002
17.086
15.002
14.064
14.117
14.116
14.898
14.898
14.898
14.898
14.898
14.064
14.065
17.138
14.116
14.012
15.001
15.002
14.898
17.085
14.065
15.054
17.085
17.085
15.002
17.189
14.116
40.004
11.668
16.669
14.012
15.002
14.845
17.137
17.137
17.137
15.054
17.138
14.949
17.085
14.012
17.190
14.897
14.949
14.116
17.085
16.981
15.002
17.085
16.982
15.002
17.138
17.085
16.981
14.898
14.793
14.116
14.117
14.064
14.898
17.085
38.494
16.095
12.397
17.190
14.117
14.116
14.116
17.085
14.012
13.960
17.033
17.085
14.117
15.002
14.064
17.085
17.086
15.002
14.845
14.950
17.138
17.138
16.982
14.012
14.949
14.116
15.054
14.950
17.086
15.106
17.189
17.085
14.064
17.086
44.276
13.543
17.085
14.897
17.085
14.949
17.502
14.117
15.002
17.086
17.086
17.086
17.137
14.897
17.190
17.190
14.116
17.085
15.002
17.190
15.002
17.137
14.950
17.085
14.116
17.034
17.190
14.064
14.116
14.117
14.116
14.950
17.190
10.730
14.428
14.012
15.054
14.794
14.116
17.137
15.002
14.116
14.012
14.898
14.064
17.085
14.898
14.116
14.117
15.106
17.085
17.137
14.064
15.106
17.189
14.168
13.960
17.086
15.002
14.116
17.189
17.085
17.189
17.137
17.138
17.085
17.138
10.991
15.106
13.908
14.897
14.949
14.116
14.950
17.189
17.189
17.189
14.116
17.086
17.086
15.002
17.190
17.138
17.086
14.012
14.897
17.137
17.137
17.085
14.168
15.001
14.064
17.137
14.168
14.949
14.116
16.981
17.137
17.085
14.116
51.464
13.075
17.086
14.117
17.086
17.086
15.106
14.116
14.168
16.981
14.064
17.085
14.012
17.085
15.314
14.116
14.949
14.064
16.981
14.949
17.189
15.054
17.086
17.034
14.064
17.137
15.002
17.138
15.002
17.137
14.272
17.033
14.012
44.224
13.491
14.429
14.116
14.950
17.085
14.116
17.085
15.002
17.085
14.949
14.897
14.116
17.085
14.064
17.085
14.117
14.950
14.012
14.116
14.169
17.033
14.950
14.950
14.898
17.086
14.012
14.950
14.064
14.064
14.168
14.064
15.054
17.189
17.137
11.460
17.138
17.137
14.012
14.950
17.138
14.898
14.897
14.116
14.064
17.137
17.033
17.086
14.012
14.950
17.190
17.085
15.002
14.169
17.034
17.190
14.898
16.982
17.085
14.898
14.116
17.086
15.002
14.898
17.189
14.064
14.898
14.012
48.548
11.199
14.116
17.086
14.064
17.085
17.189
16.981
14.064
14.116
17.137
17.033
14.064
17.085
14.116
14.897
17.242
14.116
15.002
14.012
14.064
14.325
14.065
14.116
14.012
17.138
14.064
17.033
14.064
14.012
15.054
17.189
14.898
15.002
15.314
14.272
15.054
17.190
17.086
14.950
14.898
17.033
14.169
15.054
14.897
17.137
15.002
14.012
14.012
14.897
17.137
15.002
14.898
17.085
17.137
17.086
14.117
15.002
14.950
14.949
14.012
14.012
17.086
14.012
15.002
17.138
17.086
14.898
10.991
11.773
17.189
14.012
14.064
17.034
17.138
17.138
17.086
17.190
17.137
15.106
14.117
14.950
14.116
14.012
14.012
15.054
14.116
17.086
17.085
15.002
14.898
17.086
15.002
14.116
17.034
17.086
17.033
17.033
14.950
14.116
17.085
14.116
9.532
11.720
16.981
17.033
17.086
14.898
10.991
13.231
14.950
14.481
17.190
15.001
13.074
17.137
13.908
14.065
17.190
15.106
17.137
14.168
14.012
14.012
15.054
17.085
17.137
15.002
15.210
14.898
17.190
17.034
15.002
14.064
14.846
53.183
12.085
14.585
10.522
17.033
14.897
17.137
17.189
15.054
14.168
17.033
17.138
17.085
14.168
17.138
17.086
14.116
14.949
17.085
14.116
14.012
14.950
14.793
17.085
17.033
14.897
14.116
14.898
14.064
15.002
15.001
16.148
17.086
14.169
51.100
11.407
12.501
17.085
17.189
14.012
14.012
14.116
14.898
17.137
14.117
14.898
14.064
14.012
14.012
15.054
14.949
14.012
14.949
17.189
14.116
17.086
17.138
17.086
14.116
14.012
14.898
17.085
14.012
14.898
17.086
17.138
14.064
14.168
17.137
12.501
14.116
14.950
17.138
16.982
17.138
15.054
17.137
15.002
17.190
15.001
14.168
15.002
14.064
16.982
14.950
14.012
17.085
14.117
17.138
14.950
17.085
15.002
14.064
14.169
14.950
17.086
14.064
14.116
14.950
14.846
14.117
17.450
12.502
13.231
17.033
17.189
14.116
17.085
15.002
17.085
15.001
15.002
14.064
14.116
15.054
14.168
14.897
14.950
14.116
14.898
14.064
14.168
15.002
14.950
14.950
14.897
17.137
14.012
14.012
17.085
17.138
17.189
14.116
15.054
14.898
14.169
40.213
13.387
15.211
14.377
14.897
17.138
17.086
17.085
17.085
15.002
17.085
17.085
14.898
14.898
14.117
14.117
15.002
14.376
17.085
17.085
14.116
14.168
14.116
17.033
17.085
17.034
17.033
17.085
17.085
17.086
15.002
17.086
17.138
17.138
9.533
15.106
14.116
14.116
15.002
17.189
14.064
14.950
17.086
15.054
17.138
14.117
15.054
17.189
17.033
16.981
14.064
14.117
14.117
14.898
14.117
14.012
14.897
14.012
17.137
15.106
14.898
14.169
14.117
14.169
17.190
15.002
14.898
14.117
48.079
13.387
17.085
15.002
17.138
17.398
15.001
14.898
14.169
17.138
14.064
14.116
14.116
14.116
17.086
17.138
17.085
15.054
17.190
14.012
14.012
14.012
14.168
14.221
15.002
14.845
17.085
14.117
14.116
14.064
14.012
14.064
14.168
17.190
12.137
14.689
15.002
17.085
