12.085
9.897
10.209
10.314
13.022
10.470
10.418
10.417
10.418
10.418
10.418
10.417
10.470
10.418
10.366
10.418
10.366
10.418
10.417
10.418
10.366
10.418
10.366
10.418
10.366
10.470
10.418
10.470
10.366
10.314
10.418
10.418
10.418
10.365
10.417
10.366
4.740
6.720
4.741
10.574
10.418
10.314
10.418
10.470
10.417
10.418
10.522
10.366
10.470
10.366
10.418
10.366
10.314
10.418
10.418
10.470
10.418
10.470
10.314
10.418
10.313
10.418
10.418
10.418
10.418
10.417
10.314
10.418
10.418
10.470
10.418
10.470
10.470
10.470
10.366
10.418
10.313
10.313
10.418
46.724
6.823
4.688
10.418
10.418
10.417
10.366
10.678
10.418
10.470
10.418
10.418
10.366
10.470
10.314
10.366
10.470
10.366
10.418
10.418
10.470
10.313
10.366
10.366
10.470
10.261
10.417
10.313
10.366
10.314
10.418
10.418
10.418
10.366
10.417
10.470
10.366
10.418
10.418
10.418
10.365
4.688
6.928
10.522
5.417
10.418
10.366
10.366
10.366
10.365
10.418
10.366
10.470
10.418
10.313
10.417
10.470
10.470
10.366
10.417
10.314
10.418
10.418
10.366
10.314
10.365
10.418
10.418
10.418
10.366
10.523
10.418
10.366
10.366
10.418
10.314
10.314
10.418
10.470
10.418
10.470
10.418
10.365
10.418
4.740
6.824
10.418
10.418
10.418
10.470
10.418
10.366
10.418
10.314
10.365
10.313
10.417
10.574
10.418
10.470
10.417
10.418
10.418
10.418
10.314
10.418
10.418
10.418
10.366
10.470
10.417
10.470
10.418
10.365
10.470
10.366
10.314
10.418
10.470
10.418
10.470
10.418
10.366
10.418
10.417
45.682
6.615
6.199
10.417
10.418
10.470
10.366
10.418
10.470
10.418
10.366
10.314
10.366
10.366
10.313
10.418
10.418
10.366
10.366
10.418
10.417
10.365
10.366
10.418
10.418
10.418
10.313
10.417
10.418
10.418
10.418
10.418
10.418
10.470
10.470
10.366
10.314
10.313
10.313
10.470
10.418
10.470
10.417
45.995
6.563
4.688
10.470
10.365
10.418
10.418
10.366
10.470
10.469
10.418
10.262
10.366
10.470
10.418
10.417
10.418
10.314
10.470
10.366
10.470
10.470
10.366
10.418
10.314
10.314
10.418
10.417
10.417
10.418
10.418
10.366
10.418
10.470
10.418
10.418
10.418
10.417
10.418
10.262
10.366
10.470
40.108
6.772
10.782
10.522
10.574
10.365
10.418
10.418
10.470
10.418
10.313
10.470
10.418
10.418
10.365
10.418
10.366
10.418
10.418
10.418
10.417
10.366
10.313
10.418
10.418
10.314
10.314
10.314
10.418
10.418
10.418
10.418
10.418
10.417
10.418
10.366
10.470
10.417
10.418
10.418
10.418
10.418
10.366
46.724
6.407
4.741
10.522
10.418
10.418
10.418
10.418
10.314
10.418
10.313
10.313
10.366
10.417
10.366
10.470
10.418
10.418
10.417
10.418
10.470
10.418
10.470
10.418
10.470
10.418
10.366
10.418
10.418
10.313
10.418
10.314
10.366
10.418
10.418
10.366
10.314
10.365
10.418
10.418
10.314
10.314
41.255
6.199
6.823
4.688
10.626
10.001
9.897
10.417
10.418
10.366
10.366
10.418
10.313
10.418
10.366
10.418
10.470
10.418
10.418
10.366
10.418
10.470
10.366
10.366
10.418
10.418
10.418
10.418
10.470
10.522
10.366
10.418
10.418
10.366
10.366
10.470
10.418
10.313
10.417
10.366
10.470
10.470
10.417
10.366
5.573
6.720
10.418
10.418
10.469
10.418
10.418
10.366
10.314
10.314
10.418
10.470
10.418
10.314
10.366
10.418
10.417
10.418
10.418
10.418
10.418
10.418
10.418
10.366
10.314
10.418
10.470
10.418
10.417
10.418
10.418
10.418
10.366
10.418
10.470
10.417
10.418
10.366
10.418
10.418
10.470
40.317
6.720
10.678
10.574
10.626
10.418
10.366
10.418
10.418
10.418
10.365
10.366
10.366
10.418
10.314
10.469
10.366
10.418
10.418
10.366
10.418
10.314
10.366
10.366
10.366
10.366
10.522
10.470
10.418
10.417
10.261
10.418
10.314
10.366
10.418
10.418
10.418
10.417
10.470
10.418
10.366
10.365
10.417
43.911
6.668
4.688
10.366
10.313
10.366
10.366
10.314
10.314
10.366
10.365
10.417
10.366
10.418
10.314
10.470
10.418
10.418
10.366
10.418
10.418
10.417
10.418
10.366
10.418
10.418
10.417
10.470
10.418
10.418
10.574
10.366
10.470
10.470
10.418
10.470
10.417
10.418
10.418
10.366
10.366
10.522
37.921
6.511
6.198
10.314
10.418
10.418
10.365
10.417
10.418
10.418
10.366
10.418
10.314
10.366
10.314
10.418
10.418
10.418
10.469
10.366
10.470
10.418
10.314
10.418
10.366
10.470
10.314
10.418
10.418
10.418
10.418
10.418
10.418
10.417
10.470
10.418
10.418
10.366
10.366
10.417
10.418
10.470
10.418
44.901
6.719
4.688
10.366
10.418
10.417
10.365
10.418
10.366
10.418
10.417
10.470
10.418
10.417
10.470
10.418
10.365
10.366
10.470
10.418
10.418
10.313
10.366
10.313
10.470
10.262
10.314
10.366
10.418
10.470
10.470
10.366
10.470
10.262
10.470
10.418
10.418
10.366
10.418
10.470
10.470
10.418
46.308
6.772
10.627
10.522
10.626
10.418
10.365
10.418
10.313
10.470
10.418
10.418
10.418
10.366
10.418
10.418
10.418
10.366
10.366
10.314
10.417
10.418
10.418
10.470
10.366
10.417
10.418
10.418
10.261
10.470
10.418
10.366
10.418
10.470
10.418
10.366
10.366
10.418
10.314
10.366
10.314
10.313
10.417
37.765
4.688
6.824
10.574
10.575
10.418
10.418
10.314
10.418
10.470
10.418
10.418
10.470
10.418
10.418
10.366
10.418
10.366
10.418
10.418
10.418
10.418
10.366
10.418
10.313
10.366
10.314
10.418
10.418
10.418
10.470
10.418
10.418
10.418
10.469
10.418
10.314
10.314
10.522
10.365
10.470
10.418
45.421
6.615
4.740
5.209
10.470
10.417
10.470
10.418
10.418
10.470
10.418
10.366
10.418
10.418
10.417
10.313
10.418
10.418
10.418
10.417
10.470
10.418
10.418
10.418
10.470
10.262
10.366
10.418
10.366
10.366
10.418
10.418
10.365
10.418
10.418
10.470
10.418
10.418
10.418
10.418
10.418
10.365
10.470
10.470
5.209
4.689
10.418
10.470
10.365
10.366
10.418
10.522
10.418
10.418
10.366
10.418
10.418
10.417
10.313
10.366
10.366
10.418
10.418
10.314
10.470
10.418
10.418
10.366
10.366
10.314
10.366
10.314
10.418
10.313
10.418
10.262
10.470
10.470
10.470
10.418
10.366
10.418
10.418
10.365
10.366
10.417
5.678
6.824
10.418
4.688
10.522
10.313
10.418
10.418
10.418
10.470
10.366
10.418
10.314
10.418
10.574
10.314
10.418
10.418
10.470
10.313
10.366
10.418
10.418
10.470
10.418
10.470
10.418
10.366
10.418
10.417
10.418
10.418
10.418
10.314
10.470
10.418
10.314
10.418
10.366
10.418
10.366
10.418
10.418
6.147
6.407
4.740
10.418
10.314
10.418
10.365
10.417
10.366
10.470
10.470
10.366
10.470
10.366
10.418
10.470
10.366
10.470
10.366
10.470
10.418
10.366
10.418
10.470
10.418
10.418
10.366
10.313
10.470
10.366
10.418
10.366
10.314
10.418
10.418
10.365
10.365
10.418
10.470
10.418
10.366
10.418
10.365
42.922
4.688
6.980
10.522
10.470
10.418
10.366
10.314
10.366
10.418
10.470
10.418
10.470
10.418
10.366
10.366
10.314
10.366
10.314
10.417
10.418
10.366
10.418
10.314
10.470
10.417
10.418
10.470
10.314
10.314
10.418
10.417
10.366
10.470
10.366
10.314
10.418
10.470
10.418
10.418
10.418
10.418
40.682
6.251
7.032
10.418
10.418
10.417
10.365
10.418
10.522
10.418
10.366
10.314
10.418
10.418
10.470
10.418
10.418
10.470
10.418
10.418
10.366
10.366
10.418
10.470
10.470
10.418
10.418
10.365
10.418
10.418
10.418
10.365
10.314
10.574
10.418
10.418
10.418
10.366
10.418
10.418
10.418
10.418
10.470
10.365
5.574
6.980
10.522
5.209
10.417
10.418
10.366
10.470
10.418
10.470
10.418
10.470
10.314
10.418
10.470
10.314
10.314
10.418
10.418
10.417
10.366
10.418
10.418
10.418
10.418
10.418
10.418
10.366
