14.950
13.439
16.669
14.012
14.012
13.908
14.117
13.908
14.012
13.960
14.012
14.116
13.960
13.908
13.960
14.012
43.547
13.491
14.116
9.636
13.960
14.012
14.064
14.064
13.908
14.065
13.960
14.117
14.064
13.960
13.960
14.012
13.908
14.012
14.064
14.012
14.013
14.064
13.908
14.012
13.908
13.908
14.012
14.012
13.960
14.116
13.908
13.908
14.012
14.012
14.012
49.954
13.491
13.752
13.908
14.012
13.908
13.907
13.908
14.012
14.013
14.012
13.960
13.908
13.960
13.908
13.908
13.960
14.116
14.116
14.065
14.064
13.960
13.960
14.012
14.013
13.960
14.064
14.013
13.960
14.012
14.012
13.960
14.012
14.116
13.960
14.064
11.200
14.012
13.907
13.856
14.116
14.064
13.908
13.907
13.907
13.856
14.012
13.908
13.960
14.012
13.960
13.908
14.012
13.908
13.856
13.908
13.908
13.908
14.012
14.012
14.012
13.908
14.117
13.908
13.908
13.907
14.064
13.907
13.908
12.397
12.918
13.856
13.908
14.012
13.908
13.960
14.013
13.908
13.908
14.012
13.908
14.012
13.960
13.960
14.064
14.012
13.908
14.012
14.012
13.908
14.012
13.960
14.116
14.065
14.012
13.960
14.012
14.012
14.012
14.012
14.012
14.012
14.012
13.960
44.433
13.231
14.012
14.012
14.012
13.960
13.960
14.012
14.012
14.012
13.960
13.908
14.064
14.064
14.012
13.908
14.012
13.960
13.908
14.012
13.959
13.960
14.012
14.013
13.908
13.856
13.960
13.908
14.012
14.012
13.908
13.960
13.908
14.012
44.120
13.387
14.220
14.012
14.012
14.064
13.908
13.960
13.908
14.064
14.012
14.012
14.012
13.908
14.116
14.012
13.907
14.012
13.960
14.064
14.012
14.012
13.907
13.908
13.908
14.065
14.012
14.012
14.064
14.064
14.012
13.908
13.960
13.908
13.960
14.012
9.897
11.512
14.272
14.064
14.012
13.908
13.960
13.960
13.960
14.012
14.012
14.012
14.013
13.960
14.012
14.065
14.012
13.856
13.960
13.908
14.012
14.012
13.908
14.012
13.907
13.960
13.908
13.907
13.960
14.012
14.012
14.012
14.012
14.012
13.960
47.714
13.491
13.335
13.959
13.908
13.908
13.908
13.907
13.908
13.908
14.012
13.960
13.907
14.012
13.908
13.960
13.907
13.908
14.012
13.908
14.012
13.804
13.908
13.908
13.907
13.908
13.908
14.012
13.908
13.907
13.960
13.908
13.907
13.856
14.012
10.054
11.981
14.064
14.220
14.012
14.064
14.012
14.064
13.959
13.856
13.960
13.960
14.012
14.064
13.907
14.064
13.908
14.064
13.960
13.908
13.908
13.907
14.012
14.012
13.960
13.908
14.012
13.856
14.012
13.908
13.960
13.908
14.012
13.908
13.908
42.141
13.075
14.013
14.012
14.012
14.012
14.012
14.012
14.012
14.117
13.856
14.012
14.012
14.012
14.012
13.960
13.960
14.064
14.012
13.960
14.012
13.960
14.012
14.012
14.012
13.908
13.960
14.012
14.064
14.012
13.960
13.960
13.908
13.908
50.318
13.126
14.064
13.960
14.012
13.960
13.960
14.012
13.907
13.856
14.012
14.013
14.012
14.012
14.064
13.908
13.908
13.908
13.960
14.012
13.908
14.012
14.064
13.908
13.908
13.960
13.908
14.012
13.908
14.012
13.908
14.012
13.907
13.908
13.856
49.850
13.127
12.502
14.012
13.960
14.012
14.012
14.064
13.908
14.012
14.012
13.960
13.907
14.012
14.012
13.960
13.960
13.960
14.064
13.908
14.064
13.908
14.012
13.908
13.908
13.908
13.960
14.012
14.012
14.012
14.012
13.960
13.908
14.064
14.116
14.012
10.783
14.012
14.012
14.012
13.960
13.960
13.908
14.012
14.012
14.064
14.012
14.012
14.012
13.908
13.960
14.012
13.960
14.012
14.012
13.907
13.960
13.908
14.012
14.012
14.064
13.960
14.064
13.907
13.908
14.012
14.064
13.960
14.013
13.960
10.469
14.065
14.012
13.960
13.960
14.012
13.908
14.012
13.907
13.908
13.856
14.012
13.908
14.064
13.960
14.064
13.960
13.908
14.012
13.908
13.856
14.012
14.012
13.908
13.960
13.908
13.908
14.064
13.908
13.960
13.908
13.908
14.012
13.908
13.908
40.786
12.709
14.116
13.960
13.908
13.960
13.907
13.907
14.012
13.908
14.013
13.960
13.960
13.908
13.908
14.012
13.908
13.907
13.908
13.908
13.960
14.012
13.908
13.908
13.908
13.907
14.012
14.065
13.960
14.012
13.908
13.908
13.908
13.908
13.907
13.908
9.376
12.866
13.908
13.907
13.960
14.012
13.960
13.908
13.907
13.908
14.012
14.012
13.960
14.012
13.908
14.064
13.907
14.012
13.908
14.012
14.012
14.065
14.012
13.908
13.908
13.960
13.856
13.908
14.064
14.012
14.013
13.908
13.908
13.960
45.005
13.075
14.117
13.960
13.960
13.908
14.012
13.908
14.064
13.959
13.908
14.012
14.012
14.012
14.012
13.960
13.908
13.960
14.012
14.012
14.064
14.064
13.960
13.960
14.012
14.012
13.908
14.012
13.960
14.012
14.012
14.012
13.908
14.012
13.960
50.163
13.127
14.220
14.012
13.960
14.012
14.012
13.908
14.012
13.908
13.960
14.012
14.012
14.012
14.012
13.959
14.012
13.908
13.907
14.012
13.960
13.855
14.012
13.908
14.012
14.012
14.064
14.064
13.908
13.907
13.960
13.856
13.908
14.064
50.579
11.981
10.209
14.013
13.908
13.908
13.908
13.960
13.960
13.960
14.012
14.064
14.012
14.012
14.429
14.064
14.012
14.012
13.960
14.064
13.960
13.960
14.012
14.012
13.907
14.012
14.012
14.012
14.116
13.908
14.012
14.012
14.012
14.064
14.012
14.012
9.376
12.970
14.012
13.908
13.960
14.012
14.012
14.012
14.012
14.012
14.012
13.907
13.908
13.960
14.013
14.012
14.012
14.012
13.908
13.908
13.959
13.908
14.012
14.064
14.064
13.907
13.960
13.908
13.960
13.959
14.064
13.908
14.012
13.960
13.908
41.776
13.127
14.065
13.960
14.065
13.960
14.012
14.012
13.908
14.064
14.064
13.960
14.012
13.908
13.960
13.908
14.012
14.012
14.012
14.012
13.960
13.908
14.064
14.012
14.012
14.012
14.012
14.064
14.013
13.908
14.064
14.012
13.908
13.960
14.012
10.887
14.168
13.960
13.908
13.960
13.960
14.064
14.012
13.960
14.013
13.908
14.012
14.012
13.960
13.960
14.012
13.960
14.012
14.012
14.012
14.012
14.012
14.012
14.012
13.960
13.908
14.012
14.012
13.960
13.907
13.908
13.908
14.012
14.012
14.116
9.428
11.511
13.595
13.960
14.012
13.908
14.064
13.960
13.908
14.012
13.908
14.064
13.907
13.908
14.012
14.013
14.012
13.960
13.907
13.960
13.908
14.065
13.908
13.960
13.908
14.012
14.064
14.064
14.064
13.908
14.012
14.012
13.908
13.856
48.391
13.179
14.221
14.064
13.908
14.064
13.907
13.960
13.960
14.012
13.960
14.012
14.012
14.012
13.960
14.012
14.012
14.012
14.064
14.012
13.908
13.908
13.908
14.012
13.908
14.012
14.012
14.064
13.960
14.064
13.856
13.907
14.012
14.012
14.064
14.012
10.209
13.960
14.064
13.908
13.960
14.065
14.012
14.012
14.064
13.959
13.960
13.908
13.856
14.012
14.012
14.117
14.012
13.960
14.012
14.012
13.908
13.960
14.012
14.012
14.012
14.064
13.960
14.012
13.907
13.908
13.856
13.908
13.908
13.908
14.012
9.428
12.866
14.012
14.116
14.012
13.960
13.960
13.960
14.012
14.012
13.960
14.064
13.960
14.012
14.012
13.908
13.960
14.012
13.908
13.908
13.960
13.908
13.856
13.908
14.012
13.908
13.908
13.908
14.116
14.012
13.960
13.960
13.908
14.012
41.151
12.606
10.157
13.908
13.960
13.960
13.907
13.856
13.960
13.960
13.908
14.012
13.960
13.907
13.908
13.908
14.012
14.012
14.012
13.960
14.012
13.908
13.908
13.908
13.908
13.960
13.908
13.908
13.908
13.960
13.908
13.907
13.908
13.960
14.012
13.907
9.897
12.970
13.908
13.908
14.012
13.908
14.064
14.116
14.064
13.960
13.908
13.908
14.012
14.012
13.960
13.960
14.012
13.960
13.908
13.908
14.117
14.064
14.012
14.012
14.013
13.960
13.908
13.908
14.013
13.960
14.065
14.012
13.960
13.908
13.960
44.328
13.283
14.117
14.116
14.064
13.908
