777.331
258.207
235.913
362.386
224.453
215.858
208.722
272.740
222.995
219.348
246.487
246.956
242.320
263.677
254.873
204.399
208.775
242.893
246.070
278.157
247.060
255.186
310.662
214.088
211.848
244.872
312.849
210.284
207.889
282.585
238.882
211.588
200.856
280.867
220.963
235.027
204.815
274.302
213.202
270.500
236.694
234.350
211.951
265.031
278.574
316.756
236.850
224.505
255.499
238.309
206.379
218.515
261.541
276.022
208.306
217.525
219.765
290.451
210.650
235.861
284.825
277.272
211.952
247.216
314.777
275.188
265.083
212.420
228.100
285.085
214.557
293.837
241.799
225.182
205.492
252.113
211.743
242.425
241.382
325.715
210.754
213.879
300.295
240.549
206.378
197.784
256.644
250.863
233.673
233.673
276.699
250.758
206.795
240.497
267.167
251.123
277.220
227.683
306.703
236.486
210.337
267.166
308.838
291.441
262.426
295.868
224.766
251.956
286.804
209.451
216.535
226.954
236.277
230.235
229.767
214.869
266.594
240.914
246.071
303.473
288.783
213.306
223.881
251.332
262.635
243.205
234.455
203.461
288.992
198.409
214.712
240.810
303.629
245.549
237.476
265.343
253.415
307.797
214.452
237.945
207.160
201.273
245.497
274.043
207.420
201.950
206.222
258.364
214.660
197.315
258.624
269.042
237.632
239.871
263.989
262.478
207.889
228.099
236.174
293.628
275.917
211.952
228.881
210.493
210.702
211.275
259.249
282.481
267.011
263.364
289.513
204.711
205.701
224.765
296.024
249.977
251.279
317.328
279.616
238.413
251.332
239.663
248.571
257.270
211.900
229.453
275.344
252.738
204.087
218.098
217.317
261.854
214.400
218.827
289.773
205.753
208.827
241.018
261.488
252.374
270.032
227.058
208.097
230.704
265.188
202.523
217.526
251.592
261.905
283.627
277.011
262.739
252.425
207.420
206.795
208.722
285.346
204.451
210.180
241.330
302.067
243.935
244.351
275.761
277.115
256.801
220.078
336.758
243.986
210.442
240.653
252.686
214.869
207.941
211.535
251.644
253.624
242.424
269.354
258.415
215.494
309.567
228.724
209.139
207.524
235.965
288.262
208.566
210.753
198.096
274.251
287.951
213.306
206.847
295.504
269.511
212.629
269.146
247.425
240.757
259.509
285.189
250.811
265.656
204.816
259.562
249.508
232.631
206.274
248.206
245.081
246.122
279.148
237.267
271.542
208.046
247.529
239.246
266.020
234.975
310.141
243.258
214.817
247.372
239.247
210.858
216.639
250.446
243.727
239.924
263.468
212.160
201.066
247.164
242.059
250.706
237.580
219.036
242.737
245.602
209.972
212.369
227.370
288.107
232.944
229.141
239.194
272.531
208.826
209.399
203.773
271.125
245.393
242.424
240.028
246.539
249.977
302.795
211.743
302.692
210.754
236.069
242.737
217.213
238.726
229.714
232.059
246.852
216.744
244.508
274.251
234.767
279.200
240.236
291.857
220.391
212.837
243.518
297.587
208.775
243.674
268.990
244.768
247.477
214.348
258.780
212.941
270.083
243.101
244.195
212.577
236.538
245.237
261.228
231.798
219.505
204.086
273.730
219.296
239.402
215.702
272.896
245.184
244.612
213.567
276.230
260.187
276.751
247.894
243.674
258.676
313.839
279.720
245.758
245.080
308.161
206.379
203.409
214.296
276.022
292.326
244.820
235.861
274.876
205.649
207.368
218.515
252.113
247.894
235.392
210.129
254.456
237.684
235.860
215.390
274.303
216.328
240.236
219.609
266.594
277.116
238.569
226.484
289.826
305.400
238.673
258.780
206.066
208.149
211.171
274.720
211.014
216.275
239.924
294.930
273.104
216.536
243.466
256.332
252.477
573.661
289.461
280.189
326.497
236.434
211.379
227.161
208.409
238.621
212.056
251.018
280.346
244.456
284.721
220.963
263.885
257.842
268.730
295.867
249.352
221.953
213.254
262.791
250.029
212.889
253.571
250.394
219.296
232.579
268.000
297.639
216.535
208.983
208.045
280.970
238.726
216.380
239.194
307.744
213.202
257.530
267.531
226.850
305.556
264.041
294.826
281.647
220.703
282.585
210.650
211.379
206.795
211.483
268.157
243.831
274.927
244.716
211.066
248.050
202.576
212.733
241.539
215.337
271.177
245.810
226.641
246.435
204.920
211.640
229.714
210.233
207.420
247.842
213.045
242.893
272.115
230.547
252.999
208.775
226.172
235.601
291.701
282.273
291.180
298.473
206.378
209.607
255.915
214.661
239.716
251.383
256.124
256.176
231.120
205.388
237.163
208.045
231.538
270.031
247.841
253.363
238.882
209.452
255.915
219.661
217.109
241.174
276.960
236.537
239.038
212.265
254.873
212.525
215.130
225.287
281.595
250.602
247.060
212.837
297.118
207.472
214.660
235.757
262.634
260.552
210.702
203.513
285.763
608.248
305.661
216.015
283.158
362.594
312.329
301.650
274.511
252.842
212.994
277.793
285.346
206.170
242.164
213.358
250.029
218.984
240.184
246.070
296.649
216.067
217.109
214.452
316.807
209.555
251.540
275.032
255.134
209.035
262.062
275.032
236.225
216.900
251.488
266.177
223.567
209.504
234.403
270.813
239.246
210.181
250.498
285.658
211.743
208.305
240.705
277.533
252.946
252.581
278.626
212.472
211.952
228.204
247.998
201.013
251.019
262.114
266.437
211.379
207.784
233.725
271.751
209.399
251.175
210.962
258.572
198.878
214.817
237.476
255.342
204.972
257.321
248.102
300.035
298.368
279.668
245.550
258.885
213.931
238.674
247.321
237.684
221.536
248.570
252.321
196.586
234.455
206.117
273.782
208.775
209.921
246.695
268.781
233.569
287.898
240.445
285.815
264.041
212.368
238.673
266.177
207.784
212.160
241.955
292.013
206.587
212.368
229.505
235.236
244.664
275.813
271.698
257.582
216.797
242.997
296.910
232.006
217.473
248.050
241.122
219.401
229.246
211.848
277.481
226.016
267.011
210.025
230.548
206.795
237.423
245.705
196.585
214.243
246.331
251.748
248.050
215.650
255.082
229.141
250.967
212.681
212.316
252.217
240.758
257.947
223.567
259.041
234.715
243.310
239.142
256.697
209.659
206.795
215.963
259.562
220.338
202.471
242.892
275.501
273.209
271.907
321.861
276.387
295.816
281.231
245.341
221.067
218.463
220.963
256.176
302.952
258.936
202.524
218.515
197.263
213.879
208.097
296.753
247.321
246.747
271.230
208.878
258.050
223.724
267.531
220.651
237.215
203.878
271.490
243.153
229.610
208.775
261.280
241.278
273.678
208.045
258.728
278.522
236.225
213.306
240.132
219.453
250.133
242.060
217.786
228.412
244.664
243.153
220.546
288.836
205.649
237.997
237.840
217.630
231.850
265.761
210.963
244.091
240.028
255.550
203.357
229.454
232.892
251.696
221.745
290.971
247.529
288.314
638.721
247.424
276.908
263.051
318.475
257.634
275.501
259.874
323.736
276.126
203.774
207.732
237.945
243.050
267.271
223.360
223.099
227.683
312.484
339.414
225.234
288.940
232.892
547.720
265.448
329.621
242.007
224.402
226.120
249.508
208.150
254.144
259.874
215.286
208.253
212.160
239.142
250.290
247.112
210.910
233.205
279.356
251.956
252.477
239.455
214.660
231.589
224.297
266.489
250.498
211.327
248.571
309.828
224.922
203.670
208.149
558.398
253.051
269.928
262.635
238.153
211.378
264.718
219.453
241.070
281.855
234.610
213.670
207.628
239.298
305.088
210.806
218.515
238.674
239.716
214.609
247.633
249.300
286.283
256.957
207.056
238.987
242.424
271.490
197.888
250.863
242.320
210.181
210.754
251.957
246.540
268.521
261.228
642.471
244.247
277.897
217.942
246.487
221.745
331.288
221.797
222.317
226.693
300.556
214.348
204.815
209.764
270.761
248.988
249.769
232.580
211.744
217.838
234.611
215.650
255.082
268.782
250.342
251.331
251.071
212.317
208.774
243.570
236.329
221.224
211.796
257.425
201.899
231.329
235.808
286.179
237.892
233.673
296.702
288.627
218.411
220.807
283.887
240.132
266.593
248.988
264.614
208.358
206.795
242.997
261.854
242.268
241.434
227.631
264.770
210.753
241.278
217.473
289.200
247.581
216.744
249.144
279.147
216.015
261.281
217.734
215.181
242.736
247.321
254.561
233.569
253.623
203.930
247.945
224.453
212.264
244.768
241.799
286.439
226.120
271.229
271.699
213.775
246.330
240.236
234.819
237.059
249.091
242.789
268.885
213.254
237.475
219.609
211.743
254.353
241.643
257.114
214.088
239.090
242.580
241.434
246.279
258.781
234.089
251.539
206.378
210.545
240.028
289.460
235.913
251.436
290.242
234.038
255.290
223.360
283.262
212.056
209.503
208.409
264.197
213.463
204.294
253.831
235.080
250.446
220.702
301.285
260.134
215.754
