10.574
9.845
10.001
9.897
9.481
9.741
12.501
9.897
9.688
9.793
9.688
10.053
9.793
9.845
9.793
9.845
9.897
9.897
9.637
9.897
9.845
10.001
9.689
9.793
9.897
9.793
9.793
9.897
9.688
9.845
9.793
9.897
9.689
9.793
9.793
9.845
9.637
4.688
4.688
6.250
10.157
9.897
9.689
9.740
9.585
9.793
9.793
9.688
9.845
9.793
9.949
9.897
9.793
9.793
9.689
9.897
9.793
9.845
10.001
9.897
9.897
9.845
9.741
9.740
9.845
9.793
9.793
9.845
9.741
9.688
9.793
9.793
9.689
9.792
9.897
9.741
9.741
9.897
9.689
9.897
4.688
4.688
4.688
7.970
9.636
9.688
9.689
9.897
9.793
9.688
9.689
9.584
9.792
9.585
9.845
9.688
9.585
9.793
9.792
9.585
9.793
9.792
10.054
9.689
9.688
9.897
9.689
9.897
9.897
9.793
9.688
10.001
9.689
9.689
9.688
9.741
9.533
9.897
9.688
9.897
9.845
9.689
9.584
9.897
9.793
32.660
4.688
6.667
10.001
9.740
6.876
10.001
9.689
9.949
9.845
9.689
9.740
9.741
9.845
9.584
9.689
9.688
9.897
9.585
9.740
9.688
10.001
9.897
9.740
9.688
9.585
9.897
9.688
9.950
9.689
9.741
9.636
9.793
9.845
9.741
9.897
9.897
9.844
9.689
9.636
9.740
9.897
9.741
9.689
33.076
5.209
6.250
9.324
9.793
9.689
9.793
9.845
9.793
9.793
9.584
9.637
9.584
9.741
9.636
9.792
9.793
9.845
9.845
9.741
9.689
9.689
9.688
9.689
9.793
9.793
9.689
9.584
9.584
9.792
9.897
9.793
9.793
9.689
9.793
9.740
9.793
9.689
9.689
9.740
9.897
9.740
10.053
9.689
9.689
30.368
4.792
4.741
5.522
10.157
9.845
9.688
9.585
9.793
9.793
9.793
9.793
9.949
9.584
9.689
9.793
9.689
10.002
9.689
9.845
9.585
9.688
9.689
9.897
10.053
9.689
9.689
9.688
9.897
9.688
9.793
9.689
9.792
9.793
9.585
9.793
10.054
9.689
9.845
9.689
9.897
9.689
9.792
9.688
9.585
4.688
4.688
4.688
10.105
9.741
9.585
9.584
9.689
9.688
9.637
9.584
9.793
9.689
9.793
9.845
9.741
9.845
9.741
9.845
9.897
9.532
9.897
10.001
9.689
9.845
9.845
9.689
9.637
9.792
9.741
9.793
9.584
9.793
9.845
9.897
9.793
9.688
9.689
9.793
9.532
9.897
10.054
9.897
9.689
9.584
32.608
5.574
6.511
9.428
9.689
10.002
9.793
9.584
9.793
9.793
9.793
9.740
9.584
9.741
9.740
9.689
9.793
9.689
9.793
9.689
9.741
9.897
9.740
9.637
9.689
10.157
9.793
9.689
10.001
9.480
9.845
9.689
9.689
9.584
9.689
9.793
9.949
9.845
9.688
9.689
9.793
9.845
9.636
9.689
32.347
5.209
6.199
9.116
9.897
9.793
9.584
9.689
9.688
9.584
9.793
9.741
9.740
9.637
9.793
9.740
9.740
9.793
9.585
9.689
9.793
9.480
9.689
9.584
9.689
9.793
9.688
9.689
9.741
9.584
9.636
9.689
9.793
9.740
9.688
9.689
9.480
9.637
9.793
9.585
9.636
9.689
9.584
9.741
9.585
32.608
4.688
7.188
9.949
10.001
9.689
9.897
9.740
9.689
9.793
9.688
9.793
9.897
9.688
9.688
9.689
9.793
9.688
9.689
9.793
9.845
9.533
9.845
9.689
9.740
9.585
9.688
9.585
9.793
9.688
9.793
10.054
9.897
9.793
9.793
9.845
9.689
9.584
9.741
9.584
9.533
9.793
9.688
9.689
6.407
6.563
6.303
9.584
9.793
9.845
9.584
9.689
9.584
9.793
9.949
9.689
9.792
9.741
9.741
9.584
9.689
9.741
9.792
9.897
9.793
9.533
9.845
9.636
9.585
9.688
9.897
9.689
9.845
9.688
9.689
9.584
9.741
9.689
9.741
9.793
9.688
9.793
9.897
9.845
9.741
9.897
9.585
9.585
9.584
6.303
6.824
9.741
6.564
8.126
9.897
9.689
9.741
9.689
9.688
9.689
9.689
9.688
9.793
9.637
9.688
9.741
9.689
9.793
9.793
9.636
9.689
9.741
9.741
9.585
9.688
9.793
10.158
9.637
9.585
9.793
9.584
9.585
9.793
9.636
9.897
9.740
9.689
9.584
9.689
9.584
9.793
9.845
5.209
6.980
9.480
9.585
9.793
9.792
9.897
9.793
9.689
9.584
9.741
9.637
9.688
9.740
9.689
9.689
9.897
9.792
9.689
9.949
9.689
9.792
9.897
9.741
9.845
9.845
9.845
9.636
9.845
9.585
9.740
9.689
9.689
9.792
9.949
9.845
9.845
9.792
9.792
9.897
9.741
9.689
9.949
9.584
44.901
9.584
10.001
9.689
9.637
9.584
9.637
9.637
9.480
9.740
9.792
9.793
9.793
9.741
9.741
9.897
10.001
9.689
9.793
9.688
9.585
9.845
9.740
9.793
9.741
9.689
9.584
9.585
9.949
9.793
9.689
9.585
9.792
9.897
9.793
9.689
9.897
9.793
9.585
9.688
9.585
9.688
9.845
6.146
6.511
6.303
10.106
9.793
9.688
9.637
9.793
9.793
9.897
10.001
9.637
9.793
9.689
9.740
9.897
9.897
9.844
9.897
9.845
9.845
10.001
9.689
9.793
9.689
9.897
10.053
9.897
9.845
9.845
9.741
9.793
9.688
9.792
9.740
9.949
9.793
9.637
9.740
9.585
9.897
10.001
9.689
44.953
6.719
10.001
9.845
9.793
10.001
9.897
9.688
9.793
9.793
9.897
9.741
9.689
9.741
9.845
9.793
9.688
9.897
9.949
9.793
9.741
9.689
9.689
9.845
9.636
9.637
9.636
9.689
9.741
9.793
9.793
9.792
9.689
9.793
9.741
9.897
9.897
9.897
9.897
9.688
9.689
9.793
9.793
9.897
9.584
4.688
6.720
4.688
9.376
9.741
9.689
9.949
9.689
9.792
9.793
9.741
9.689
9.741
9.689
9.793
9.793
9.584
9.793
9.793
9.793
9.688
9.689
9.793
9.584
9.689
9.688
9.897
9.741
9.741
9.584
9.689
9.741
9.688
9.585
9.741
9.741
9.689
9.897
9.689
9.584
9.793
9.585
9.480
9.689
5.261
6.824
9.792
9.741
9.585
9.636
9.585
9.792
9.689
9.897
9.741
9.636
9.585
9.741
9.584
9.741
9.845
9.585
9.897
9.584
9.689
9.688
9.793
9.689
9.792
9.688
9.689
9.688
9.845
9.741
9.741
9.689
9.584
9.585
9.740
9.688
9.845
9.845
9.584
9.741
9.740
9.688
9.689
9.740
45.161
6.459
4.688
8.751
9.689
9.636
9.688
9.689
9.688
9.792
9.897
9.793
9.585
9.689
9.792
9.793
10.001
9.741
9.741
9.793
9.688
10.002
9.793
9.636
9.793
9.897
9.480
9.845
9.637
9.741
9.689
9.689
9.637
9.793
9.792
9.950
9.792
9.637
9.793
9.689
9.740
9.689
9.897
9.585
4.740
6.563
9.949
9.897
10.053
9.793
9.689
9.897
9.793
9.793
9.636
9.897
9.689
9.689
9.741
9.793
9.793
9.741
9.793
9.741
9.688
9.792
9.637
9.636
9.897
10.001
9.688
9.585
9.793
9.689
9.689
9.793
9.792
9.688
9.689
9.949
9.845
9.793
9.793
9.793
9.688
9.793
10.053
9.688
46.881
6.199
6.928
9.272
9.793
9.585
9.949
9.740
9.897
9.689
9.793
9.740
9.845
9.689
9.897
10.106
9.689
9.897
9.584
9.897
9.585
9.688
9.689
9.793
9.688
9.897
9.689
9.740
9.740
9.741
9.793
9.689
9.897
9.740
9.689
9.689
9.740
9.792
9.793
9.741
9.741
9.584
9.793
9.845
4.688
6.198
6.980
10.001
9.792
9.689
9.793
9.689
9.740
9.793
9.584
10.002
9.793
9.688
9.741
9.636
9.792
9.689
9.793
9.688
9.689
9.584
9.741
9.845
9.584
9.741
9.793
9.689
9.844
9.688
9.741
9.793
9.688
9.845
9.845
9.689
9.740
9.689
9.636
9.689
9.793
9.689
9.740
9.689
9.740
37.816
6.720
4.688
9.792
9.688
9.897
9.793
9.897
9.585
9.740
9.688
9.689
9.688
9.585
9.741
9.688
9.793
9.741
9.584
10.001
9.637
9.793
9.845
9.688
9.793
9.897
9.585
9.688
9.792
9.689
9.688
9.741
9.585
9.636
9.793
