9.585
9.324
7.292
9.324
9.428
12.085
9.428
9.429
9.271
9.376
8.699
8.907
9.376
7.970
9.428
8.074
9.376
8.699
4.688
4.688
6.980
9.481
9.532
9.272
8.803
8.230
9.168
8.594
8.074
9.220
9.012
8.699
9.012
8.126
9.376
9.428
9.116
8.907
8.803
8.126
9.063
9.584
9.584
9.168
8.022
8.543
8.699
7.969
8.856
9.220
9.376
7.970
9.533
9.324
9.167
8.803
9.689
9.064
8.022
7.970
9.324
9.532
9.115
29.847
4.792
6.095
4.689
9.272
7.918
8.855
8.699
8.126
9.376
9.584
9.481
9.220
8.126
9.220
9.063
9.376
9.168
9.377
7.866
8.751
8.699
9.272
8.804
8.126
9.115
8.022
8.803
8.074
9.272
9.167
8.803
8.803
9.376
7.969
8.543
7.865
9.636
9.115
8.803
9.220
8.803
7.917
45.943
9.168
8.908
9.219
9.324
9.532
8.074
9.376
9.584
9.115
7.970
8.804
9.324
9.063
9.272
8.021
8.803
8.699
8.126
9.168
7.865
9.532
9.116
9.637
7.970
9.376
7.970
8.022
9.220
9.220
9.532
8.803
7.970
9.376
7.865
9.480
7.917
8.803
9.480
9.220
7.866
9.428
8.803
8.855
46.776
8.022
9.376
9.324
8.699
8.751
9.480
9.220
8.803
7.866
8.074
9.481
8.751
9.376
9.168
8.126
9.324
8.074
7.814
9.272
8.126
9.428
9.272
9.585
9.063
8.907
9.480
9.168
9.272
8.855
7.969
8.021
9.064
7.917
8.699
8.073
9.324
9.116
7.866
9.532
8.074
9.376
9.220
9.324
7.918
9.481
9.116
9.584
8.022
9.428
9.167
9.428
9.324
9.428
8.907
8.074
9.272
9.220
8.073
9.272
9.116
8.126
9.376
9.116
9.376
7.918
9.116
8.022
9.324
9.220
8.543
8.751
9.637
8.804
9.220
9.480
9.116
8.074
9.272
8.126
9.168
9.220
8.699
7.866
7.866
9.480
8.178
9.428
9.376
8.751
8.803
9.220
8.699
8.699
8.074
9.376
8.803
7.918
9.376
8.022
9.481
7.970
7.918
8.699
9.480
8.022
8.699
7.917
9.533
9.324
8.126
9.272
8.803
9.480
9.220
8.022
9.219
8.074
9.324
8.126
9.376
8.021
9.428
9.220
8.803
9.272
9.533
7.970
8.699
8.021
9.116
9.011
8.073
9.428
8.074
7.918
9.168
8.803
7.917
8.073
9.324
8.022
8.699
7.969
8.803
7.918
9.272
8.021
9.428
8.699
9.220
8.699
8.699
8.803
8.751
9.429
8.074
8.699
9.584
8.022
8.022
9.324
9.324
9.219
8.855
8.073
9.376
8.803
7.917
9.689
9.220
8.074
7.918
8.595
9.376
8.646
9.428
8.022
9.063
8.907
8.699
9.428
7.970
9.376
8.074
9.480
8.907
8.803
9.481
9.116
7.918
9.428
7.970
9.272
8.803
7.866
8.751
8.126
9.376
8.022
8.907
9.376
9.012
8.022
9.481
8.803
8.126
9.428
7.918
7.918
8.178
9.324
9.220
7.970
9.167
9.115
8.803
4.740
6.564
6.198
7.710
8.751
9.532
8.959
7.814
8.074
9.272
8.803
8.022
9.324
8.178
9.220
9.011
8.855
8.126
9.376
8.074
9.377
8.074
9.377
9.168
8.699
9.584
9.220
8.699
8.803
8.803
8.178
9.376
7.970
9.324
9.168
9.480
9.115
7.970
8.074
8.699
9.585
9.168
9.376
8.856
7.970
5.678
6.719
5.782
9.689
4.688
9.480
9.167
9.272
7.969
9.480
9.272
9.480
7.917
9.376
9.116
9.272
9.271
8.803
9.428
9.116
8.126
9.584
8.959
8.699
8.803
8.022
9.481
9.585
8.022
8.803
8.021
8.647
8.751
8.804
8.022
8.021
9.532
8.022
7.918
8.022
9.272
8.021
8.699
9.167
9.220
9.376
8.074
7.866
9.532
8.074
8.908
8.022
9.272
8.073
8.594
9.376
9.324
9.428
8.751
8.022
8.751
9.532
9.011
7.866
8.803
8.699
8.126
9.272
8.074
8.595
7.918
8.074
9.324
9.637
8.803
7.969
8.803
9.271
8.022
7.918
9.324
9.012
7.814
8.282
9.324
9.220
8.022
9.168
9.428
8.595
8.022
9.428
9.012
9.168
8.595
8.699
7.969
9.480
9.012
7.866
8.699
8.751
8.699
9.532
8.751
8.022
9.324
9.012
9.272
9.064
7.866
7.970
9.376
9.220
9.220
8.699
7.814
8.022
9.428
8.907
8.074
9.168
8.022
9.272
8.074
9.533
7.918
8.074
9.376
9.116
8.074
8.908
8.803
9.584
8.074
9.220
9.688
9.115
7.917
9.324
8.178
8.699
8.595
8.803
9.480
8.021
9.585
9.272
9.271
9.168
9.533
9.584
9.063
9.324
9.584
7.970
8.804
9.480
9.220
9.480
9.480
9.167
9.480
8.021
9.376
8.074
9.428
8.074
9.532
7.969
7.970
8.751
8.022
9.168
8.856
7.866
9.533
8.907
8.699
8.074
9.324
8.022
9.272
9.115
8.803
8.803
8.021
9.272
8.803
9.637
8.908
9.532
8.074
8.803
8.803
9.376
8.126
9.220
8.803
8.178
9.220
8.804
7.970
9.428
9.220
9.584
9.220
9.272
7.970
9.533
9.272
9.480
7.969
8.647
9.481
9.168
9.324
44.276
9.063
8.803
8.126
9.272
9.219
7.969
9.480
8.074
9.324
8.231
9.168
8.022
9.533
7.918
8.699
8.803
9.219
9.480
7.969
9.532
8.230
9.168
8.803
9.115
8.022
9.376
8.074
9.376
9.012
8.074
9.532
9.116
8.595
7.918
9.272
9.219
8.699
8.074
9.063
8.022
9.324
8.021
9.376
9.168
9.168
8.907
7.969
7.918
7.918
9.585
9.584
9.219
8.907
8.856
9.584
9.115
8.074
7.917
9.324
9.220
9.584
8.021
8.021
9.272
9.168
9.220
9.116
9.585
8.803
9.532
8.022
9.220
9.272
8.699
8.803
8.751
9.377
8.803
7.866
7.970
9.429
8.699
8.126
9.376
8.021
9.168
44.276
6.303
9.220
9.272
9.220
8.803
9.428
8.282
9.219
8.751
9.116
9.481
8.803
8.803
8.751
8.074
9.272
9.220
8.074
9.324
7.866
9.428
8.803
8.699
8.126
9.220
7.918
8.126
9.324
8.803
7.969
8.021
9.428
8.021
9.480
8.804
9.429
9.011
8.022
9.532
8.179
9.272
8.022
8.699
9.376
9.532
9.116
8.699
8.074
9.376
9.167
8.126
9.480
8.073
9.480
8.073
9.480
8.022
9.428
8.074
9.532
8.907
8.699
9.376
8.074
9.480
9.480
9.064
7.866
9.220
8.908
7.866
7.918
9.272
9.115
9.584
7.917
8.803
8.022
9.272
9.116
9.637
9.220
8.022
7.918
9.324
8.126
7.917
9.376
9.481
8.803
8.126
8.647
9.533
8.022
8.647
8.752
8.022
9.272
8.699
8.074
8.490
8.908
8.803
8.803
8.803
8.699
9.688
9.011
8.699
7.970
7.918
9.376
8.959
7.918
7.866
9.377
9.428
8.074
8.022
9.272
9.116
9.480
7.918
9.376
9.116
8.074
9.272
8.855
9.220
9.272
9.011
9.220
8.126
9.324
8.803
8.074
9.428
8.803
8.178
9.272
9.324
9.272
9.219
9.376
7.917
8.126
9.220
9.116
8.022
9.324
9.584
9.220
9.376
8.074
9.220
9.220
9.428
9.115
7.969
9.376
9.116
9.585
8.126
9.324
8.855
8.125
9.272
9.272
9.480
8.178
9.324
9.116
8.126
44.693
6.303
4.792
7.709
8.646
8.751
9.428
7.866
8.022
9.584
8.074
9.429
8.803
7.918
8.230
9.220
9.585
9.220
9.428
8.126
9.272
7.970
8.803
7.866
8.022
8.699
9.324
9.220
9.063
8.230
9.324
7.917
9.584
8.804
9.011
9.220
7.970
9.533
9.324
9.324
8.699
8.803
9.220
9.168
8.021
46.047
9.272
9.272
7.866
8.595
8.908
9.428
8.022
9.688
9.585
8.022
9.271
9.636
9.637
9.168
9.481
7.970
8.699
9.636
7.970
7.969
9.324
9.220
9.064
9.585
8.907
8.126
8.595
7.970
8.699
8.699
7.969
8.126
9.272
7.866
7.918
9.219
9.219
9.428
8.803
8.074
9.220
9.272
9.324
9.324
9.324
9.480
7.970
7.866
8.647
8.074
9.584
9.324
9.324
9.168
8.803
9.533
9.116
8.699
9.428
7.970
8.126
9.115
8.126
9.324
