9.532
7.709
7.032
7.710
7.709
7.709
7.084
9.116
7.761
7.709
7.032
7.136
11.407
9.220
7.813
7.709
8.386
7.761
7.709
7.709
8.387
7.761
7.710
7.814
9.220
7.813
7.761
9.115
7.918
7.709
8.387
7.814
8.491
7.710
7.710
36.515
4.792
6.303
4.740
9.011
7.866
8.491
7.762
7.710
7.813
9.168
7.814
7.710
7.709
7.709
7.761
8.386
7.762
7.814
9.168
7.761
7.710
7.762
7.814
8.439
7.814
8.438
7.813
7.710
7.710
8.386
7.709
7.709
7.762
7.762
7.709
7.657
8.595
7.709
7.761
9.220
7.814
7.814
7.709
7.813
7.813
7.657
6.095
6.876
7.762
7.762
9.219
7.761
7.813
7.709
7.710
7.657
7.813
7.709
7.658
7.761
9.272
7.709
7.709
7.813
9.064
7.710
7.657
7.709
7.710
7.762
7.709
7.761
7.813
7.709
8.491
7.813
7.710
7.709
7.761
8.439
7.813
7.709
7.657
7.762
8.387
7.709
7.865
7.709
7.761
43.495
6.876
8.386
9.011
7.813
7.709
7.709
7.814
7.709
7.710
7.709
7.657
7.710
7.709
7.709
7.814
7.814
7.709
7.709
7.814
7.814
7.709
7.761
7.709
7.710
7.709
8.855
7.658
7.761
7.761
7.657
7.709
7.710
8.387
7.761
7.709
7.814
7.657
7.709
7.813
7.814
7.709
7.813
7.813
9.064
8.803
7.709
4.740
6.719
8.908
7.709
7.813
7.813
7.813
7.710
7.709
7.709
7.709
7.814
9.220
7.813
7.709
7.813
7.709
8.439
7.814
7.814
8.491
7.710
8.491
7.710
7.814
9.220
7.709
7.761
7.710
7.709
9.064
7.814
7.657
7.709
7.814
8.387
7.710
7.709
7.761
7.813
9.116
7.709
7.813
7.813
7.710
4.688
6.668
9.011
7.657
7.814
7.814
7.657
7.710
7.710
7.709
7.761
7.813
8.386
7.709
7.709
7.814
9.220
7.761
7.709
7.814
7.709
7.709
7.709
8.491
7.761
7.710
7.761
9.220
7.762
7.866
7.814
7.709
7.813
8.490
7.709
7.762
7.813
7.709
7.762
7.814
8.387
7.709
7.709
7.813
9.167
7.709
5.261
6.720
9.116
4.689
9.167
7.709
7.709
7.814
7.761
7.709
7.761
7.813
9.167
7.709
7.709
7.814
7.710
7.761
7.761
7.813
8.386
7.813
7.813
8.386
7.814
7.814
7.657
7.813
7.709
9.220
7.709
7.813
7.866
7.710
7.813
8.386
7.761
7.813
7.709
7.709
7.710
7.814
7.762
7.813
7.709
4.688
6.980
7.710
7.709
7.657
7.710
7.710
7.813
7.761
8.386
7.709
7.710
7.814
7.813
8.438
7.709
7.709
7.710
7.709
7.761
7.709
8.491
7.710
7.814
7.814
8.387
7.762
7.814
7.813
9.168
7.709
8.803
8.803
7.709
8.804
7.709
7.657
7.710
7.761
7.761
7.813
7.813
7.709
7.709
7.709
7.710
6.094
4.741
5.209
7.084
8.438
7.761
7.709
7.657
7.813
9.011
7.709
7.761
7.761
7.814
7.710
7.813
7.709
7.709
7.814
8.491
7.710
7.709
7.709
7.814
9.168
7.709
7.814
7.709
7.709
7.709
7.762
7.709
7.761
7.709
7.710
7.709
7.761
7.813
8.386
7.709
7.709
7.813
7.657
7.762
7.761
7.709
7.709
4.688
6.407
4.688
7.084
8.959
7.709
7.813
8.387
7.709
7.657
7.658
7.813
7.709
7.709
7.709
7.761
7.814
7.710
7.813
7.709
7.710
7.761
7.709
7.813
7.813
9.220
7.709
7.709
7.709
7.709
8.804
7.761
7.709
7.709
7.761
7.761
8.387
7.709
7.709
7.709
7.710
7.709
7.865
7.709
7.814
42.297
6.719
7.813
7.813
9.116
7.709
7.761
7.761
7.813
7.710
7.709
7.813
8.386
7.709
7.814
7.709
7.761
7.709
7.866
7.709
7.761
8.438
7.709
7.814
7.709
7.709
7.709
7.814
7.761
7.657
7.709
7.709
8.491
7.710
7.709
7.761
8.386
7.761
7.813
7.813
7.709
8.595
7.762
7.709
7.709
7.761
8.386
4.793
6.407
9.116
7.813
7.813
7.658
8.595
7.709
7.814
8.387
7.761
7.813
8.386
7.813
7.709
7.762
8.491
7.813
8.386
7.814
7.710
7.761
7.709
7.813
9.063
7.761
7.709
7.657
7.709
7.813
7.761
7.709
7.762
7.709
7.709
7.761
7.657
8.491
8.386
7.710
7.762
7.761
7.813
8.386
7.813
6.303
6.302
7.136
7.813
7.709
7.710
7.710
7.709
8.491
7.710
7.761
7.709
7.710
7.761
7.709
7.761
8.438
7.709
7.709
7.761
8.542
9.064
7.709
7.709
7.761
7.710
8.387
7.814
7.814
7.710
8.386
7.813
7.761
7.761
7.814
7.709
7.813
8.386
7.814
7.761
7.761
7.709
7.710
7.709
7.709
8.490
6.095
6.824
8.803
7.761
7.761
7.710
7.762
7.813
8.491
7.761
7.709
7.709
9.272
7.813
7.709
7.710
7.814
7.762
7.709
7.709
8.439
7.814
7.814
7.710
7.709
7.709
7.710
7.709
7.709
7.813
7.709
7.709
7.710
7.814
7.709
7.813
8.490
8.543
7.813
7.657
7.761
7.709
7.709
8.386
7.813
5.521
6.719
8.543
6.615
9.116
7.814
7.814
7.814
8.387
7.814
7.709
7.813
7.709
7.814
8.491
7.709
7.814
8.387
7.814
7.814
9.220
7.814
7.709
7.814
7.709
7.813
8.386
7.761
7.761
7.709
9.272
7.813
7.709
7.813
7.814
7.710
8.491
7.814
7.814
8.439
7.709
7.709
7.813
7.813
8.491
7.710
5.469
6.980
7.240
7.709
7.814
7.814
7.814
8.387
7.813
7.709
7.813
7.709
9.272
7.813
7.917
7.709
7.813
7.710
9.064
7.814
7.814
7.813
8.491
7.814
7.762
7.813
9.168
8.855
7.813
7.709
7.813
7.710
7.814
7.813
8.438
8.491
7.658
7.813
7.813
8.959
7.761
7.709
7.709
8.543
43.390
6.199
5.625
7.188
8.386
7.762
7.709
7.709
7.709
7.814
7.814
9.116
8.908
7.710
7.709
7.657
7.762
7.813
7.813
7.709
7.709
7.814
9.012
8.803
7.709
7.709
7.710
7.709
7.709
7.710
7.709
7.709
7.813
7.657
7.709
7.761
7.709
7.710
7.813
7.761
8.386
7.709
7.814
7.762
8.439
7.709
7.709
6.147
6.719
9.011
7.814
7.814
9.168
7.814
7.814
7.866
7.709
8.543
7.814
8.595
7.814
7.709
8.491
7.814
9.168
7.813
7.761
7.710
7.813
7.761
7.709
7.710
7.813
9.220
7.762
7.814
7.709
7.813
7.709
7.762
7.761
9.272
7.710
7.709
7.813
7.709
7.709
7.709
9.272
7.709
7.710
7.814
7.762
6.199
6.719
8.907
5.157
9.220
7.866
7.710
8.595
7.709
8.491
7.865
9.272
7.814
7.814
7.709
7.709
7.813
9.167
7.813
7.710
7.709
7.709
7.709
7.710
7.813
7.813
7.709
7.709
7.813
9.219
7.813
7.709
7.813
7.709
7.814
7.814
8.386
7.813
7.709
8.594
7.813
7.813
8.438
7.813
43.234
6.512
6.303
7.084
7.709
7.709
7.709
7.813
7.814
7.710
7.709
7.813
7.709
7.762
7.709
8.386
7.761
7.762
7.710
7.657
7.709
7.814
8.439
7.762
7.710
7.814
8.491
7.710
8.439
7.709
7.709
7.761
7.710
7.709
7.761
7.657
8.491
7.709
7.762
7.709
7.709
7.762
7.709
7.709
7.710
7.709
7.709
38.754
6.251
6.303
7.240
9.115
7.761
7.813
7.813
7.658
7.709
7.813
9.063
7.709
7.709
7.814
7.709
9.168
7.710
7.813
7.813
7.813
8.490
7.709
7.709
7.710
7.709
7.813
8.386
7.761
7.813
7.813
9.115
7.865
7.813
7.709
7.814
8.439
7.710
7.710
7.709
7.813
7.813
8.387
7.710
7.761
38.182
6.511
6.199
9.116
7.865
7.813
7.710
8.387
7.762
7.814
7.761
7.813
9.011
8.803
7.761
7.813
7.761
8.386
7.762
7.710
7.709
7.761
8.438
7.813
7.709
7.709
7.814
7.709
8.386
7.709
7.761
7.813
9.168
7.709
7.710
7.762
7.657
7.709
7.761
7.710
7.709
7.657
7.761
8.490
7.709
7.814
7.709
6.303
6.719
8.907
4.740
9.116
