31.827
21.201
16.304
22.190
24.846
24.586
10.626
67.144
11.408
17.033
20.159
100.897
103.918
55.424
10.002
96.261
52.610
11.720
49.172
51.985
48.964
13.595
12.918
16.877
21.982
13.960
54.798
28.077
13.127
52.090
23.388
38.754
21.773
23.597
17.971
28.910
32.816
10.887
62.716
76.363
34.587
20.471
22.190
23.023
14.325
39.745
34.379
12.866
9.064
9.480
13.126
48.964
10.678
13.074
23.596
47.662
24.065
10.730
38.181
40.474
100.741
54.173
22.398
11.251
15.575
38.911
21.408
24.014
9.689
59.798
15.002
52.662
149.445
10.783
33.338
12.188
19.690
14.637
29.743
24.951
51.881
37.817
40.682
10.782
21.617
28.181
14.428
14.169
51.777
18.023
10.991
22.554
27.556
35.004
11.615
18.909
41.307
28.545
32.504
31.045
80.739
35.420
14.585
53.808
120.900
20.523
19.012
13.804
15.887
70.008
19.325
12.970
22.555
32.764
34.275
95.844
64.956
42.974
54.798
9.688
10.314
22.919
11.199
40.317
47.401
11.877
19.637
23.701
17.710
61.101
27.815
26.305
10.157
11.095
89.282
11.668
28.857
6.042
50.058
44.797
26.096
14.585
70.529
52.402
64.330
15.314
156.320
86.677
63.236
24.117
12.137
38.911
11.616
76.415
43.338
45.318
31.774
37.921
54.173
24.013
57.246
20.679
30.733
18.752
10.522
22.346
13.648
13.492
14.793
13.595
27.712
19.586
8.438
12.032
11.981
35.056
10.522
22.554
53.600
9.376
35.421
13.075
50.422
107.356
70.321
31.410
45.526
69.643
80.582
18.388
58.808
11.616
15.314
13.075
14.064
37.817
18.179
12.866
47.245
11.981
20.106
50.839
21.045
11.511
46.985
55.892
10.418
48.130
23.909
44.589
23.336
19.169
24.066
15.053
17.971
10.001
16.200
29.899
26.930
42.349
40.473
60.580
6.199
22.451
15.522
18.336
67.976
11.199
52.611
26.514
13.804
17.607
12.032
43.495
53.183
20.106
77.249
46.255
16.148
22.503
17.606
39.848
30.681
25.784
9.532
11.512
31.774
18.023
21.096
74.540
7.866
64.799
7.709
48.495
8.386
51.725
28.597
11.356
11.564
21.460
40.891
10.522
79.541
53.496
10.627
23.128
31.931
22.607
59.382
6.720
14.012
12.346
27.712
12.397
27.191
16.981
10.210
26.305
83.812
32.972
23.336
19.221
37.348
54.382
25.420
10.730
70.685
36.150
10.105
10.001
16.200
28.857
62.976
57.195
10.522
19.221
18.596
20.835
17.971
24.795
30.836
35.577
35.681
28.701
28.597
36.150
12.918
18.492
18.023
15.419
38.702
29.483
87.354
19.221
61.465
72.717
17.606
72.977
30.264
68.029
14.220
17.554
10.158
69.539
20.888
22.399
20.992
16.304
20.263
9.220
18.284
157.570
18.127
64.174
10.574
67.404
19.638
11.147
29.587
79.436
9.272
28.388
9.689
54.798
38.129
29.795
47.193
12.032
9.897
72.352
41.463
50.475
11.773
46.932
44.328
11.564
13.960
24.898
83.760
16.460
23.179
24.118
29.951
58.184
24.013
33.702
55.996
27.295
43.077
33.024
44.589
21.304
21.305
36.515
38.546
20.523
35.317
11.147
61.257
6.771
15.627
17.190
12.918
28.493
17.867
30.889
9.480
10.522
41.098
31.931
20.107
69.851
23.700
22.867
26.513
43.964
50.683
65.060
26.409
11.407
21.565
12.085
111.263
20.211
73.238
14.064
15.835
26.722
14.064
40.525
18.231
17.815
187.366
39.588
40.161
19.690
42.505
32.348
28.493
131.995
6.407
25.107
14.429
57.871
28.024
24.847
53.496
74.696
19.117
14.897
121.004
50.319
13.127
30.576
45.474
16.408
9.324
34.952
18.700
102.772
52.819
62.039
44.797
96.730
16.929
42.713
22.763
17.189
10.991
38.286
71.311
14.428
32.192
16.877
47.922
15.419
20.107
11.095
15.314
28.285
25.941
11.199
12.970
30.681
64.799
23.545
9.897
10.626
43.859
61.048
81.781
95.271
45.526
144.600
46.203
16.512
11.304
17.189
58.549
10.679
9.324
19.377
9.219
15.575
25.576
28.545
83.812
20.003
49.172
13.491
12.970
40.421
51.048
7.813
19.586
19.116
11.460
60.163
28.806
28.441
12.605
36.567
54.329
14.376
10.522
17.555
63.497
39.484
17.034
74.800
13.595
67.247
17.711
15.992
10.105
81.937
46.984
15.835
93.293
50.267
21.045
14.012
84.957
31.983
33.077
33.754
22.867
15.001
11.408
13.179
11.252
21.252
13.335
27.451
38.181
25.628
8.699
11.199
22.450
11.304
14.793
17.242
10.105
16.825
26.721
14.950
20.419
16.564
26.097
37.973
10.938
16.304
77.144
12.814
86.104
17.293
40.630
19.481
7.813
24.691
13.543
10.730
25.680
18.804
13.491
23.180
27.868
14.898
12.658
37.921
20.627
10.366
24.065
54.485
122.827
22.346
28.597
26.774
10.366
27.399
16.043
15.575
11.668
28.284
9.845
9.272
10.991
35.213
77.821
28.701
46.933
35.785
30.212
9.688
10.887
75.321
29.378
38.338
9.740
45.631
18.179
17.502
23.180
19.012
10.418
22.971
9.272
20.314
30.889
29.274
36.515
102.303
49.225
16.825
12.814
15.366
10.782
23.336
7.709
13.074
10.679
17.397
12.710
25.992
28.285
128.192
44.380
58.184
44.589
48.911
15.158
35.317
16.929
26.721
12.398
43.651
65.841
26.514
15.106
64.903
34.170
75.947
11.721
16.252
99.960
36.359
18.648
23.284
15.731
50.058
43.651
77.301
28.389
19.481
17.867
11.252
29.222
34.899
11.356
8.021
39.744
36.358
70.060
13.179
27.608
26.879
63.809
19.794
11.928
19.482
36.306
72.612
38.651
45.005
32.243
36.358
44.797
20.940
10.106
22.763
84.697
11.928
24.065
32.191
32.191
18.075
15.731
9.584
21.409
59.955
6.720
19.064
26.722
18.909
23.179
71.311
9.740
20.992
14.429
15.574
87.927
31.410
15.939
69.956
46.620
21.669
43.703
36.775
10.678
19.742
11.668
9.897
43.964
71.935
82.562
36.931
12.033
57.820
56.153
40.109
20.784
36.566
28.024
18.231
88.239
36.306
16.460
18.492
39.223
55.944
12.345
93.917
15.575
27.399
59.382
14.637
13.179
20.887
124.181
15.002
50.266
31.462
38.338
11.095
56.725
23.648
9.793
14.324
17.294
9.480
27.972
39.901
89.541
9.168
7.657
11.877
94.125
34.171
37.139
7.762
22.919
65.164
29.223
49.172
37.661
13.492
20.262
16.200
10.678
32.348
17.866
17.033
9.741
25.107
13.335
103.084
11.928
19.325
36.984
55.631
70.165
139.288
26.306
17.189
31.202
13.387
27.191
25.055
59.798
38.755
54.538
9.688
77.301
20.263
16.148
68.133
11.564
21.825
10.991
11.095
31.045
36.098
58.965
13.126
38.286
21.565
19.689
24.014
33.076
25.993
26.305
43.911
12.137
50.266
9.689
21.617
10.991
17.190
19.586
69.643
25.420
9.584
34.014
14.481
49.745
14.794
29.587
36.254
14.741
20.367
46.672
76.988
12.449
19.429
19.377
12.814
20.315
30.524
19.742
9.688
13.335
39.745
53.600
67.820
23.857
9.480
18.961
33.285
61.986
237.892
12.919
39.692
17.086
15.731
125.848
46.412
16.564
26.930
20.471
17.815
91.573
31.046
10.731
10.314
24.065
9.793
20.054
13.075
79.644
30.056
13.491
35.368
78.603
24.326
19.429
17.658
40.057
10.105
25.420
47.193
173.823
19.690
9.168
79.488
28.805
52.298
14.012
44.119
25.160
29.952
56.257
12.658
18.388
26.097
27.504
35.420
47.714
25.576
12.084
33.546
14.272
13.283
17.086
31.878
83.291
14.012
24.743
18.700
46.463
75.634
9.688
15.210
86.208
103.033
46.933
32.347
26.878
39.328
55.163
52.767
59.018
54.277
13.387
12.032
22.190
27.660
37.608
26.983
71.675
14.690
33.858
30.680
9.272
23.805
10.783
13.283
20.106
33.754
37.765
27.504
18.075
9.063
7.709
39.536
14.429
16.617
12.970
161.998
11.981
71.623
31.410
24.899
12.032
25.316
67.455
72.248
101.939
28.389
117.774
17.398
11.407
146.945
13.283
19.690
30.889
9.584
12.658
9.949
11.824
16.043
48.235
79.905
9.532
40.942
16.773
15.731
41.307
57.558
17.502
11.408
76.832
22.138
44.641
28.857
12.814
62.091
25.940
19.534
48.495
23.492
19.325
69.435
18.439
10.522
31.045
13.856
97.095
10.887
35.264
38.703
