9.428
9.376
9.845
7.084
9.689
10.470
10.470
8.490
7.917
10.470
10.106
10.105
10.418
10.313
10.210
10.106
10.106
10.418
9.011
10.313
9.064
10.105
10.366
8.491
6.564
7.188
4.740
10.313
10.366
10.418
10.366
9.116
10.314
7.866
10.314
10.418
10.105
10.366
10.158
10.418
7.813
10.261
7.917
10.313
8.907
10.418
10.106
10.262
10.313
10.105
10.262
10.314
10.366
7.917
10.366
10.366
10.418
7.866
8.907
10.261
10.314
10.054
10.054
8.491
7.814
10.106
10.106
10.106
10.366
33.545
5.261
4.688
10.314
10.106
10.418
10.366
10.314
7.814
7.814
10.366
10.106
10.105
10.105
10.365
8.907
10.105
10.001
10.418
10.261
10.366
10.158
10.106
7.866
10.366
10.001
10.314
8.594
10.105
8.490
10.418
7.866
8.491
10.418
10.313
7.865
10.314
10.366
10.313
10.418
10.314
10.313
10.366
4.740
10.991
10.522
7.918
10.053
10.470
10.210
10.365
7.813
10.105
10.418
10.314
10.418
7.865
10.365
10.105
10.366
9.272
10.209
10.314
9.116
10.366
10.313
9.011
9.011
10.314
10.313
10.418
10.314
10.261
10.053
10.314
10.418
10.314
10.105
10.105
10.261
10.366
10.366
10.470
10.314
8.595
10.001
10.313
9.116
4.792
4.792
6.980
10.731
10.158
10.314
10.365
10.366
10.106
10.418
10.313
10.313
10.053
10.418
10.313
10.470
10.106
10.262
10.314
10.209
10.262
10.470
10.313
10.366
10.314
10.313
10.262
10.366
10.053
10.106
10.418
10.313
10.105
10.105
10.366
10.314
10.314
10.470
7.866
10.418
9.011
10.313
10.366
10.106
10.366
6.668
7.084
10.418
10.106
10.366
7.396
9.741
10.313
10.470
10.157
10.418
10.106
10.106
10.314
8.907
10.106
10.314
10.313
10.314
10.469
10.366
10.417
10.418
10.314
10.470
10.418
10.417
10.366
10.106
10.418
10.365
10.366
10.470
10.314
10.418
10.314
10.418
10.314
10.366
10.470
10.105
10.313
10.470
32.243
4.688
5.261
9.792
10.313
8.907
10.366
9.116
9.011
10.261
10.314
10.314
10.417
10.418
10.314
10.313
10.314
10.105
9.011
10.314
10.418
10.470
10.418
7.761
8.543
7.866
7.866
10.105
10.261
10.418
10.418
10.314
10.366
10.417
10.418
10.053
10.105
7.917
10.366
10.158
10.106
10.314
10.261
10.418
10.314
35.004
4.740
4.688
6.251
10.418
9.376
9.637
7.865
10.418
9.115
10.105
10.314
10.470
10.470
8.908
10.314
10.418
7.918
10.106
10.001
10.001
10.418
10.366
10.366
10.470
10.106
10.418
10.157
10.105
10.366
10.366
10.470
10.366
10.366
10.418
10.314
10.105
10.313
9.220
10.418
10.313
10.105
10.470
10.313
10.418
4.688
4.792
5.626
9.585
10.418
10.313
9.116
10.314
10.054
10.366
7.761
8.490
10.418
9.168
10.365
10.105
10.366
10.314
10.314
10.365
9.116
9.116
10.418
9.220
10.261
10.418
8.907
9.012
10.366
9.167
10.470
10.417
10.418
10.417
10.314
10.105
10.417
10.314
10.366
9.167
10.418
10.314
10.313
10.314
10.418
33.337
6.147
4.688
5.886
10.470
7.813
10.105
10.157
10.365
10.470
10.470
10.314
10.366
10.418
10.314
10.209
9.220
10.314
10.314
10.105
7.813
10.314
10.261
10.418
10.417
10.158
10.366
10.313
10.262
10.105
8.490
10.314
10.106
10.314
7.814
10.418
10.313
10.261
10.314
10.417
9.116
8.908
10.105
7.813
10.313
4.689
4.688
6.772
7.396
10.523
10.210
10.106
10.366
10.209
7.813
10.105
10.261
10.313
10.418
10.313
10.366
10.158
10.366
10.470
10.418
10.313
10.418
10.366
7.814
10.314
10.106
7.866
10.314
9.272
10.418
10.106
10.418
10.366
9.116
7.814
10.158
10.001
7.813
10.157
10.470
10.365
10.314
10.262
10.417
10.470
34.900
4.792
6.824
10.470
6.667
7.188
7.814
10.054
10.366
7.918
10.106
7.814
10.106
10.366
10.470
9.116
10.106
10.418
10.105
8.960
10.418
10.314
10.210
7.814
10.418
8.959
10.365
10.262
10.314
10.314
10.105
7.917
10.313
10.366
10.314
10.261
10.418
10.314
10.106
10.365
10.314
10.418
9.168
7.813
35.629
4.793
6.928
9.792
10.105
8.543
10.470
9.115
10.314
10.366
10.313
10.314
10.054
10.366
9.011
10.313
10.314
10.314
10.105
9.219
10.418
10.366
10.313
8.543
7.814
7.814
7.813
10.314
10.314
10.366
10.470
10.262
10.365
10.418
10.261
7.813
10.418
10.366
10.314
10.157
10.417
10.105
10.105
10.365
10.470
9.115
6.095
6.928
10.418
8.490
10.157
9.272
8.908
10.262
10.105
10.105
9.012
10.366
8.490
7.865
7.865
7.813
10.314
10.314
10.262
8.959
8.908
10.522
10.418
10.158
7.762
10.366
10.313
8.543
10.314
10.314
10.470
9.116
10.313
10.314
10.158
10.365
10.366
7.813
10.106
10.365
10.314
10.106
10.314
10.314
8.907
4.688
4.792
6.668
10.470
10.314
10.105
10.105
9.220
10.001
7.918
10.418
10.365
9.220
7.970
10.106
10.365
10.262
10.418
10.313
10.366
9.064
10.418
10.366
10.418
10.417
7.813
7.813
10.418
10.418
10.366
10.314
7.813
7.813
7.918
7.814
10.418
10.366
10.105
10.158
9.012
10.418
10.105
10.313
7.813
10.105
4.688
4.793
6.824
10.470
6.719
7.136
10.417
10.470
7.813
10.470
10.366
10.209
10.105
10.418
10.106
10.314
10.313
10.418
7.814
10.106
10.262
8.908
7.866
10.418
10.366
10.106
10.366
8.908
10.158
7.918
7.814
7.814
7.813
10.314
10.262
10.106
10.418
10.209
10.157
9.116
7.970
10.105
10.105
10.105
7.917
7.865
32.087
6.147
7.084
9.845
10.418
10.418
10.314
9.220
10.470
10.418
10.366
10.418
10.313
10.314
10.262
10.313
10.366
10.106
10.314
10.105
10.106
10.366
10.314
10.209
9.116
8.908
10.835
9.116
7.814
10.105
7.813
10.470
10.106
10.366
10.418
7.762
10.418
10.470
10.314
9.220
10.053
10.313
8.959
10.418
4.688
6.615
6.928
7.189
10.054
7.918
10.105
10.470
10.418
9.115
9.115
10.105
10.366
10.366
9.167
9.063
10.314
10.158
10.366
7.813
10.470
9.116
10.418
10.366
7.918
7.814
10.366
10.314
7.813
10.418
10.366
10.365
10.105
10.366
10.366
7.813
7.866
10.366
10.418
10.001
8.699
7.814
10.106
8.491
10.366
10.313
4.688
4.688
6.928
10.626
10.418
10.157
10.418
10.106
10.158
10.106
10.418
10.261
10.314
9.116
10.365
9.011
10.418
10.418
10.314
10.053
10.366
10.105
10.417
10.418
10.314
10.366
10.314
10.418
10.261
10.105
10.105
10.210
10.418
10.105
10.418
10.105
10.418
10.313
10.105
10.314
10.314
8.594
10.418
10.418
4.740
6.771
8.595
9.584
10.313
10.314
10.418
10.366
10.418
10.157
10.209
10.001
10.053
7.761
10.105
9.949
10.053
10.366
10.418
10.001
10.366
10.313
10.210
10.418
10.313
10.366
8.491
10.366
10.313
10.418
10.366
7.813
10.418
10.418
10.314
7.761
7.814
10.053
9.116
10.105
10.105
7.813
10.106
9.272
10.261
4.688
4.688
6.720
9.376
10.470
10.313
10.418
9.116
10.313
8.542
10.418
10.314
10.261
10.314
10.106
10.366
10.313
10.053
10.417
10.314
10.418
10.105
7.813
10.262
10.105
9.011
10.261
10.105
10.366
10.314
8.386
10.262
10.417
10.105
10.157
10.314
10.366
10.417
10.105
10.314
8.960
10.001
10.366
10.314
10.417
32.400
6.303
6.771
7.085
10.366
10.418
10.418
10.366
10.106
7.918
10.106
10.314
7.813
10.313
10.314
7.918
10.105
10.418
9.115
10.313
10.418
10.418
10.313
10.418
10.470
7.866
10.470
9.012
8.908
10.470
10.105
10.313
10.105
10.313
10.314
10.470
10.313
10.262
9.012
10.158
10.366
10.314
10.157
10.470
32.191
4.688
6.772
10.470
10.366
10.365
10.157
10.314
10.366
10.157
10.366
10.366
7.865
10.366
9.064
10.314
10.366
10.105
7.813
10.314
10.106
10.470
10.105
10.105
10.105
10.418
10.418
10.418
10.262
9.011
10.417
10.366
7.813
10.314
10.001
10.105
