10.001
9.845
9.116
9.324
12.397
9.740
9.585
9.532
32.660
4.688
6.512
4.688
8.178
9.481
9.688
9.533
9.636
9.636
9.689
9.637
9.533
9.480
9.689
9.636
9.532
8.908
9.636
9.324
9.637
9.741
9.584
9.585
9.637
9.584
9.585
9.636
9.741
9.584
9.637
9.688
9.585
9.636
9.689
9.688
9.585
9.636
9.585
9.584
9.741
9.480
9.585
9.688
9.637
9.688
4.792
4.688
6.095
9.220
9.585
9.585
9.584
9.741
9.532
9.585
9.636
9.741
9.585
9.480
9.688
9.637
9.636
9.689
9.584
9.585
9.636
9.481
9.688
9.585
9.376
9.584
9.637
9.428
9.584
9.637
9.480
9.584
9.585
9.480
9.585
9.636
9.689
9.689
9.532
9.688
9.689
9.637
9.584
32.764
5.574
6.719
9.897
9.689
9.793
9.480
9.637
9.532
9.584
9.376
9.429
9.584
9.584
9.793
9.584
9.585
9.741
9.584
9.584
9.689
9.688
9.585
8.907
9.480
9.480
9.689
9.584
9.689
9.584
9.689
9.584
8.960
9.741
9.741
9.584
9.376
9.585
9.584
9.636
9.793
9.584
9.584
9.637
9.584
9.533
4.740
4.688
6.980
9.689
9.480
9.533
9.480
9.480
9.480
9.637
9.584
9.637
9.584
9.585
9.636
9.585
9.584
9.585
9.689
9.637
9.584
9.585
9.688
9.637
9.584
9.637
9.637
9.585
9.637
9.585
9.585
9.689
9.585
9.689
9.897
9.584
9.688
9.481
9.532
9.532
9.741
9.688
9.533
9.636
9.741
4.689
4.688
6.199
9.115
9.741
9.584
9.585
9.584
9.689
9.740
9.533
9.688
9.481
9.688
9.637
9.584
9.741
9.740
9.480
9.480
9.584
9.585
9.688
9.637
9.480
9.585
9.584
9.585
9.428
9.480
9.636
9.480
9.689
9.376
9.584
9.585
9.636
9.584
9.584
9.689
9.688
9.741
9.584
9.637
9.584
9.793
4.740
4.689
6.772
9.585
9.584
9.636
9.532
9.533
9.845
9.533
9.428
9.480
9.585
9.688
9.689
9.688
9.636
9.637
9.584
9.585
9.584
9.689
9.793
9.688
9.689
9.532
9.741
9.480
9.689
9.584
9.584
9.741
9.481
9.741
9.585
9.584
9.688
9.740
9.793
9.584
9.585
9.637
9.689
9.740
31.097
4.793
4.740
7.032
9.793
6.980
9.585
9.636
9.428
9.481
9.377
9.480
9.584
9.585
9.688
9.637
9.688
9.637
9.584
9.585
9.585
9.584
9.585
9.011
9.376
9.533
9.585
8.907
9.428
9.584
9.793
9.584
9.533
9.428
9.584
9.480
9.532
9.637
9.532
9.532
9.584
9.689
9.688
9.689
9.688
9.689
9.636
4.688
6.824
4.740
7.709
9.532
9.585
9.480
9.688
9.637
9.636
9.532
9.585
9.428
9.480
9.532
9.637
8.907
9.480
9.584
9.637
9.637
9.584
9.584
9.689
8.907
9.533
9.428
9.584
9.585
9.688
8.907
9.532
9.533
9.428
9.585
9.376
9.584
9.637
9.272
9.480
9.376
9.532
9.585
9.584
9.689
4.688
4.741
4.688
9.168
9.480
9.636
9.689
9.688
9.741
9.584
9.689
9.584
9.689
9.584
9.689
9.637
9.637
9.636
9.428
9.480
9.585
9.585
9.480
9.689
9.636
9.011
9.376
9.584
9.376
9.584
9.689
9.793
9.480
9.585
9.585
9.584
9.272
9.480
9.481
9.532
9.741
9.584
9.480
9.741
9.480
9.689
4.792
4.688
5.209
9.793
9.688
9.481
9.428
9.532
9.584
9.637
9.532
9.585
9.481
9.272
9.429
9.584
9.584
9.741
9.637
9.585
9.636
9.480
9.533
9.376
9.376
9.688
9.585
9.480
9.689
9.637
9.688
9.637
9.688
9.584
9.636
9.689
9.428
9.324
9.428
9.688
9.532
9.689
9.584
9.637
6.980
4.792
7.188
9.689
6.823
9.428
9.428
9.428
9.689
9.585
9.689
9.585
9.636
9.585
9.636
9.637
9.637
9.793
9.584
9.585
9.636
9.637
9.584
9.584
9.741
9.585
9.689
9.584
9.637
9.636
9.637
9.584
9.533
9.636
9.689
9.637
9.532
9.585
9.481
9.376
9.532
9.532
9.481
9.532
9.428
9.793
4.688
4.793
5.521
9.115
9.689
9.480
9.585
9.584
9.689
9.584
9.636
8.908
9.532
9.480
9.584
9.689
9.480
9.688
9.584
9.793
9.636
9.481
9.584
9.636
9.429
9.688
9.533
9.377
9.324
9.637
9.584
9.741
9.688
9.689
9.636
9.689
9.688
9.480
9.376
9.584
9.376
9.741
9.480
9.584
36.046
4.792
6.251
9.116
9.324
9.428
9.585
9.740
9.689
9.688
9.689
9.637
8.855
9.480
9.584
8.907
9.428
9.532
9.481
9.584
8.907
9.324
9.585
9.636
9.428
9.428
9.376
9.480
9.741
9.533
9.585
9.636
9.637
9.688
9.689
9.688
9.741
9.688
9.585
9.532
9.585
9.636
9.845
9.584
9.533
9.480
4.688
4.793
6.876
7.813
9.533
9.637
9.741
9.636
9.689
9.637
9.585
9.689
9.688
9.585
9.584
9.637
9.585
9.636
9.585
9.481
9.688
8.907
9.481
9.481
9.688
9.481
9.637
9.689
9.688
9.533
9.532
9.585
9.689
9.480
9.585
9.324
9.585
9.532
9.480
9.533
9.324
9.428
9.584
9.845
9.480
4.688
4.688
7.241
9.480
9.585
9.480
9.689
9.584
9.584
9.689
9.688
9.689
9.637
9.480
9.688
9.637
9.793
9.480
9.584
9.689
9.584
9.689
9.011
9.376
9.481
9.584
9.689
9.532
9.584
9.532
9.481
9.428
9.636
9.481
9.480
9.376
9.793
9.532
9.689
9.012
9.480
9.480
9.637
9.584
9.481
33.962
5.261
6.980
9.897
9.689
9.584
9.741
9.584
9.689
9.688
9.688
9.741
9.584
9.532
9.585
9.689
9.741
9.480
9.585
8.907
9.480
9.480
9.637
9.688
9.637
9.585
9.637
9.584
9.689
9.584
9.689
9.584
9.793
9.532
9.481
8.907
9.376
9.584
9.637
9.688
9.480
9.740
9.637
9.689
9.637
6.615
4.688
6.303
9.376
9.741
9.480
9.585
9.324
9.637
9.689
9.481
9.688
9.689
9.532
8.907
9.533
9.741
9.637
9.480
9.688
9.584
9.584
9.585
8.907
9.584
9.584
8.908
9.584
9.428
9.585
9.741
9.793
9.480
9.585
9.688
9.480
9.689
9.584
9.741
9.532
9.689
9.584
9.428
9.480
9.428
43.808
6.511
6.199
9.115
9.637
8.907
9.324
9.585
9.637
9.793
9.532
9.532
9.585
9.584
9.532
9.324
9.428
9.637
8.907
9.428
9.688
9.689
9.636
9.585
9.584
9.689
9.688
9.585
9.688
9.585
9.688
9.480
9.585
8.855
9.480
9.584
9.584
9.741
9.481
9.688
9.480
9.481
9.480
9.584
43.026
6.823
9.532
9.585
9.585
9.584
9.689
9.688
9.585
9.584
8.803
9.585
9.533
9.584
9.637
9.584
9.637
9.740
9.741
9.584
9.533
9.480
9.636
9.741
8.907
9.376
9.741
9.480
9.689
9.584
9.637
9.532
9.585
9.585
9.063
9.324
9.585
9.740
9.585
9.636
9.689
9.480
9.637
9.584
9.585
37.660
6.407
4.688
9.949
9.481
9.532
9.584
9.689
8.907
9.376
9.636
9.428
9.689
9.376
9.480
9.376
9.689
9.584
9.011
9.637
9.584
9.585
9.584
9.585
9.637
9.584
9.012
9.480
9.480
9.585
9.688
9.585
9.688
9.480
9.637
9.584
9.585
9.584
9.636
9.689
9.689
9.688
9.480
9.481
40.421
6.303
6.876
9.481
9.428
9.376
9.688
9.637
9.584
9.689
9.688
9.585
9.740
9.689
9.636
9.741
9.584
9.689
9.688
9.585
9.585
9.532
9.428
9.376
9.584
9.637
9.688
9.689
9.584
9.688
9.689
9.637
9.637
9.689
9.741
9.585
9.636
9.585
9.637
9.689
9.585
9.636
9.585
9.585
9.480
44.589
6.563
4.793
7.813
9.429
9.688
9.585
9.636
9.584
9.585
9.688
9.689
9.584
9.689
9.793
9.585
9.584
9.793
9.584
9.585
9.740
9.741
9.584
9.585
9.584
9.689
9.636
9.637
9.740
9.689
9.584
9.585
9.741
9.585
9.689
9.636
9.636
9.689
9.636
9.533
9.584
9.585
9.480
9.740
6.303
6.511
