87.458
56.621
54.381
52.454
51.985
49.641
50.735
50.422
49.068
82.457
50.839
49.693
49.849
48.496
50.839
51.308
51.204
49.694
50.006
49.485
49.433
48.912
48.860
50.214
80.478
49.277
48.391
48.079
49.850
50.267
48.964
49.329
48.912
50.162
50.839
50.995
50.058
49.693
49.537
83.759
50.162
50.892
49.485
49.901
49.902
49.641
48.860
49.069
48.860
49.224
49.328
48.912
49.380
49.381
49.798
82.666
49.016
49.537
49.120
48.495
47.975
49.329
49.381
49.381
48.912
49.069
48.495
49.850
48.495
49.276
81.833
49.485
49.381
49.120
51.256
48.912
48.912
49.225
49.589
50.943
49.589
48.859
48.599
50.318
49.068
86.156
49.537
48.964
49.485
50.371
49.329
48.652
49.797
48.652
49.016
50.110
48.391
49.121
48.912
49.694
76.311
50.058
50.006
50.840
48.652
50.683
49.849
49.224
49.850
48.235
48.860
49.537
49.016
49.693
49.121
79.697
46.151
49.590
49.537
49.589
49.798
49.850
49.069
49.068
49.329
49.224
48.964
49.120
49.173
48.912
50.266
80.634
49.485
50.006
49.485
50.996
48.964
48.339
49.745
49.590
48.131
48.235
48.547
49.017
48.287
49.954
78.290
49.016
50.683
49.641
49.798
48.964
47.974
48.599
48.547
50.943
49.537
48.182
49.381
48.860
48.964
48.183
47.037
50.006
50.057
48.756
49.380
48.287
50.683
49.589
49.173
48.756
48.235
48.964
48.912
48.183
48.860
81.572
50.839
49.121
49.069
47.558
47.662
48.859
48.860
49.329
50.005
49.902
48.287
48.808
48.807
48.704
84.124
50.579
50.527
49.485
49.902
49.225
50.058
49.641
48.391
48.599
49.329
48.704
48.755
48.912
49.850
78.655
51.048
48.755
50.422
49.641
49.485
49.485
48.964
48.443
49.225
49.589
50.162
49.589
49.797
48.964
51.152
50.058
49.120
48.599
48.339
49.225
48.130
48.964
49.797
48.495
48.131
49.276
49.225
49.381
48.495
48.651
81.936
49.069
49.173
49.173
48.391
48.651
49.641
48.807
49.485
49.537
48.704
48.964
48.391
48.496
49.589
83.447
49.485
48.756
49.120
48.496
47.714
49.537
48.652
50.527
49.380
49.277
48.443
49.068
49.328
48.391
48.599
78.342
49.589
48.131
49.068
49.225
49.641
48.964
49.798
49.069
49.173
48.131
48.600
48.235
49.433
48.651
77.196
48.651
50.058
48.755
49.537
49.641
48.756
49.381
49.224
49.225
48.860
48.808
49.381
49.902
48.704
49.485
82.926
51.100
49.589
49.277
49.693
49.641
49.224
50.423
50.005
49.954
48.964
49.641
50.579
48.860
49.589
50.683
48.964
49.381
48.860
49.172
49.224
48.599
49.277
48.182
49.954
49.381
49.068
49.901
49.745
48.912
77.196
49.485
49.225
49.225
49.590
48.495
49.016
49.276
49.641
49.016
50.162
49.329
48.912
48.859
48.756
83.343
49.172
48.912
49.485
48.444
48.548
51.568
50.110
49.016
49.380
49.224
49.641
48.652
48.912
49.433
48.182
83.812
48.912
48.444
48.599
48.600
48.756
49.120
49.485
48.547
48.808
48.443
49.016
49.850
48.860
50.266
79.385
50.006
50.474
49.954
48.600
48.652
48.287
49.224
50.526
49.641
49.432
48.547
48.703
49.328
48.443
49.277
49.432
49.381
48.078
48.860
49.694
50.006
49.693
48.808
48.131
49.277
49.276
48.912
49.068
50.006
48.234
49.589
49.329
48.182
48.756
49.068
49.537
48.807
49.954
48.756
49.016
49.069
49.329
49.537
48.599
48.443
78.655
49.641
48.912
51.100
50.162
48.391
48.912
49.068
49.693
49.641
48.703
48.755
49.641
47.818
48.183
84.280
49.850
49.017
49.798
49.537
50.943
49.120
49.433
49.224
49.329
48.131
48.964
49.120
48.599
49.380
50.370
76.311
50.423
49.121
49.485
49.902
50.006
49.016
48.860
49.433
49.068
47.923
49.277
49.225
48.547
49.433
77.300
49.381
49.068
49.276
50.058
50.735
49.016
48.599
49.224
47.974
49.641
48.547
48.756
48.964
49.172
49.954
80.166
48.912
49.068
49.589
48.964
48.704
48.339
49.016
48.547
49.953
49.537
48.287
49.745
49.433
49.641
84.124
49.798
50.267
49.277
48.027
49.537
49.224
48.755
49.902
49.277
50.214
49.016
49.172
50.214
50.058
79.853
49.329
49.068
49.068
49.797
49.328
48.808
48.183
48.859
49.120
48.964
50.006
48.495
48.495
48.443
87.093
50.527
49.381
49.172
50.214
48.496
47.870
49.381
49.277
48.495
48.496
49.277
49.746
48.912
49.120
48.287
80.530
48.443
49.068
49.642
49.016
48.860
48.964
48.599
49.485
50.006
50.006
49.745
49.120
48.912
49.277
79.176
50.631
48.547
50.110
50.214
49.954
50.423
50.475
49.953
49.485
49.485
49.380
49.329
49.694
49.485
48.808
49.433
49.381
48.130
48.183
48.704
48.339
48.339
49.329
48.599
50.058
49.589
48.860
48.079
48.495
48.651
79.124
48.912
49.120
48.860
49.381
49.121
48.444
48.912
48.755
48.704
48.443
48.131
48.964
49.225
48.079
49.329
48.600
48.287
49.433
48.652
50.058
48.704
49.329
48.807
49.329
50.110
48.704
48.443
48.287
49.746
49.016
48.703
49.485
48.756
49.901
48.860
48.547
49.329
48.548
48.808
49.120
51.047
49.173
48.964
48.703
49.485
76.572
48.859
49.224
48.599
48.756
48.339
48.599
48.860
49.277
48.495
48.964
48.964
49.225
48.912
49.224
49.641
49.641
50.526
49.120
48.339
49.901
49.225
50.006
49.693
48.547
48.756
48.652
48.964
48.912
51.256
48.964
80.530
49.016
48.756
49.329
48.755
49.120
48.599
48.755
49.172
49.641
49.641
49.745
49.849
48.859
48.443
77.717
51.673
50.735
49.953
49.797
48.756
49.381
48.235
49.328
49.745
50.058
48.860
49.537
48.704
48.287
49.849
80.478
49.641
48.965
48.495
49.328
48.130
48.131
48.600
48.287
48.703
48.026
49.641
50.370
49.120
48.495
78.499
48.964
49.797
49.797
49.432
48.756
48.235
49.328
49.172
48.547
48.912
48.756
49.433
49.277
49.277
78.291
50.058
48.964
49.590
49.172
49.224
47.922
49.328
50.214
49.120
48.807
49.068
49.329
49.746
49.380
50.839
50.058
48.755
49.224
48.391
49.329
50.996
49.381
48.286
48.183
49.016
50.110
48.808
48.235
48.651
48.287
80.478
49.850
48.600
48.391
48.287
49.381
48.443
48.391
48.808
48.756
49.224
49.693
48.807
48.599
48.964
86.312
49.537
49.798
48.651
49.537
48.600
48.808
49.068
49.224
48.755
49.380
49.016
48.600
48.496
48.443
48.547
76.936
48.443
48.964
48.808
48.964
48.912
50.319
49.016
49.954
48.756
48.652
48.808
48.756
48.755
49.901
79.332
48.964
49.798
49.694
49.902
50.370
50.006
49.641
49.328
49.485
50.058
49.277
49.850
49.173
48.912
76.467
50.735
49.693
48.391
49.694
48.808
50.319
49.798
49.694
49.016
49.016
49.120
48.860
48.391
48.443
49.068
82.979
48.495
47.922
48.234
50.422
49.850
48.287
48.860
50.110
49.953
48.547
49.068
49.693
49.381
48.965
82.614
50.371
49.433
49.380
48.130
49.485
49.850
48.600
48.808
48.600
49.381
49.016
47.922
49.641
49.016
84.229
49.381
50.474
48.495
48.078
50.058
50.579
48.704
48.704
49.173
49.798
48.964
48.443
48.599
49.329
49.173
76.728
48.287
48.912
48.704
48.860
48.703
48.860
49.225
48.131
49.121
48.808
48.287
48.182
48.964
48.756
83.916
49.433
49.381
48.756
49.485
49.225
49.381
48.599
49.849
49.068
49.485
48.547
48.026
48.651
49.589
48.756
82.197
49.277
48.547
49.850
48.443
49.954
49.380
48.912
48.807
48.443
49.224
48.339
48.547
48.443
47.766
83.395
49.277
49.120
48.235
48.860
49.381
49.016
48.808
49.693
48.912
49.693
50.058
49.017
48.548
49.381
78.291
49.850
48.808
49.589
49.173
48.704
49.954
49.537
49.590
48.912
49.381
49.068
48.651
49.224
49.641
49.016
50.735
51.308
49.954
49.537
49.381
49.329
50.006
48.599
49.849
48.704
49.121
49.068
49.068
49.797
50.631
80.791
49.381
50.006
48.755
49.225
49.120
49.068
48.339
47.662
48.339
49.485
48.235
48.339
48.704
48.964
79.593
49.276
49.745
48.339
47.974
49.277
47.975
48.807
48.808
49.017
