10.314
4.688
6.511
10.001
9.584
9.272
9.897
9.897
9.844
9.741
9.793
9.792
9.793
9.689
9.792
9.897
9.793
9.689
9.741
9.689
9.793
9.793
9.897
9.845
9.689
9.897
9.897
9.793
9.689
9.792
9.741
9.740
9.793
9.897
9.584
9.689
9.792
9.792
9.793
9.689
9.689
9.845
9.844
9.793
9.897
9.793
4.793
7.032
9.793
9.584
9.689
9.688
9.741
9.741
9.689
9.897
9.689
9.740
9.689
9.897
9.792
9.793
9.897
9.584
9.689
9.689
9.741
9.845
9.689
9.741
9.689
9.845
9.793
9.688
9.793
9.792
9.689
9.897
9.897
9.689
9.793
9.793
9.792
9.689
9.688
9.793
9.636
9.793
9.793
9.689
37.765
6.772
6.198
9.220
9.689
9.636
9.636
9.689
9.897
9.897
9.741
9.689
9.741
9.689
9.689
9.793
9.689
9.689
9.636
9.689
9.845
9.793
9.845
9.897
9.741
9.688
9.793
9.584
9.793
9.793
9.793
9.688
9.689
9.792
9.689
9.532
9.584
9.689
9.897
9.741
9.793
9.688
9.689
6.355
6.511
6.199
9.116
9.585
9.844
9.585
9.688
9.741
9.792
9.689
9.793
9.793
9.689
9.740
9.741
9.741
9.689
9.584
9.636
9.689
9.585
9.792
9.689
9.688
9.741
9.637
9.793
9.637
9.585
9.741
9.741
9.740
9.897
9.689
9.689
9.793
9.689
9.636
9.585
9.793
9.793
9.740
9.741
9.740
43.391
6.823
9.792
7.136
9.324
9.688
9.689
9.897
9.793
9.636
9.741
9.688
9.793
9.793
9.689
9.636
9.584
9.793
9.845
9.740
9.689
9.792
9.689
9.844
9.689
9.688
9.793
9.584
9.897
9.688
9.793
9.584
9.793
9.793
9.793
9.584
9.793
9.688
9.585
9.584
9.793
9.689
9.688
44.224
6.616
6.198
9.168
9.584
9.793
9.740
9.585
9.584
9.897
9.688
9.688
9.637
9.637
9.689
9.689
9.845
9.688
9.897
9.584
9.741
9.688
9.793
9.584
9.688
9.793
9.740
9.793
9.688
9.741
9.845
9.741
9.793
9.741
9.793
9.688
9.585
9.689
9.688
9.689
9.792
9.689
9.689
9.584
9.689
45.631
6.094
6.876
6.355
9.688
9.741
9.792
9.689
9.584
9.793
9.689
9.793
9.689
9.793
9.793
9.584
9.689
9.689
9.688
9.741
9.636
9.845
9.688
9.689
9.792
9.689
9.740
9.845
9.793
9.741
9.585
9.637
9.741
9.793
9.741
9.741
9.741
9.689
9.689
9.688
9.637
9.793
9.689
9.845
45.214
6.407
4.688
7.918
9.688
9.741
9.636
9.637
9.793
9.897
9.741
9.793
9.636
9.845
9.688
9.637
9.793
9.689
9.741
9.584
9.689
9.793
9.689
9.741
9.741
9.688
9.689
9.689
9.897
9.688
9.793
9.792
9.585
9.689
10.001
9.689
9.688
9.689
9.792
9.897
9.845
9.741
9.689
9.741
9.689
40.004
5.261
6.876
9.689
9.897
9.636
9.688
9.689
9.688
9.793
9.740
9.897
9.793
9.584
9.688
9.585
9.793
9.793
9.688
9.793
9.844
9.585
9.688
9.585
9.689
9.584
9.897
9.689
9.845
9.689
9.637
9.740
9.689
9.792
9.741
9.845
9.689
9.688
9.585
9.689
9.688
9.793
9.584
9.689
9.689
44.432
4.740
6.667
9.949
9.793
9.689
9.532
9.689
9.688
9.793
9.688
9.585
9.793
9.637
9.584
9.793
9.689
9.845
9.689
9.845
9.741
9.584
9.689
9.740
9.689
9.688
9.741
9.792
9.689
9.584
9.480
9.793
9.585
9.584
9.689
9.689
9.689
9.585
9.741
9.845
9.584
9.636
9.689
9.792
47.402
5.261
6.772
9.689
9.688
9.584
9.689
9.688
9.689
9.689
9.897
9.740
9.585
9.689
9.688
9.689
9.896
9.793
9.688
9.741
9.584
9.793
9.636
9.689
9.688
9.741
9.844
9.689
9.741
9.793
9.793
9.741
9.793
9.636
9.585
9.688
9.689
9.585
9.688
9.793
9.636
9.793
9.740
9.689
9.688
4.740
6.667
4.740
9.689
9.689
9.688
9.689
9.741
9.689
9.740
9.689
9.740
9.689
9.636
9.689
9.584
9.688
9.689
9.584
9.741
9.741
9.688
9.585
9.949
9.585
9.636
9.585
9.689
9.793
9.793
9.741
9.741
9.689
9.688
9.793
9.688
9.689
9.688
9.897
9.793
9.793
9.689
9.689
9.741
4.688
6.511
6.198
9.168
9.688
9.689
9.689
9.741
9.637
9.688
9.636
9.689
9.793
9.637
9.688
9.741
9.688
9.741
9.689
9.741
9.793
9.480
9.741
9.688
9.845
9.740
9.793
9.584
9.585
9.741
9.741
9.688
9.741
9.688
9.793
9.741
9.793
9.845
9.584
9.689
9.585
9.740
9.689
9.636
9.688
37.400
6.146
6.980
9.845
9.741
9.689
9.793
9.585
9.688
9.636
9.585
9.792
9.793
9.584
9.793
9.741
9.845
9.689
9.741
9.689
9.689
9.688
9.689
9.740
9.689
9.740
9.897
9.585
9.897
9.741
9.740
9.741
9.688
9.793
9.897
9.688
9.689
9.688
9.688
9.689
9.584
9.584
9.741
9.688
40.109
6.199
6.823
9.689
7.970
9.689
9.584
9.689
9.689
9.688
9.793
9.688
9.897
9.688
9.585
9.584
9.688
9.585
9.637
9.689
9.741
9.636
9.689
9.584
9.584
10.001
9.741
9.636
9.793
9.741
9.584
9.688
9.793
9.740
9.793
9.793
9.584
9.793
9.740
9.689
9.688
9.793
9.689
9.584
9.793
45.526
6.199
6.771
4.688
9.688
9.845
9.845
9.793
9.585
9.636
9.688
9.741
9.740
9.637
9.585
9.740
9.585
9.585
9.584
9.897
9.584
9.740
9.585
9.637
9.584
9.793
9.793
9.636
9.741
9.740
9.689
9.897
9.689
9.689
9.793
9.689
9.585
9.689
9.584
9.585
9.585
9.688
9.793
9.688
9.689
9.689
9.740
9.793
9.688
9.741
9.636
9.741
9.689
9.584
9.689
9.897
9.689
9.741
9.793
9.741
9.585
9.584
9.845
9.584
9.741
9.688
9.741
9.740
9.741
9.584
9.689
9.845
9.793
9.689
9.741
9.637
9.741
9.741
9.637
9.741
9.584
9.689
9.584
9.793
9.792
9.637
9.584
9.688
9.897
5.573
6.771
9.741
9.741
9.688
9.689
9.741
9.793
9.793
9.793
9.688
9.689
9.585
9.740
9.689
9.637
9.688
9.897
9.793
9.688
9.585
9.689
9.845
9.689
9.741
9.741
9.584
9.897
9.688
9.637
9.689
9.689
9.793
9.741
9.689
9.688
9.741
9.480
9.584
9.584
9.793
9.584
9.636
9.793
9.584
4.793
6.719
9.793
9.689
9.637
9.688
9.637
9.741
9.584
9.689
9.740
9.689
9.689
9.793
9.689
9.845
9.793
9.689
9.688
9.793
9.584
9.689
9.688
9.793
9.688
9.689
9.688
9.688
9.689
9.688
9.741
9.636
9.636
9.793
9.793
9.741
9.689
9.689
9.636
9.585
9.689
9.584
9.689
45.006
6.668
4.688
9.115
9.689
9.793
9.480
9.688
9.741
9.688
9.793
9.688
9.793
9.636
9.689
9.688
9.689
9.845
9.741
9.741
9.689
9.793
9.741
9.584
9.689
9.689
9.584
9.689
9.897
9.689
9.584
9.793
9.792
9.741
9.584
9.689
9.584
9.740
9.637
9.688
9.585
9.793
9.689
9.689
9.636
44.745
6.146
7.032
9.792
7.189
9.897
9.741
9.793
9.897
9.584
9.688
9.793
9.688
9.793
9.741
9.741
9.584
9.741
9.793
9.689
9.741
9.792
9.585
9.585
9.584
9.689
9.793
9.792
9.689
9.689
9.584
9.793
9.689
9.793
9.584
9.793
9.585
9.584
9.689
9.688
9.741
9.897
9.741
9.741
39.380
6.615
6.303
10.001
9.689
9.688
9.793
9.636
9.585
9.688
9.741
9.897
9.584
9.741
9.741
9.688
9.793
9.584
9.689
9.741
9.688
9.689
9.740
9.689
9.689
9.584
9.741
9.792
9.689
9.584
9.688
9.689
9.688
9.585
9.585
9.585
9.688
9.689
9.637
9.689
9.793
9.689
9.688
9.585
9.585
45.631
6.407
4.740
9.115
9.793
9.793
9.636
9.584
9.637
9.792
9.689
9.689
9.688
9.585
9.637
9.688
9.688
9.689
9.740
9.793
9.584
9.741
