83.239
20.523
15.731
15.210
14.585
14.689
14.638
14.585
14.638
14.638
14.481
14.741
14.585
14.533
14.690
14.481
14.690
14.585
14.533
14.689
14.637
14.481
14.585
14.585
14.585
14.585
14.585
14.585
14.533
14.533
14.533
14.585
14.637
14.585
11.043
10.574
14.845
14.741
14.481
14.637
14.637
14.793
14.637
14.481
14.585
14.585
14.585
14.481
14.585
14.585
14.585
14.637
14.585
14.637
14.585
14.585
14.690
14.689
14.637
14.637
14.585
14.481
14.533
14.637
14.585
14.585
14.585
14.637
14.637
14.637
50.787
13.492
14.637
14.586
14.638
14.637
14.481
14.637
14.637
14.637
14.585
14.585
14.637
14.585
14.481
14.585
14.585
14.637
14.585
14.637
14.585
14.533
14.586
14.585
14.586
14.638
14.586
14.638
14.533
14.638
14.585
14.637
14.533
14.481
14.533
12.970
13.647
14.533
14.533
14.481
14.637
14.533
14.481
14.429
14.533
14.533
14.585
14.480
14.637
14.480
14.637
14.480
14.481
14.481
14.585
14.481
14.533
14.481
14.480
14.585
14.637
14.533
14.585
14.533
14.533
14.533
14.533
14.585
14.585
14.481
14.533
45.683
11.564
12.606
13.804
14.585
14.480
14.116
14.481
14.689
14.532
14.480
14.585
14.690
14.637
14.481
14.585
14.637
14.637
14.481
14.585
14.533
14.585
14.585
14.481
14.480
14.638
14.585
14.585
14.689
14.481
14.481
14.480
14.585
14.638
14.585
14.585
14.689
40.317
12.606
14.794
14.533
14.533
14.481
14.689
14.533
14.533
14.533
14.481
14.533
14.533
14.585
14.585
14.481
14.637
14.481
14.533
14.690
14.585
14.585
14.585
14.637
14.585
14.481
14.637
14.585
14.637
14.533
14.585
14.533
14.637
14.533
14.845
14.585
10.261
13.231
14.533
14.585
14.637
14.637
14.481
14.481
14.637
14.585
14.637
14.585
14.481
14.585
14.585
14.533
14.585
14.637
14.689
14.585
14.638
14.637
14.481
14.689
14.481
14.585
14.637
14.585
14.585
14.585
14.585
14.585
14.585
14.585
14.533
14.689
44.224
11.981
14.845
14.533
14.637
14.585
14.637
14.533
14.585
14.689
14.481
14.481
14.533
14.585
14.481
14.637
14.585
14.585
14.585
14.533
14.481
14.585
14.481
14.585
14.585
14.585
14.533
14.480
14.533
14.637
14.481
14.585
14.690
14.533
14.481
14.689
14.585
10.886
11.616
14.637
14.064
14.585
14.585
14.585
14.637
14.533
14.480
14.638
14.689
14.585
14.585
14.481
14.533
14.480
14.532
14.585
14.637
14.481
14.637
14.533
14.637
14.585
14.689
14.637
14.637
14.480
14.585
14.585
14.533
14.637
14.794
14.637
9.480
12.553
14.689
14.117
14.637
14.533
14.481
14.480
14.585
14.585
14.481
14.585
14.533
14.585
14.637
14.585
14.585
14.637
14.585
14.638
14.585
14.585
14.585
14.585
14.480
14.637
14.637
14.585
14.533
14.637
14.585
14.637
14.585
14.481
14.585
14.585
47.401
13.491
14.116
14.585
14.585
14.637
14.481
14.585
14.585
14.585
14.533
14.481
14.585
14.585
14.481
14.638
14.637
14.585
14.585
14.689
14.533
14.533
14.481
14.689
14.585
14.481
14.585
14.481
14.585
14.585
14.585
14.585
14.637
14.585
14.481
14.533
49.485
13.231
14.689
14.689
14.585
14.585
14.481
14.585
14.637
14.637
14.690
14.481
14.480
14.533
14.689
14.533
14.637
14.585
14.637
14.533
14.533
14.585
14.637
14.585
14.585
14.689
14.585
14.637
14.637
14.637
14.481
14.637
14.481
14.533
14.898
14.481
12.137
14.689
14.585
14.585
14.585
14.481
14.585
14.532
14.585
14.533
14.637
14.481
14.585
14.585
14.533
14.585
14.481
14.637
14.533
14.585
14.689
14.585
14.638
14.533
14.585
14.585
14.585
14.689
14.533
14.533
14.585
14.637
14.689
14.585
14.533
14.585
45.318
11.408
14.585
14.585
14.585
14.585
14.533
14.481
14.637
14.585
14.585
14.585
14.689
14.689
14.481
14.585
14.481
14.585
14.637
14.585
14.637
14.533
14.585
14.585
14.689
14.689
14.533
14.585
14.585
14.481
14.585
14.585
14.637
14.585
14.585
14.481
47.974
12.710
14.689
14.533
14.533
14.533
14.637
14.585
14.532
14.585
14.480
14.481
14.585
14.637
14.637
14.481
14.481
14.533
14.533
14.637
14.481
14.689
14.637
14.585
14.533
14.532
14.481
14.689
14.638
14.481
14.481
14.533
14.481
14.532
14.794
14.585
11.304
15.002
14.533
14.481
14.533
14.585
14.585
14.637
14.585
14.533
14.637
14.637
14.585
14.585
14.637
14.533
14.637
14.585
14.481
14.585
14.585
14.689
14.585
14.585
14.585
14.637
14.481
14.533
14.689
14.585
14.533
14.533
14.585
14.637
14.585
14.481
43.286
11.356
14.690
14.637
14.481
14.585
14.533
14.585
14.585
14.533
14.585
14.533
14.585
14.637
14.585
14.585
14.585
14.689
14.533
14.585
14.637
14.585
14.637
14.637
14.637
14.533
14.481
14.637
14.481
14.533
14.481
14.533
14.533
14.533
14.637
14.481
14.637
12.606
13.231
14.585
14.481
14.585
14.533
14.480
14.533
14.585
14.637
14.585
14.585
14.533
14.585
14.585
14.585
14.637
14.637
14.585
14.533
14.689
14.533
14.689
14.481
14.585
14.585
14.585
14.689
14.533
14.533
14.533
14.689
14.585
14.689
14.637
45.630
13.231
14.585
14.585
14.533
14.481
14.533
14.533
14.585
14.585
14.585
14.637
14.637
14.533
14.533
14.480
14.637
14.585
14.533
14.481
14.533
14.533
14.585
14.533
14.585
14.533
14.481
14.532
14.532
14.533
14.585
14.481
14.481
14.585
14.585
14.637
49.120
11.512
14.793
14.533
14.481
14.689
14.481
14.585
14.481
14.481
14.481
14.533
14.585
14.637
14.585
14.585
14.533
14.585
14.533
14.585
14.481
14.585
14.533
14.481
14.481
14.481
14.586
14.638
14.637
14.689
14.481
14.481
14.586
14.637
14.481
14.585
14.533
43.442
11.407
14.794
14.585
14.585
14.585
14.585
14.585
14.533
14.533
14.481
14.532
14.533
14.533
14.690
14.637
14.637
14.533
14.637
14.585
14.585
14.585
14.637
14.637
14.481
14.533
14.585
14.585
14.637
14.585
14.533
14.637
14.845
14.637
14.585
14.637
12.449
13.231
14.481
14.637
14.637
14.585
14.637
14.533
14.533
14.481
14.585
14.585
14.585
14.637
14.637
14.533
14.637
14.481
14.637
14.638
14.480
14.481
14.585
14.481
14.585
14.585
14.585
14.481
14.637
14.481
15.002
14.481
14.585
14.637
14.585
14.637
43.703
11.616
14.637
14.637
14.585
14.533
14.533
14.481
14.637
14.637
14.689
14.481
14.533
14.533
14.585
14.481
15.105
14.690
14.585
14.481
14.481
14.637
14.637
14.690
14.637
14.585
14.585
14.585
14.585
14.585
14.585
14.637
14.690
14.533
14.585
14.533
49.224
13.387
14.637
14.585
14.481
14.481
14.533
14.533
14.637
14.689
14.481
14.481
14.585
14.585
14.637
14.637
14.637
14.585
14.533
14.481
14.585
14.585
14.585
14.585
14.690
14.480
14.585
14.533
14.585
14.585
14.690
14.480
14.846
14.637
14.586
14.638
9.897
11.511
14.585
14.637
14.585
14.585
14.585
14.638
14.533
14.637
14.637
14.585
14.637
14.585
14.585
14.533
14.585
14.637
14.533
14.637
14.585
14.585
14.585
14.533
14.637
14.585
14.585
14.585
14.689
14.585
14.585
14.689
14.481
14.689
14.481
14.533
44.380
11.407
14.637
14.585
14.585
14.533
14.638
14.638
14.481
14.481
14.533
14.585
14.585
14.585
14.533
14.585
14.637
14.637
14.481
14.533
14.585
14.585
14.585
14.533
14.585
14.637
14.481
14.637
14.585
14.585
14.637
14.585
14.637
14.481
14.481
14.481
49.172
13.074
14.116
14.481
14.533
14.585
14.637
14.637
14.585
14.637
14.585
14.533
14.585
14.689
14.637
14.585
14.585
14.585
14.533
14.481
14.637
14.481
14.585
14.637
14.533
14.585
14.585
14.637
14.585
14.533
14.689
14.585
14.794
14.533
14.585
14.533
13.074
13.699
14.481
14.533
14.585
14.533
14.637
14.585
14.690
14.585
14.533
14.689
14.533
14.689
14.533
14.533
14.533
14.481
14.585
14.585
14.533
14.585
14.585
14.481
14.585
14.637
14.585
14.585
14.533
