12.970
12.346
11.147
11.668
12.710
11.825
12.085
52.610
6.616
12.294
13.334
12.293
6.095
12.658
12.398
12.189
12.241
12.397
11.980
11.928
12.501
12.241
12.084
11.824
11.980
12.397
12.345
12.241
11.929
12.502
11.824
11.928
12.084
11.981
12.033
12.293
11.876
12.241
11.877
12.710
12.189
11.928
12.032
12.293
11.981
43.234
6.824
11.721
12.449
12.710
12.085
12.033
12.136
11.720
11.877
12.033
12.085
12.085
11.929
11.929
12.241
12.189
11.876
11.824
11.980
12.085
11.981
11.824
12.189
11.772
11.980
12.189
12.970
12.032
12.345
11.773
12.033
12.085
12.606
12.033
11.721
11.720
12.293
10.314
11.043
12.084
11.512
11.825
11.929
12.450
12.502
12.502
11.981
12.085
13.022
11.668
12.918
11.980
11.824
12.554
11.929
12.085
11.876
11.720
11.928
12.553
11.772
12.189
12.293
12.293
12.501
12.710
12.397
11.980
12.085
12.293
12.085
11.877
49.537
6.668
11.980
12.449
12.293
12.189
12.449
11.772
12.085
12.189
11.772
11.824
11.876
12.033
12.241
11.928
11.876
12.346
11.929
12.189
12.085
12.189
11.981
12.085
12.501
12.553
12.189
11.928
11.876
12.137
12.501
12.033
11.720
12.398
12.345
12.085
12.085
11.720
41.724
6.720
11.928
12.084
11.720
12.241
11.824
11.668
11.773
11.928
11.720
11.564
11.720
11.772
11.824
12.398
11.876
12.241
12.449
11.824
11.980
12.189
11.981
11.772
11.772
11.824
12.710
12.502
12.397
12.501
11.929
11.929
11.616
11.928
11.772
12.293
11.616
12.293
38.806
6.616
11.303
11.824
11.877
11.512
12.553
13.022
12.189
12.189
11.720
12.241
11.981
12.189
12.084
12.085
12.293
12.293
12.293
12.189
12.189
12.137
11.824
11.668
12.241
12.553
12.085
11.981
12.398
12.085
12.085
11.928
12.293
12.867
12.137
12.241
11.928
43.130
6.980
11.772
11.824
11.876
12.137
11.668
12.085
12.032
12.657
11.720
12.085
12.398
11.877
12.189
12.033
11.721
11.929
11.877
11.928
12.553
12.137
11.720
12.085
11.876
12.084
12.710
12.189
12.189
12.449
12.189
12.866
11.876
11.616
11.720
12.085
12.137
12.189
10.990
6.667
10.001
11.511
12.189
11.877
12.710
11.616
11.981
11.980
11.877
11.877
12.085
11.616
12.085
12.189
12.398
12.189
11.980
12.189
12.085
12.606
12.293
12.398
12.033
11.877
11.980
11.981
11.772
11.772
11.877
11.877
12.137
12.033
11.980
11.876
12.085
10.886
6.199
11.720
12.293
11.981
11.616
12.398
12.033
11.981
12.136
11.876
12.137
12.398
11.929
12.293
11.721
12.033
12.085
12.189
11.772
12.554
11.877
11.772
11.980
11.928
12.397
11.772
11.877
12.189
12.137
12.189
12.137
12.085
11.876
12.345
11.564
12.137
12.710
11.199
6.719
10.938
10.418
12.293
11.980
12.241
11.876
11.929
11.981
12.085
11.981
12.189
12.189
12.293
11.929
12.293
12.084
12.553
12.033
12.501
12.241
12.345
12.397
11.980
11.876
12.032
11.876
12.084
12.084
11.981
11.616
12.189
11.564
12.085
12.085
12.398
12.033
9.376
6.876
12.293
11.980
12.137
12.188
12.241
11.773
12.293
11.928
11.928
11.773
12.189
11.876
12.189
11.876
12.606
11.720
12.397
12.346
12.085
11.824
12.293
12.085
12.032
12.137
12.554
11.720
12.293
12.398
12.397
12.189
11.981
12.189
12.397
11.720
11.877
9.428
6.928
11.512
11.511
11.876
12.293
12.294
12.345
12.032
11.668
12.918
12.397
12.449
12.554
12.137
12.293
12.085
12.137
11.772
11.825
11.772
12.189
11.824
12.606
12.241
11.824
12.501
11.876
12.450
12.189
12.605
11.720
12.294
12.293
12.450
11.720
11.928
12.189
9.376
6.928
11.512
11.981
12.033
12.241
11.824
11.981
11.981
11.825
12.085
11.824
12.501
12.189
12.137
12.397
11.929
12.293
12.502
12.189
12.189
12.189
11.876
11.981
11.773
11.876
12.241
11.564
12.449
12.970
11.720
12.293
11.721
12.345
12.294
12.502
11.981
12.710
9.376
6.720
12.814
11.929
11.512
11.928
12.137
11.928
12.345
11.876
11.772
12.293
11.824
11.825
12.345
12.293
11.929
12.137
12.032
11.616
11.928
12.189
12.189
11.720
11.877
11.720
12.032
12.136
12.085
12.189
11.928
11.928
11.981
12.398
12.606
12.189
50.735
6.095
11.304
12.241
12.397
12.137
11.929
12.085
12.137
12.397
12.033
11.876
12.241
11.980
11.876
11.929
12.241
12.345
11.980
12.085
11.980
11.772
11.720
12.241
11.720
12.553
11.980
12.032
11.928
11.773
12.449
11.824
12.710
12.033
12.189
12.397
12.137
11.825
46.725
6.772
11.668
12.293
12.137
12.137
12.398
11.929
12.241
11.720
12.293
11.773
11.772
12.241
11.876
12.397
11.876
12.241
12.033
11.928
11.511
12.345
12.189
12.450
11.877
11.772
12.085
11.981
11.981
12.085
12.293
11.981
11.981
12.345
12.345
12.241
12.606
39.848
6.667
12.710
12.137
12.189
12.449
12.032
12.189
12.189
12.397
12.033
12.033
11.981
11.512
12.188
11.668
12.137
11.720
11.980
11.876
11.668
12.137
12.085
11.981
12.294
11.616
11.981
11.929
11.773
12.085
11.877
11.876
11.824
11.668
11.772
12.397
11.720
13.074
43.755
6.876
12.762
12.397
12.501
11.928
12.137
12.397
11.876
12.294
11.928
11.876
12.189
12.033
11.720
12.189
12.189
12.033
11.772
12.345
12.709
11.668
12.450
11.720
12.605
11.772
12.136
12.189
11.929
11.668
12.032
11.668
12.188
12.137
12.189
12.501
11.980
11.876
6.094
6.667
11.929
11.877
11.928
12.189
11.825
11.772
12.293
11.877
12.293
11.825
12.345
12.085
12.450
12.398
12.189
11.824
11.981
11.980
11.615
12.085
12.033
11.824
11.929
12.189
12.397
11.929
11.981
11.772
12.814
11.668
12.085
12.137
12.397
11.668
11.928
9.377
6.199
11.460
6.824
12.137
11.720
12.397
12.033
11.877
12.085
11.929
12.085
12.606
11.720
12.449
12.032
11.980
11.720
11.981
11.876
11.720
11.980
11.512
12.137
12.606
11.980
11.720
12.397
11.772
11.772
12.241
12.137
12.085
12.398
12.293
11.772
12.085
12.189
42.348
6.407
11.616
11.876
12.658
11.980
12.397
12.085
11.980
11.824
12.710
11.772
12.033
12.189
12.241
11.981
12.033
11.720
12.293
11.772
12.554
12.241
11.980
11.876
12.189
11.876
12.293
12.084
12.189
12.085
12.033
12.241
12.189
12.241
11.668
11.825
11.824
11.929
46.359
6.720
11.877
12.397
11.720
11.980
12.345
12.137
12.032
11.980
11.720
12.814
12.189
11.877
12.606
11.929
12.241
12.345
11.877
12.345
12.502
11.981
12.606
12.293
12.189
11.668
12.137
11.877
11.981
11.512
11.981
11.929
11.512
11.929
11.981
12.085
12.241
44.276
6.928
12.658
12.137
12.136
11.668
12.502
11.929
12.084
12.189
11.773
11.981
12.085
11.772
12.084
11.824
12.189
13.074
12.397
12.189
12.397
12.241
12.398
11.929
11.928
11.928
11.720
11.668
11.876
12.032
12.605
12.033
11.720
12.032
12.501
12.137
12.502
12.554
9.376
6.094
11.616
11.511
11.772
11.876
11.876
11.929
12.293
11.772
11.981
11.825
12.397
11.824
11.981
11.773
11.928
11.981
11.720
11.668
11.980
12.553
11.772
12.137
11.616
11.720
11.877
12.189
11.877
11.929
12.293
12.188
11.616
12.397
12.033
12.085
11.928
42.505
6.876
11.564
11.408
11.825
12.033
12.033
12.189
12.397
11.616
12.033
11.668
12.084
11.980
12.293
11.877
12.085
11.512
12.398
12.345
12.449
12.084
12.189
11.720
11.928
11.824
11.876
12.606
11.980
12.501
12.085
11.512
12.501
12.189
12.241
11.876
12.397
12.137
40.890
6.668
11.928
11.772
11.929
12.085
11.825
12.033
12.606
12.189
11.772
11.981
11.824
12.189
11.720
11.720
12.189
11.824
12.189
11.512
12.085
11.929
12.241
12.605
11.928
12.085
12.033
11.877
11.824
11.668
11.981
12.241
11.876
12.449
12.398
12.241
12.294
11.928
39.484
6.511
11.668
12.189
11.824
11.876
11.616
11.772
12.084
12.137
12.502
12.189
12.345
12.033
12.136
12.032
11.981
