9.741
7.709
7.709
7.761
8.803
8.751
8.282
4.688
8.282
7.657
8.699
8.282
7.605
8.959
9.012
8.804
9.012
9.011
8.959
8.386
7.605
8.282
8.803
7.605
7.605
7.657
4.688
7.709
7.813
7.762
7.710
8.283
8.751
9.116
8.699
7.605
7.657
9.011
9.011
8.960
8.960
8.283
7.658
9.064
9.011
4.740
8.282
7.657
9.064
8.335
7.605
8.282
7.605
8.334
9.011
8.282
7.605
7.709
7.605
7.710
9.012
8.751
9.116
8.751
30.056
8.386
7.710
7.605
8.282
8.386
7.657
9.116
8.803
9.012
9.012
8.335
8.803
9.116
9.167
8.282
7.709
8.959
8.386
32.139
7.762
7.657
8.283
7.710
8.803
7.605
7.709
7.605
7.657
8.282
9.012
7.709
7.657
8.699
7.605
7.605
8.282
30.420
7.709
7.761
7.762
8.751
7.657
7.606
8.751
7.709
7.605
7.657
8.335
8.803
9.012
7.605
7.761
8.699
7.605
7.605
34.275
9.168
7.605
7.710
7.605
9.011
8.386
7.761
7.657
8.386
8.699
7.710
7.762
8.751
8.282
9.011
8.959
8.334
8.699
7.710
6.979
8.855
9.115
9.116
8.387
7.657
9.064
8.283
8.751
8.282
9.011
9.012
7.605
7.605
8.386
7.709
7.605
7.709
8.959
6.095
7.605
9.115
9.063
8.803
9.011
8.282
7.605
7.710
7.658
7.710
8.334
8.699
7.709
7.658
8.803
8.282
8.751
8.282
4.740
8.803
8.282
7.709
9.012
8.282
7.709
7.605
7.657
7.657
8.386
7.657
7.605
7.605
9.012
7.605
7.657
8.282
6.720
7.189
8.334
7.605
7.605
7.657
8.334
7.605
7.605
7.605
7.605
7.605
8.282
9.116
9.116
8.699
8.387
7.605
7.605
31.983
4.688
7.709
8.699
7.605
7.761
8.334
8.282
8.282
8.699
7.605
8.803
7.709
7.709
9.063
9.011
9.011
8.439
8.282
7.657
4.688
8.699
7.761
7.709
8.282
8.387
7.605
7.605
8.803
8.386
9.063
8.282
8.335
8.699
7.605
7.605
7.605
8.699
7.710
4.688
7.762
7.605
7.710
8.960
7.709
7.761
8.699
7.657
7.709
7.606
7.605
7.553
9.012
8.387
7.710
8.282
7.658
8.282
6.303
7.605
8.803
8.439
7.605
8.283
8.751
9.168
8.803
9.011
8.386
7.761
8.751
9.167
8.282
7.709
9.012
8.282
8.855
4.688
7.709
7.657
8.283
9.116
9.115
8.751
8.282
8.803
7.710
7.709
9.064
9.116
8.803
7.605
7.657
9.011
8.282
8.438
6.876
9.011
9.012
8.387
7.657
8.282
7.657
8.282
9.011
8.282
9.116
8.907
9.011
8.387
7.709
9.063
8.282
9.064
8.334
7.918
7.710
7.657
9.116
8.699
9.168
8.438
7.605
9.115
8.699
8.334
9.011
8.282
8.803
8.335
8.803
8.282
7.605
7.553
5.573
9.064
8.282
8.908
7.606
7.709
7.657
9.064
7.605
7.605
7.605
7.605
8.699
8.335
7.605
8.386
9.116
8.335
4.740
7.085
7.605
8.334
7.605
7.605
7.709
8.699
7.605
7.553
9.064
8.439
7.605
7.553
7.657
9.012
7.605
7.605
8.386
32.972
7.865
7.605
7.605
7.605
8.386
7.657
7.553
7.605
8.282
8.803
9.012
8.283
9.012
9.012
8.959
8.438
7.709
8.282
7.710
9.012
7.605
7.605
8.334
7.761
7.605
7.605
7.605
7.709
8.491
7.605
9.012
7.605
7.709
9.063
7.605
7.605
9.011
7.605
7.189
8.699
9.116
8.699
9.011
8.282
7.605
7.710
8.803
9.116
7.606
9.116
7.605
9.064
9.012
8.282
7.657
7.709
9.064
4.688
7.605
7.709
9.012
8.490
7.709
8.386
7.657
7.605
7.606
7.605
7.657
7.605
7.605
9.011
8.386
8.699
7.605
32.869
9.168
8.387
7.605
7.709
7.605
8.283
8.751
9.012
9.064
7.605
7.605
9.011
8.855
8.282
9.115
9.116
9.116
9.011
8.282
7.605
7.813
7.605
9.168
8.282
7.710
8.960
8.282
9.115
9.116
8.387
7.605
9.064
8.334
8.959
9.011
8.282
8.334
34.952
7.865
9.063
9.063
8.282
8.751
9.011
7.709
7.709
7.657
8.335
8.751
8.282
9.116
8.699
7.605
7.709
7.813
8.959
9.168
5.209
7.605
8.334
8.855
7.605
7.605
8.282
8.335
7.709
9.012
9.011
8.334
7.657
8.439
8.387
7.710
9.116
8.438
7.605
6.980
7.657
8.282
9.011
7.657
8.335
8.334
7.605
8.334
8.803
7.710
7.709
8.699
7.605
7.605
8.282
9.012
7.657
4.792
7.709
7.709
7.657
8.334
7.709
8.386
7.605
7.709
7.709
7.761
8.282
9.011
9.116
8.698
8.334
9.011
8.282
8.699
32.972
9.064
8.387
7.605
7.605
7.709
8.282
7.710
7.709
7.605
9.115
8.282
7.709
7.710
7.605
8.334
7.605
7.605
7.709
8.282
4.792
7.605
8.803
9.012
9.115
8.282
7.605
7.710
7.710
8.282
7.605
8.334
8.699
7.710
7.605
9.011
8.334
8.334
7.709
6.719
7.657
7.761
9.115
7.605
8.803
7.709
7.657
7.605
7.605
7.605
9.116
8.387
7.605
7.605
8.855
7.710
7.657
8.386
8.855
7.709
7.605
7.605
7.709
9.012
8.282
7.709
9.011
9.012
8.178
8.334
7.605
8.386
7.605
7.657
7.605
8.334
30.889
9.116
8.855
9.116
8.959
8.438
7.761
9.011
9.011
9.012
8.334
8.699
7.709
7.814
9.063
9.115
8.334
7.709
8.386
32.868
9.116
8.803
9.011
7.605
7.709
8.751
7.657
7.657
9.064
8.907
9.116
8.438
7.605
8.282
9.116
9.011
7.709
7.605
7.709
9.063
9.064
9.064
8.335
7.658
8.335
8.282
7.709
7.605
7.605
9.012
8.439
8.803
8.282
8.959
8.282
7.605
9.064
7.709
7.918
7.710
7.709
8.387
7.657
9.116
8.335
7.606
9.064
9.064
8.439
8.803
8.283
9.012
9.012
7.762
8.699
7.605
6.147
7.710
9.064
9.011
7.605
7.605
7.606
7.605
7.605
8.282
8.699
7.605
9.012
8.334
8.699
7.605
7.657
7.709
7.553
32.243
7.397
8.699
7.606
8.699
7.709
8.699
7.657
9.116
7.605
7.605
9.012
7.657
7.657
7.605
7.657
7.605
9.011
8.282
7.605
6.199
7.761
9.116
8.387
7.605
9.168
8.283
8.699
7.761
7.657
8.856
9.116
8.387
7.606
7.605
7.709
7.605
7.605
7.710
6.928
9.116
7.710
8.699
7.605
7.606
8.282
8.699
7.658
7.709
7.605
7.605
7.605
7.709
7.605
7.709
8.282
7.709
8.335
4.688
7.605
9.011
8.282
8.335
8.855
8.386
7.657
7.710
7.709
8.282
7.657
9.116
8.751
8.335
8.699
7.605
7.710
8.803
6.876
8.699
8.386
9.011
9.064
9.064
9.012
9.063
8.334
9.011
9.115
8.282
7.761
8.282
8.751
9.064
7.605
7.709
8.855
6.199
8.699
7.605
7.605
9.115
7.709
7.658
8.334
7.657
8.282
7.709
8.334
7.605
8.335
8.334
7.709
8.334
8.282
8.804
6.980
9.220
8.334
8.699
7.657
8.803
8.439
7.709
8.335
8.960
8.386
7.657
7.605
8.803
7.605
7.605
7.657
7.762
8.334
6.980
7.605
9.012
7.553
7.657
7.605
8.699
7.605
8.282
7.762
7.709
7.657
8.386
8.282
7.657
7.605
8.283
7.814
8.282
6.563
8.335
7.657
7.709
7.605
7.657
8.699
7.709
7.657
7.605
7.657
9.064
7.605
7.605
7.605
8.334
7.657
8.282
8.699
6.719
8.334
8.699
7.709
7.657
7.710
7.605
7.657
8.803
7.605
7.605
7.657
7.605
8.282
7.605
7.605
8.699
7.605
7.709
4.688
7.709
7.710
7.605
7.657
7.657
9.012
8.282
8.699
7.709
7.605
9.012
7.553
7.657
9.115
8.803
9.011
8.282
9.063
4.688
8.387
7.710
8.335
7.605
8.282
7.709
7.657
7.605
7.605
7.605
7.710
7.710
7.657
7.605
7.605
8.335
7.605
7.605
31.046
7.084
7.761
9.116
8.387
7.605
7.605
7.709
9.064
8.282
7.605
8.438
8.334
7.709
9.063
9.116
8.282
8.699
7.709
7.605
5.209
7.709
8.386
8.699
