9.376
8.907
7.709
9.011
30.107
9.063
9.115
7.709
8.960
7.709
9.011
7.762
8.751
7.709
9.168
7.709
9.116
8.439
7.605
9.115
7.605
9.011
7.709
9.012
9.012
7.709
8.282
9.011
7.657
9.167
7.710
8.804
7.709
9.064
7.657
9.011
7.658
9.011
7.710
8.282
9.012
7.761
9.012
9.168
8.490
8.335
8.438
9.116
7.605
9.116
7.605
8.490
9.064
7.709
8.439
9.012
7.709
7.710
7.709
9.012
7.657
9.011
6.980
8.438
7.709
9.012
7.709
7.709
7.658
7.709
9.063
7.605
8.803
7.710
7.709
7.605
9.011
8.282
8.803
7.709
7.761
11.460
7.709
9.064
8.335
9.116
8.282
9.064
9.012
8.491
8.334
9.115
9.063
8.386
8.491
7.710
7.761
8.386
7.605
4.792
7.710
9.063
7.761
7.709
7.710
8.386
9.116
8.282
8.334
8.282
8.386
9.064
7.709
9.064
7.709
8.803
7.605
8.282
5.157
9.272
7.710
8.855
7.709
7.710
8.803
7.709
8.282
8.438
8.491
7.761
7.658
9.168
7.709
7.709
7.605
8.438
8.283
4.688
7.657
8.283
8.386
9.064
7.709
9.012
7.709
9.168
8.491
8.803
7.710
9.115
7.605
9.115
8.438
8.387
8.907
7.605
33.024
8.908
7.240
7.710
9.115
9.115
7.709
8.334
9.012
7.813
8.908
7.657
8.387
9.011
7.657
8.960
7.709
9.116
7.709
9.012
7.032
7.709
7.762
8.803
7.657
9.012
7.709
9.116
7.657
9.012
7.709
9.064
7.605
9.116
7.657
8.751
7.709
7.813
30.264
8.543
9.220
7.709
9.116
7.709
7.762
7.709
7.657
7.761
7.658
9.063
7.710
9.115
7.709
9.116
9.063
7.709
8.803
7.710
5.626
7.710
8.803
7.658
8.907
7.709
9.012
7.709
9.116
8.439
8.282
8.335
9.168
7.709
7.761
7.709
9.011
7.605
9.011
6.980
7.813
9.011
7.605
7.762
9.116
8.335
8.439
7.605
7.709
7.710
8.439
8.855
9.116
8.283
9.011
9.116
7.605
7.709
6.980
7.761
7.710
7.605
8.386
9.012
8.387
8.334
7.709
8.282
9.012
9.168
7.710
7.709
9.115
8.907
8.282
8.855
8.386
4.740
7.762
7.710
9.012
9.116
7.605
7.813
8.387
9.012
8.387
9.116
9.012
9.116
8.387
8.855
7.709
7.658
9.168
9.012
9.012
7.761
8.804
7.709
8.282
9.064
7.709
8.439
8.386
8.387
9.115
7.605
9.011
7.658
9.167
7.657
9.115
7.710
9.011
4.741
7.762
9.063
7.710
8.699
7.709
9.064
7.657
9.168
7.605
8.282
8.439
9.064
7.709
8.855
7.761
8.803
7.710
9.011
6.979
7.710
8.959
7.709
9.115
8.386
9.116
9.064
7.709
9.012
7.709
9.012
7.709
8.803
7.605
7.709
9.011
7.710
9.011
4.688
8.386
8.438
8.283
7.709
9.063
7.709
9.011
7.605
9.168
7.605
8.386
8.803
7.709
9.011
7.658
8.855
7.657
9.116
4.688
7.189
7.709
7.709
7.657
7.709
8.282
8.282
7.709
9.116
9.064
7.657
8.386
7.709
8.698
7.709
7.709
9.064
7.605
8.282
4.793
7.709
8.387
7.605
8.907
7.710
8.334
9.011
7.709
9.063
8.490
7.605
9.064
7.709
9.012
7.709
9.116
7.709
4.792
8.282
7.709
8.335
9.011
7.710
9.011
7.709
8.803
7.709
8.491
8.960
7.657
9.116
8.282
8.387
7.709
8.959
7.709
8.907
8.803
7.710
7.605
9.168
7.657
9.116
7.709
9.012
7.605
9.011
7.657
9.115
8.334
8.335
8.438
8.491
8.386
9.116
8.960
6.251
9.116
8.491
9.115
7.710
9.063
8.490
9.064
7.709
8.387
9.011
7.710
9.063
7.710
8.282
7.605
8.334
7.657
7.709
6.928
7.605
7.762
8.855
7.710
9.011
7.710
8.803
7.709
9.116
7.709
9.116
7.605
9.012
7.709
8.283
7.657
8.751
7.709
4.688
7.761
8.803
8.335
8.907
8.439
8.855
7.709
7.814
8.334
9.012
8.491
8.751
8.438
9.115
9.116
7.709
7.710
7.605
7.969
9.064
7.657
7.605
9.115
7.710
9.167
7.709
9.116
7.709
7.709
9.116
7.709
9.116
7.709
9.116
7.709
9.063
7.762
6.772
8.439
9.063
7.762
9.011
7.709
8.282
8.386
9.115
7.710
9.115
7.710
8.282
8.282
7.605
9.116
7.709
8.439
9.011
6.199
9.012
7.709
7.605
8.282
7.605
8.491
9.011
7.657
7.710
9.011
7.709
7.709
8.908
7.605
7.761
8.386
9.012
7.657
4.792
9.115
7.710
7.709
9.115
7.762
9.115
7.709
9.116
7.709
9.064
7.761
8.387
8.959
7.813
7.605
8.386
7.710
9.011
7.710
8.022
9.115
7.605
9.168
7.709
7.710
9.168
7.709
9.168
7.709
9.064
7.813
9.012
7.709
9.116
7.605
8.438
9.064
4.740
8.335
9.063
8.438
8.387
9.011
7.709
7.657
7.762
8.282
8.386
9.115
9.168
7.709
9.168
7.710
8.334
8.334
8.282
29.743
8.960
7.709
8.282
8.387
7.709
9.064
7.657
8.803
7.762
9.167
8.490
8.387
9.115
8.282
7.709
9.116
8.386
8.283
7.709
6.199
9.012
7.709
8.282
7.709
8.803
7.657
9.011
7.710
9.115
9.167
7.710
8.386
8.803
7.709
9.011
7.709
7.709
7.762
6.980
7.918
9.064
7.605
8.386
7.709
8.804
7.710
9.220
7.710
8.490
7.657
8.908
7.657
7.710
9.115
7.605
7.761
9.168
4.688
7.292
8.386
8.491
8.439
8.282
7.657
8.959
7.761
9.064
7.709
8.438
8.439
8.386
8.490
8.439
8.438
8.334
8.386
6.824
9.168
9.011
7.605
7.762
9.116
8.387
8.282
8.803
8.282
9.116
8.282
9.116
8.387
9.116
9.012
9.168
8.387
8.334
6.720
7.710
8.386
9.116
9.116
9.012
7.657
7.657
7.709
7.761
8.438
7.657
9.167
8.386
8.855
8.387
9.064
8.282
7.761
7.084
8.804
8.491
7.762
8.491
9.116
9.064
9.064
8.387
9.116
7.709
7.709
9.219
9.116
9.012
7.709
7.605
7.657
8.334
4.688
7.188
8.855
7.762
7.605
7.709
7.709
9.012
7.709
7.605
8.491
9.064
8.387
8.751
7.605
8.699
7.709
7.814
9.012
4.688
7.709
7.709
7.761
8.282
9.116
7.710
7.709
7.658
7.709
8.386
8.803
7.709
8.282
8.282
7.709
8.283
7.710
9.011
4.792
8.856
7.605
7.709
8.282
8.282
7.657
8.282
9.168
7.761
7.710
7.813
7.709
9.116
7.709
8.283
7.709
8.334
7.605
4.688
8.803
7.710
8.334
8.491
9.115
7.710
8.386
8.438
8.283
7.709
8.386
9.012
7.761
7.605
9.168
7.709
9.011
7.762
7.606
4.688
9.064
7.709
8.282
8.387
7.710
9.115
7.710
9.167
7.605
8.387
7.709
9.115
7.710
9.011
7.709
9.168
7.709
9.116
7.032
8.386
9.063
7.709
7.709
9.011
7.709
8.387
7.709
9.116
8.490
9.168
7.761
9.116
7.709
7.709
8.959
7.658
7.709
4.688
9.168
7.710
7.761
8.282
8.803
7.709
7.657
7.709
8.803
7.709
7.709
7.813
7.709
8.490
8.803
7.657
7.709
7.605
6.824
9.324
7.709
9.012
7.709
8.282
8.282
7.761
7.709
8.490
9.116
7.710
9.063
8.387
8.282
9.063
7.709
9.167
7.606
6.615
9.012
7.657
9.116
9.064
7.761
9.116
7.605
8.439
8.803
7.709
8.386
7.605
9.168
9.168
7.709
8.334
9.116
7.710
5.574
7.605
8.439
9.116
8.386
8.283
8.386
8.282
7.709
9.115
8.282
9.115
7.605
7.709
8.282
9.012
7.761
9.116
7.709
4.792
9.011
7.710
8.334
8.439
9.168
7.709
8.803
7.761
8.959
7.709
9.116
7.605
9.064
9.168
7.709
9.063
7.709
7.709
34.535
7.813
8.804
7.761
9.116
9.064
7.709
8.335
8.490
9.064
7.709
8.283
8.907
7.710
7.761
7.709
9.116
8.282
7.709
6.094
8.387
8.282
9.116
8.386
8.386
7.813
8.959
7.658
7.709
7.606
7.709
8.438
9.116
8.959
7.709
9.011
8.282
9.012
4.792
9.012
7.709
7.709
