8.908
7.866
8.959
8.334
7.605
35.473
7.188
7.605
7.605
7.709
7.813
7.709
7.605
7.658
7.710
7.709
7.709
7.813
7.709
7.709
7.709
7.658
7.709
7.657
7.709
4.688
7.710
7.709
7.657
7.605
7.709
7.710
7.709
9.168
7.657
8.699
8.699
9.116
7.605
7.605
8.334
7.709
8.282
7.710
8.803
9.115
8.698
8.751
7.761
7.709
7.657
7.605
8.699
8.803
8.699
8.283
7.657
7.605
7.709
7.813
7.606
7.709
43.495
8.387
7.709
7.605
7.605
8.439
7.709
7.605
7.605
7.605
8.699
9.115
7.709
7.709
7.657
7.709
7.658
7.709
8.699
4.688
8.387
7.657
7.761
8.387
7.605
8.803
7.605
9.116
8.386
7.762
8.283
7.761
7.657
8.282
7.605
9.012
8.803
6.511
7.710
9.012
7.553
8.282
7.710
7.710
7.605
8.282
7.605
7.761
8.699
8.283
7.709
7.605
8.751
8.803
8.282
7.605
6.615
9.168
7.657
7.605
8.386
7.605
7.814
7.813
8.699
9.012
8.699
9.011
8.803
8.855
7.761
9.116
7.761
7.709
7.710
6.563
7.709
7.605
8.699
9.115
7.761
7.605
7.710
9.011
7.605
8.751
9.012
8.699
9.115
7.710
7.657
7.709
9.116
7.709
6.928
9.115
7.709
7.605
7.605
7.605
7.709
7.709
8.282
7.709
7.605
7.605
7.657
7.657
8.282
7.605
7.709
9.063
7.709
6.928
7.709
7.709
7.605
7.605
7.709
9.116
7.605
8.283
7.605
7.710
7.761
7.761
7.709
7.709
7.605
9.011
8.803
4.688
7.605
9.116
7.709
7.605
7.606
7.709
7.657
7.605
8.438
7.657
8.490
7.710
8.283
7.605
7.761
8.283
7.709
7.605
4.688
7.709
7.553
9.064
7.605
7.605
7.710
7.710
8.282
7.605
7.606
7.657
8.959
7.709
7.710
7.709
7.709
9.115
7.761
4.740
7.709
8.490
8.334
7.605
7.709
7.657
8.283
7.605
8.491
8.283
7.709
8.386
7.657
8.438
7.605
7.605
8.438
7.605
4.740
9.011
7.709
7.761
8.439
7.657
9.012
7.605
7.605
7.605
7.657
7.710
7.605
9.063
7.657
7.657
7.605
7.605
7.552
4.793
9.115
7.605
9.063
7.605
7.657
7.709
8.282
7.709
7.709
7.709
8.386
7.605
7.709
8.751
8.699
8.751
8.282
7.709
4.688
7.710
7.709
7.709
8.387
7.709
7.605
7.709
7.761
7.605
7.605
8.803
8.803
8.699
9.116
7.605
7.657
7.709
7.606
6.302
7.605
7.761
7.606
7.761
8.699
8.282
7.605
7.710
7.605
8.803
8.699
9.064
7.605
9.063
7.605
9.012
8.699
9.011
4.688
8.439
7.605
7.605
7.605
7.605
8.960
7.605
8.699
7.657
8.283
7.709
7.605
7.605
7.658
8.803
7.709
8.803
7.657
6.511
9.064
7.657
7.606
8.282
7.709
7.762
7.605
7.709
7.709
7.709
7.657
7.605
8.699
8.334
7.605
7.605
7.657
7.605
4.688
7.710
7.605
7.605
7.606
7.605
7.709
7.709
7.710
7.709
7.605
7.710
8.803
7.605
8.856
7.605
8.751
8.698
4.689
7.657
7.657
7.605
7.762
7.657
7.709
7.709
7.761
7.709
7.605
7.709
8.803
8.804
7.657
7.605
9.116
7.762
7.605
4.793
7.240
7.605
7.762
7.605
7.710
8.751
7.657
7.710
8.699
7.657
9.064
7.709
7.709
7.709
7.710
7.761
7.710
7.605
4.688
8.803
7.761
7.605
8.699
8.699
9.063
7.709
7.605
7.710
7.605
8.803
7.709
7.658
7.761
7.710
7.605
7.605
7.605
6.199
7.709
8.803
8.699
8.699
9.116
7.709
7.710
7.605
7.709
7.657
7.605
8.699
8.751
7.709
9.116
7.605
7.605
8.283
4.740
8.751
7.605
7.761
7.709
7.709
7.709
7.605
7.605
8.699
7.657
7.710
7.605
8.751
7.605
8.803
7.605
8.803
8.699
9.220
7.605
7.605
7.605
7.657
7.658
8.803
7.605
7.709
7.605
9.064
7.657
7.709
7.605
7.709
7.657
7.657
8.960
45.109
7.710
7.709
7.709
7.710
7.709
7.658
7.709
7.709
7.605
7.709
8.751
7.657
8.699
9.116
7.605
7.605
7.606
8.282
4.740
7.605
7.762
7.657
7.606
7.657
7.605
7.605
7.709
7.709
7.658
7.709
7.605
8.698
8.855
8.699
9.116
7.605
7.657
6.407
4.740
7.657
8.856
7.709
7.709
8.699
8.699
7.657
8.960
7.761
7.605
7.709
7.605
9.011
7.605
9.011
7.606
8.699
6.199
7.085
7.657
7.605
9.115
7.605
7.605
7.709
7.605
7.605
9.116
7.709
7.605
7.813
7.605
7.606
9.011
8.803
7.709
7.709
7.814
8.335
7.709
7.709
7.605
7.657
8.699
8.803
7.762
7.605
8.855
7.605
8.803
9.012
7.657
7.709
8.699
42.036
7.605
7.709
7.657
7.709
8.699
9.064
7.657
7.709
7.605
8.803
7.762
7.605
8.803
7.762
8.803
8.803
8.699
8.803
4.688
8.491
7.709
7.710
7.605
7.709
7.710
7.709
7.605
8.335
7.605
7.709
7.605
7.605
8.803
7.761
7.605
8.803
8.699
6.199
9.116
7.709
7.710
7.709
7.761
8.803
7.605
8.699
7.762
8.699
8.751
8.335
7.709
7.605
7.657
8.751
8.803
7.605
4.688
7.761
8.386
7.657
7.605
7.605
7.709
9.011
7.605
7.605
9.064
7.605
7.657
7.605
8.699
9.012
7.605
7.657
7.762
9.116
7.761
7.709
7.710
7.605
7.761
7.605
7.657
7.709
7.710
7.657
9.064
7.709
7.657
7.709
7.605
8.803
8.803
45.474
7.189
7.709
7.709
7.709
8.699
9.116
7.657
7.761
7.553
7.605
7.761
7.605
7.709
8.803
7.657
9.116
7.710
7.709
5.574
9.011
7.709
7.709
7.657
7.709
7.710
7.709
7.761
7.605
7.709
7.710
7.605
8.751
7.709
7.605
7.814
7.657
7.553
4.688
7.710
7.709
8.334
7.605
7.710
7.605
9.011
7.813
7.709
7.605
7.605
7.605
9.064
7.605
8.751
7.605
8.282
7.710
6.095
7.606
7.709
7.709
7.605
7.710
7.709
8.803
8.699
8.699
8.803
7.762
8.699
9.116
7.709
7.605
7.710
8.803
7.657
4.741
8.283
7.605
8.334
7.709
8.335
7.658
7.657
8.282
7.657
7.605
8.282
7.709
7.709
8.386
7.605
8.386
7.709
7.605
9.220
7.814
7.606
9.168
7.657
7.709
8.438
8.386
7.709
9.115
7.709
7.709
8.335
7.605
7.709
7.709
9.012
7.710
42.505
8.438
8.490
7.761
7.605
7.710
7.605
7.605
7.605
9.064
7.605
7.710
7.605
9.116
7.709
7.657
7.813
7.605
7.657
5.522
7.657
7.657
7.657
7.605
7.709
7.709
7.709
7.605
7.657
9.012
7.709
8.699
8.699
8.804
8.803
7.709
8.699
8.699
6.147
8.490
7.553
7.605
7.813
7.605
7.657
9.012
7.709
7.709
7.709
7.709
7.605
8.959
7.605
7.605
7.813
7.709
8.282
9.220
7.605
7.813
7.657
7.709
7.709
8.855
7.605
7.761
7.657
8.699
8.699
8.282
7.606
7.709
7.605
7.657
7.605
8.334
7.709
7.709
8.387
7.709
7.709
7.709
7.657
7.710
8.698
8.803
8.699
8.803
8.698
8.699
9.116
7.657
7.658
7.709
42.036
8.283
7.709
7.605
8.282
7.605
8.699
8.960
8.907
8.282
7.605
7.709
8.803
9.011
7.762
7.709
8.334
7.762
7.605
4.688
7.085
7.709
7.813
7.605
7.761
8.282
7.658
7.605
7.605
8.282
7.709
7.709
7.658
8.283
7.761
7.709
7.657
7.709
6.302
7.605
7.657
7.605
8.751
8.751
9.012
8.803
8.334
7.605
7.605
8.908
8.751
9.116
7.709
7.605
8.751
7.657
8.751
9.116
7.761
7.605
7.605
8.803
7.605
9.116
7.657
7.605
7.709
7.658
8.699
8.855
7.605
9.063
7.657
7.657
7.657
44.068
7.709
7.605
7.709
7.709
8.803
7.605
7.657
7.709
7.657
7.709
8.803
8.698
9.115
7.605
7.605
9.116
7.605
7.605
6.199
8.595
8.334
7.657
7.605
7.606
7.710
7.709
7.657
8.699
8.282
7.710
7.605
7.709
7.762
7.605
