8.907
8.282
7.501
8.751
7.605
7.657
8.335
7.501
7.605
7.605
7.501
7.605
7.606
8.282
7.553
7.501
7.241
7.605
7.501
7.657
7.501
7.657
7.605
7.657
8.595
7.605
8.178
7.709
7.605
7.605
8.699
8.178
7.657
7.605
7.658
29.899
7.709
7.605
8.334
7.501
7.605
7.553
8.699
8.282
7.501
7.501
9.012
7.605
7.501
8.960
7.709
7.501
7.605
8.334
7.605
6.771
7.605
7.553
8.751
7.605
8.283
7.605
7.605
7.605
7.605
8.230
7.709
7.605
7.606
7.605
8.699
7.605
9.011
7.605
4.740
7.709
8.282
7.605
7.605
7.605
7.501
8.282
7.605
7.657
7.606
7.605
7.710
7.605
9.011
7.500
7.709
7.605
8.699
6.303
7.710
7.553
7.605
7.657
7.605
7.605
7.605
7.605
7.605
7.657
8.699
8.595
9.012
7.657
7.605
7.657
8.699
8.178
4.688
8.960
7.605
7.657
7.605
8.282
7.501
7.657
7.605
7.605
8.595
8.334
7.501
7.605
7.605
8.595
8.282
7.709
7.605
7.605
4.740
9.011
7.605
8.282
7.657
7.605
7.605
7.605
8.699
8.699
8.698
7.553
8.283
7.605
7.605
7.657
7.605
7.605
7.605
4.688
6.199
4.688
7.606
9.011
8.335
7.605
7.658
7.605
7.657
9.011
7.657
8.699
9.012
7.605
8.334
7.606
7.605
7.657
7.605
6.771
8.595
8.230
7.553
8.282
7.605
7.605
7.605
7.605
9.116
7.605
7.605
7.605
7.605
9.011
7.605
7.709
7.658
7.605
4.689
7.605
7.605
8.699
8.230
7.605
7.605
7.657
7.605
7.709
7.605
7.553
8.699
7.657
8.699
8.699
8.699
8.334
7.657
4.741
6.980
7.605
7.657
7.605
7.605
7.605
7.605
8.334
7.605
7.605
7.657
7.605
7.605
8.751
7.605
8.283
7.709
7.605
7.605
6.876
9.220
7.657
7.605
7.605
7.501
7.605
7.605
7.657
7.605
7.605
8.751
7.605
9.011
7.657
7.605
7.657
7.709
7.605
4.688
7.605
8.230
7.605
7.709
7.657
7.605
7.605
7.657
7.657
8.283
7.657
7.605
7.605
7.605
7.657
9.064
7.709
7.657
5.991
8.387
7.605
7.605
7.605
7.657
7.605
8.699
8.699
8.699
8.803
8.334
8.386
7.605
7.605
7.501
8.282
7.605
7.605
7.657
5.209
7.501
7.605
7.553
7.657
8.699
8.334
7.553
7.657
7.605
7.605
7.657
7.605
7.501
8.699
8.283
7.657
7.657
7.605
4.688
7.605
9.167
7.605
8.699
8.699
8.334
7.658
7.709
7.605
7.658
7.605
7.605
7.657
7.553
7.605
7.605
7.501
7.553
8.230
6.772
7.657
7.605
8.594
9.011
8.334
8.282
7.605
7.657
8.647
8.699
7.605
8.699
8.699
8.699
8.282
7.657
7.605
7.605
4.688
7.605
8.126
7.605
7.605
7.762
7.605
7.606
7.657
7.605
7.605
7.605
8.699
8.751
7.709
7.710
7.657
7.657
7.657
4.740
7.084
9.011
7.605
7.605
8.699
8.699
8.230
7.552
7.501
7.605
7.605
7.605
8.282
7.658
7.605
7.605
7.605
7.605
7.605
6.928
7.918
7.605
7.658
7.605
7.605
7.657
7.605
7.709
7.606
9.011
7.657
9.011
8.647
9.011
7.605
7.605
7.605
7.605
4.792
7.553
8.282
7.605
7.605
7.606
7.657
7.605
7.605
7.657
9.012
7.709
7.709
7.657
8.699
9.012
8.230
7.658
7.657
7.605
7.084
8.334
7.605
7.605
8.335
7.709
7.709
7.605
7.605
9.011
7.605
7.501
7.657
7.605
7.605
9.011
9.011
7.605
7.605
6.667
7.605
7.605
7.658
8.282
7.658
7.605
8.230
7.709
7.605
7.605
9.011
7.605
8.282
7.605
7.657
7.709
7.657
8.803
29.638
7.709
7.605
7.605
7.605
7.605
7.605
7.605
7.709
7.605
7.605
7.605
8.230
7.605
8.282
7.605
7.605
7.605
7.605
7.605
7.032
7.605
8.334
7.657
8.387
8.282
7.605
7.710
8.283
7.605
7.605
7.657
9.011
7.657
7.605
7.657
7.605
7.605
8.335
4.689
6.927
7.605
7.501
7.605
7.605
7.605
7.709
7.501
7.605
7.605
7.605
7.605
9.011
7.605
7.605
7.605
7.605
7.605
8.387
4.741
7.709
7.605
7.501
7.553
7.605
8.334
7.605
7.605
7.605
7.605
8.335
7.605
7.605
7.605
8.698
8.178
7.605
7.605
7.240
4.688
8.699
8.334
7.605
7.605
7.658
7.709
7.605
7.605
8.699
8.647
8.335
7.605
7.709
7.605
7.605
7.605
7.605
31.931
9.115
7.605
7.605
7.605
8.334
7.605
7.658
7.605
7.606
7.605
7.605
8.699
8.335
7.605
7.657
7.606
7.605
7.658
7.605
4.688
7.657
8.595
8.699
8.699
8.178
7.605
7.605
7.657
7.605
7.605
7.657
7.605
8.334
7.605
7.605
7.605
7.657
7.605
7.657
4.688
7.605
7.605
7.657
7.605
7.605
7.657
8.282
7.710
7.605
7.605
7.605
7.605
7.553
7.605
8.334
7.605
7.605
7.657
4.740
8.386
7.605
8.283
7.500
7.657
7.605
7.605
8.178
7.605
7.605
7.605
7.605
7.605
8.751
8.595
8.387
7.709
7.605
6.199
9.012
7.605
7.605
9.012
7.605
7.605
7.658
8.178
7.605
7.553
7.553
7.605
8.595
8.386
7.658
7.501
7.605
7.709
7.605
6.668
8.699
8.282
7.606
7.657
7.553
7.605
7.605
7.605
7.605
8.334
7.605
7.605
7.605
7.605
7.657
7.606
8.699
7.605
4.688
7.032
7.605
8.699
8.230
7.605
7.606
7.605
8.699
7.605
9.012
7.657
7.657
7.658
7.605
7.657
8.699
7.709
7.605
7.605
7.136
9.272
7.657
7.605
7.606
7.605
8.282
7.605
7.501
7.605
7.605
7.657
8.282
7.709
8.803
7.709
7.605
7.606
7.605
6.198
7.657
7.709
7.605
7.605
7.606
7.657
7.605
7.605
7.605
7.605
8.751
8.699
8.699
8.699
7.553
8.803
7.605
7.657
4.688
8.699
8.334
7.709
7.710
7.605
7.553
7.657
7.605
7.605
7.553
7.501
8.282
7.657
7.605
7.501
7.658
7.605
9.011
7.501
4.792
7.657
7.605
7.606
7.553
7.605
7.605
8.699
7.500
7.605
7.605
7.501
7.605
8.699
8.803
7.658
8.334
7.605
7.553
4.688
9.012
7.710
7.605
7.605
7.657
8.178
7.605
7.605
7.605
7.553
7.657
7.605
8.751
7.605
7.605
8.699
8.178
7.605
7.657
6.719
8.282
7.605
7.605
7.605
7.605
8.387
9.011
7.709
8.803
7.709
7.709
7.606
8.699
8.283
7.605
7.605
7.605
7.605
4.740
7.605
7.605
7.606
8.699
9.116
7.658
7.605
8.699
8.751
8.699
8.282
7.605
7.605
7.657
7.605
7.605
8.699
7.657
6.719
7.084
7.605
7.657
7.606
7.657
8.335
7.709
8.282
7.605
7.709
9.116
7.657
7.605
7.606
7.605
7.605
7.605
8.959
7.605
8.908
7.605
7.605
8.283
7.658
8.283
7.605
7.605
7.657
7.501
7.605
7.501
7.606
7.605
7.605
7.605
7.501
7.657
9.063
5.261
7.605
7.605
7.605
7.709
7.605
7.605
7.709
8.283
7.605
7.605
7.501
7.500
7.605
7.605
7.605
8.335
7.605
7.605
4.793
7.501
8.751
8.699
7.606
7.657
7.553
7.605
7.657
8.334
7.553
7.605
8.960
7.657
8.751
8.699
8.282
7.709
7.605
8.751
6.303
7.605
7.605
8.803
8.282
7.710
7.605
7.657
7.605
8.230
7.605
7.605
7.605
7.605
7.606
7.605
8.386
7.709
7.605
4.792
8.282
7.501
7.605
7.605
8.751
7.605
8.699
9.011
7.709
8.022
7.605
7.605
7.657
7.605
7.605
7.605
7.605
7.657
7.657
6.199
7.605
7.605
7.500
8.334
7.658
7.605
7.605
7.709
7.605
8.699
7.657
8.283
8.334
7.709
7.605
7.605
7.657
8.282
4.792
7.605
8.282
7.501
7.605
7.605
7.709
7.605
7.605
7.605
8.699
7.605
7.605
7.553
7.657
7.605
8.751
8.699
8.282
4.741
7.032
7.657
7.606
7.605
7.606
9.011
7.605
7.605
8.751
7.606
8.699
8.751
8.282
7.605
