10.522
9.480
9.376
9.428
9.376
9.428
9.480
9.377
9.636
9.481
9.376
9.481
9.376
9.480
9.480
8.907
9.324
4.688
4.688
7.084
9.272
9.376
9.376
9.324
9.272
9.637
9.532
9.481
9.480
9.481
9.428
9.585
9.480
9.637
9.376
9.480
9.480
9.532
9.376
9.532
9.481
9.584
9.481
9.636
9.480
9.636
9.532
9.584
9.532
9.636
9.480
9.636
9.584
9.480
9.480
9.585
9.376
8.907
9.272
9.376
9.584
9.585
9.532
5.573
6.876
9.532
9.637
8.907
9.219
9.480
9.637
9.376
9.584
9.480
9.636
9.376
9.480
9.376
9.584
9.481
9.480
9.480
9.480
9.585
9.376
9.481
9.480
9.480
9.480
9.480
9.533
9.532
9.376
9.428
9.480
9.532
9.637
9.480
9.481
9.428
9.532
9.532
9.428
9.376
9.480
4.688
4.740
6.772
9.532
9.272
9.376
9.480
9.585
9.428
9.532
9.585
9.376
9.637
9.376
9.637
9.480
9.585
9.532
9.481
9.480
9.429
9.428
9.481
9.428
9.533
9.532
9.481
9.376
9.480
9.637
9.532
9.585
9.428
9.428
9.480
9.533
9.636
9.428
9.532
9.637
9.376
9.533
9.532
9.584
9.480
9.481
5.209
7.188
7.396
9.636
9.480
9.429
9.272
9.324
9.428
9.272
9.428
9.481
9.376
9.532
9.480
9.532
9.584
9.532
9.480
9.480
9.585
9.585
9.480
9.480
9.637
9.376
9.480
9.584
9.428
9.480
9.532
9.480
9.637
9.376
9.585
9.532
9.481
9.480
9.533
9.376
9.377
9.480
9.584
9.480
9.480
9.533
9.481
9.376
9.584
9.636
9.481
9.428
9.481
9.636
9.324
9.480
9.481
9.376
9.585
9.584
9.428
9.532
9.637
9.376
9.533
9.480
9.585
9.532
9.428
9.480
9.481
9.428
9.376
9.637
9.376
9.584
9.376
9.481
9.480
9.533
9.584
9.376
9.636
9.533
9.637
9.324
9.584
9.533
9.376
31.150
4.740
6.511
9.168
9.376
9.480
9.584
9.376
9.636
9.481
9.376
9.637
9.428
9.637
9.532
9.272
9.584
9.533
9.584
9.377
9.584
9.585
9.428
9.480
9.585
9.480
9.585
9.376
9.637
9.376
9.585
9.428
9.585
9.376
9.637
9.532
9.533
9.376
9.376
9.584
9.376
9.584
9.480
9.532
9.637
9.376
6.199
7.188
6.199
7.501
8.907
9.272
9.376
9.480
9.533
9.376
9.481
9.376
9.429
9.376
9.637
9.376
9.480
9.480
8.907
9.324
9.480
9.324
9.481
9.532
9.533
9.584
9.429
9.480
9.533
9.532
9.272
9.584
9.533
9.376
9.637
9.636
9.376
9.428
9.584
9.584
9.480
9.481
9.376
9.533
4.688
6.095
6.772
9.324
9.324
9.376
9.533
9.480
9.480
9.585
9.480
9.532
9.480
9.480
9.637
9.480
9.585
9.480
9.480
9.584
9.376
8.908
9.324
9.376
9.585
9.428
9.533
9.428
9.481
9.532
9.533
9.428
9.377
9.480
9.481
9.480
9.585
9.532
9.533
9.532
9.585
9.532
9.377
9.584
9.585
9.532
4.688
4.688
6.720
9.689
4.740
9.480
9.585
9.636
9.637
9.376
9.637
9.532
9.480
9.428
9.637
9.532
9.533
9.584
9.533
9.532
9.585
9.480
9.324
9.324
9.376
9.480
9.637
9.376
9.585
9.480
9.480
9.480
9.481
9.480
9.533
9.376
9.481
9.376
9.532
9.428
9.584
9.376
9.532
9.480
31.983
4.688
6.928
9.480
9.532
9.480
9.376
9.480
9.376
9.481
9.532
9.324
9.480
9.533
9.532
9.481
9.480
9.480
9.688
9.324
9.584
9.480
9.584
9.376
9.584
9.480
9.428
9.584
9.481
9.376
9.585
9.428
9.585
9.376
9.481
9.532
9.480
9.584
9.376
9.480
9.428
9.689
9.376
9.637
9.480
9.428
4.688
6.980
9.012
9.480
9.533
9.376
9.481
9.532
9.481
9.376
9.585
9.428
9.271
9.532
9.481
9.324
9.376
9.481
9.480
9.428
9.480
9.429
9.480
9.481
9.428
9.428
9.532
9.376
9.533
9.636
9.585
9.272
9.532
9.533
9.376
9.533
9.532
9.428
9.376
9.637
9.428
9.376
9.584
9.585
4.688
6.980
8.907
9.324
9.532
9.480
9.428
9.481
9.480
9.429
9.428
9.637
9.532
9.377
9.480
9.376
9.636
9.533
9.584
9.481
9.480
9.585
9.480
9.377
9.532
9.428
9.428
9.428
9.272
9.584
9.428
9.428
9.533
9.480
9.533
9.428
9.533
9.480
9.429
9.584
9.637
9.480
9.376
9.636
9.428
4.792
4.740
6.720
9.585
6.928
9.324
9.376
9.376
9.376
9.480
9.533
9.584
9.376
9.532
9.637
9.376
9.481
9.324
9.429
9.376
9.532
9.585
9.480
9.480
9.480
9.376
9.636
9.480
9.480
9.585
9.480
9.585
9.376
9.585
9.480
9.481
9.376
9.584
9.532
9.585
9.480
9.324
8.907
9.324
35.786
5.469
6.876
7.762
9.324
9.376
9.272
9.480
9.533
9.532
9.376
9.376
9.637
9.480
9.637
9.376
9.637
9.480
9.533
9.480
9.637
9.480
9.584
9.532
9.585
9.480
9.480
9.637
9.480
9.585
9.376
9.637
9.480
9.481
9.532
9.480
9.636
9.324
9.480
9.637
9.428
9.481
9.480
9.585
9.376
9.533
4.740
7.032
5.209
7.501
9.428
9.480
9.428
9.585
9.480
9.481
9.376
9.481
9.480
9.481
9.428
9.533
9.376
9.637
9.532
9.533
9.584
9.481
9.376
9.480
9.480
9.584
9.376
9.584
9.481
9.532
9.481
9.324
9.324
9.532
9.481
9.480
9.376
9.636
9.429
9.532
9.481
9.480
9.584
9.480
9.532
31.775
4.688
4.688
6.094
7.553
9.272
9.324
9.324
9.376
9.585
8.178
9.324
9.272
9.272
9.585
9.480
9.585
9.532
9.532
9.376
9.481
9.480
9.533
9.480
9.376
9.533
9.376
9.532
9.480
9.480
9.637
9.376
9.480
9.480
9.585
9.480
9.585
9.480
9.585
9.376
9.637
9.480
9.481
9.532
9.272
29.899
4.792
6.823
9.428
7.084
8.907
9.324
9.376
9.584
9.480
9.584
9.480
9.584
9.532
9.480
9.480
9.584
9.585
9.272
9.585
9.584
9.428
9.376
9.637
9.480
9.637
9.428
9.585
9.376
9.585
9.480
9.585
9.636
9.324
9.376
9.585
9.376
9.480
9.584
9.532
9.428
9.533
9.376
9.376
9.532
9.480
4.688
4.741
6.719
7.710
9.376
9.480
9.585
9.480
9.637
9.480
9.532
9.637
9.376
9.428
9.480
9.376
9.324
9.324
9.376
9.533
9.480
9.272
9.636
9.324
9.532
9.480
9.480
9.376
9.584
9.481
9.324
9.480
9.376
9.480
9.585
9.480
9.481
9.532
9.376
9.584
9.480
9.532
9.533
9.428
31.930
4.793
6.928
9.481
9.376
9.585
9.584
9.376
9.480
9.481
9.480
9.481
9.532
9.428
9.532
9.481
9.376
9.585
9.376
9.532
9.376
9.480
9.584
9.376
9.533
9.532
9.376
9.532
9.585
9.376
9.637
9.532
9.376
9.584
9.585
9.428
9.533
9.480
9.481
9.532
9.480
9.584
9.533
9.480
9.481
9.532
4.688
6.563
5.991
8.282
9.428
9.376
9.480
9.481
9.376
9.480
9.480
9.480
9.637
9.376
9.376
9.532
9.481
9.324
9.377
9.636
9.429
9.636
9.481
9.376
9.376
9.324
9.481
9.480
9.481
9.480
9.481
9.636
9.376
9.636
9.481
9.532
9.533
9.376
9.533
9.532
9.377
9.584
9.377
9.480
4.740
4.792
6.928
9.481
7.292
9.272
9.272
9.480
9.585
9.480
9.480
9.584
9.481
9.480
9.637
9.480
9.584
9.532
9.637
9.428
9.376
9.481
9.480
9.533
9.480
9.429
9.584
9.481
9.532
9.533
9.376
9.532
9.584
9.480
9.584
9.480
9.376
9.636
9.585
9.428
9.533
9.584
9.481
9.480
9.585
9.532
4.688
6.824
7.553
9.324
9.324
9.376
9.533
9.480
9.481
9.532
9.429
9.480
9.481
9.584
9.533
9.376
9.637
9.532
9.637
9.376
9.532
9.584
9.481
9.428
9.272
9.585
9.584
9.533
9.480
9.585
9.584
9.481
9.532
9.376
9.584
9.584
8.908
9.324
9.584
