6.199
11.251
10.678
11.095
11.408
11.304
11.199
11.199
10.990
10.991
10.887
10.991
11.199
11.043
11.095
11.095
11.095
11.043
10.782
10.887
11.148
11.043
11.095
11.199
11.095
11.199
11.199
11.408
11.148
10.991
10.939
11.616
10.939
10.990
11.043
10.991
11.095
10.782
35.577
6.199
6.980
9.532
11.876
10.783
10.887
11.147
11.095
11.356
10.990
10.886
10.939
11.303
11.199
11.199
10.991
10.991
11.199
10.887
11.147
11.407
10.782
10.990
11.095
11.095
11.147
11.200
11.095
11.252
11.199
11.303
10.990
10.886
10.939
10.991
11.043
10.887
11.303
10.782
47.141
6.615
11.095
11.095
10.887
10.887
10.991
11.511
10.939
11.512
11.460
10.991
10.938
10.886
10.886
11.459
10.834
11.251
10.834
11.095
11.564
10.886
10.991
11.200
11.303
11.408
10.991
10.887
11.356
11.304
11.147
10.835
11.095
10.991
11.095
11.200
11.043
10.887
6.199
6.407
11.095
10.991
11.251
11.199
11.043
10.783
10.991
11.042
11.199
11.095
11.095
10.990
11.147
11.043
10.939
11.304
11.199
10.990
11.355
10.886
10.887
11.043
10.939
11.095
11.095
11.252
11.095
10.783
11.825
11.199
10.574
11.252
11.147
10.990
10.835
11.199
11.043
44.589
6.459
11.199
10.939
11.251
10.991
11.147
11.251
11.043
11.720
10.887
11.199
11.355
10.886
11.095
11.512
10.991
11.251
11.304
10.887
10.887
10.991
11.095
11.095
11.407
11.304
11.564
10.990
11.303
11.303
10.939
10.887
11.303
10.991
10.990
11.303
11.668
11.407
10.938
11.199
5.990
5.991
11.304
10.991
11.147
10.991
10.939
11.095
10.939
11.095
11.095
10.991
10.991
11.147
11.095
10.887
10.887
11.304
10.939
11.095
11.252
10.991
11.512
10.938
11.199
11.043
11.303
10.991
11.199
10.731
11.408
11.095
11.199
10.939
11.251
10.783
11.095
10.886
6.251
6.980
11.460
10.834
11.407
10.991
11.095
10.991
10.991
11.095
10.990
11.147
11.512
11.199
11.199
11.408
11.043
11.096
10.783
11.095
11.095
11.512
11.512
10.939
10.835
11.511
10.991
10.939
10.991
10.938
11.303
11.303
11.303
11.096
11.043
11.095
11.303
11.303
11.511
43.390
6.668
10.679
11.043
11.304
11.303
11.147
11.095
11.303
11.095
10.939
11.147
11.303
11.304
10.991
11.147
10.887
11.200
10.887
10.887
11.043
10.783
11.200
11.303
11.199
10.886
11.303
11.200
11.564
10.783
10.991
11.148
11.095
10.991
10.939
11.616
11.199
10.783
11.303
9.376
6.719
10.522
11.355
10.887
11.199
11.095
10.990
10.887
11.095
11.095
11.303
11.511
10.991
11.199
10.938
11.303
11.668
11.199
11.095
10.887
11.043
11.147
11.200
11.095
11.148
10.783
10.887
10.887
10.887
11.200
11.095
10.939
11.095
10.782
10.887
10.991
11.095
11.095
41.776
6.095
6.094
11.200
9.897
10.366
11.095
11.251
10.782
10.991
10.991
10.990
11.043
11.408
11.304
11.251
11.095
11.251
11.043
11.512
11.460
11.148
11.199
11.147
11.095
11.772
10.990
11.407
11.251
11.199
11.095
11.199
11.095
10.887
10.939
11.147
11.408
11.095
11.147
10.939
44.328
6.720
10.991
11.199
10.938
10.783
10.887
11.095
11.095
11.303
11.199
11.096
11.147
10.887
11.199
10.783
11.148
11.147
11.095
11.407
10.731
10.991
11.148
11.199
10.887
11.616
10.991
11.095
11.147
10.886
10.990
11.095
10.887
10.991
11.147
10.679
10.991
10.887
11.043
6.303
5.209
11.095
11.199
10.991
10.991
10.939
11.095
10.991
10.991
11.095
10.938
11.043
10.783
10.991
11.095
10.782
11.407
11.720
11.096
10.939
10.991
10.887
11.251
10.991
11.095
11.251
11.147
11.304
11.199
10.991
11.199
10.887
11.043
11.043
11.199
10.991
11.043
11.616
42.296
6.407
11.304
11.408
10.991
11.407
10.938
11.095
11.095
11.616
10.939
10.783
11.200
10.939
11.303
10.886
10.991
11.199
11.095
11.148
10.991
10.991
10.887
10.887
11.199
11.095
10.991
11.199
10.990
11.199
11.303
11.356
11.512
11.303
10.991
10.938
11.355
11.147
10.991
11.199
5.990
5.522
10.886
11.407
11.251
11.095
11.251
11.408
11.148
11.043
10.939
11.251
11.408
10.887
11.096
10.991
10.887
10.887
11.043
11.199
11.095
10.887
11.095
11.147
11.095
10.887
11.199
11.200
11.460
11.303
11.095
11.199
11.095
11.200
11.095
10.939
11.303
11.199
6.303
6.980
11.043
10.783
11.095
11.199
10.991
10.990
10.939
10.991
10.783
11.616
11.304
11.512
10.834
10.990
11.147
11.095
11.199
10.991
10.835
11.303
11.095
10.991
11.096
10.991
11.043
11.512
11.095
11.095
11.408
10.886
11.251
11.095
11.564
11.095
11.095
11.095
11.095
40.422
6.459
10.679
11.304
11.668
10.938
10.939
10.991
11.147
11.095
10.939
11.095
11.303
11.407
10.991
10.939
11.304
11.303
10.678
10.782
10.783
11.095
10.782
11.199
10.991
11.199
11.095
11.095
11.043
10.887
10.991
11.199
11.043
10.991
11.616
11.148
11.408
11.199
11.303
4.688
6.407
10.105
10.886
10.991
10.783
10.782
11.043
11.199
11.199
10.991
11.199
10.939
11.200
11.303
11.355
11.095
10.939
11.668
10.730
11.095
10.991
10.887
11.303
10.887
11.095
11.408
11.199
10.991
11.043
11.199
10.887
11.095
11.043
11.564
10.990
11.095
11.199
11.303
11.304
4.688
5.678
10.783
11.200
10.939
11.616
11.199
10.991
11.147
11.199
11.095
11.408
10.887
10.939
11.200
10.783
10.991
11.043
11.303
10.887
11.252
11.252
11.095
10.991
11.459
10.990
11.199
10.887
10.939
11.147
10.939
11.304
10.887
11.043
11.095
11.251
11.095
10.835
11.408
44.120
6.720
11.200
10.991
11.147
11.095
11.616
10.939
11.304
10.887
11.095
10.939
11.095
11.095
11.303
11.304
11.147
11.199
10.990
11.407
10.991
10.783
11.200
11.199
11.720
11.095
11.043
11.095
11.200
11.460
10.991
10.991
11.303
11.043
10.990
11.355
11.095
10.991
11.147
6.147
4.740
10.887
11.616
10.887
11.200
11.043
10.782
10.938
11.147
10.991
10.991
10.991
10.938
11.251
10.782
11.095
10.991
11.460
11.043
10.991
11.043
11.303
11.095
11.408
10.991
11.200
11.095
10.991
10.886
11.199
10.991
11.199
11.095
11.095
10.678
10.939
11.251
11.303
46.568
6.407
10.106
11.200
11.199
10.834
10.991
11.356
11.564
11.095
11.355
11.199
11.199
11.199
10.783
10.939
10.886
11.147
11.147
10.886
10.834
11.251
11.095
11.095
10.991
11.095
11.356
11.095
10.835
11.096
11.303
11.251
11.564
10.887
10.887
10.991
10.939
11.199
11.304
6.198
6.147
10.991
11.095
11.564
10.887
11.147
11.095
10.783
11.043
11.095
11.095
11.407
10.886
10.834
11.199
11.043
11.095
10.991
10.991
11.199
10.991
11.407
11.043
10.991
10.939
10.886
11.251
10.991
10.678
11.199
11.199
10.887
10.991
11.356
11.407
11.564
10.991
11.407
38.651
6.511
11.095
11.199
11.043
11.303
10.887
11.252
10.991
10.887
11.199
10.939
11.043
11.251
10.886
11.303
11.148
10.991
11.252
10.887
11.304
10.991
11.095
10.938
11.095
11.095
11.251
11.200
11.251
11.720
11.408
11.095
11.304
11.199
10.886
11.407
11.303
10.990
10.990
10.991
6.250
6.719
10.210
10.990
11.095
11.147
11.095
11.096
10.887
10.782
11.043
10.991
11.043
11.199
11.199
11.147
10.782
11.460
10.887
11.304
11.199
11.096
11.303
11.200
10.887
11.304
10.835
10.887
10.939
11.720
11.043
11.303
11.043
11.303
11.095
11.251
11.459
10.886
40.942
6.355
6.407
11.043
11.199
11.095
10.887
11.303
11.095
11.512
11.095
11.199
10.991
10.991
11.303
11.251
10.991
11.147
11.824
11.303
11.200
11.095
11.408
11.355
10.783
10.835
11.252
11.199
11.199
11.043
11.199
10.782
10.991
11.407
11.043
11.147
11.251
11.407
10.939
11.200
6.303
6.720
10.574
11.043
10.991
11.199
11.095
10.990
11.251
11.095
11.356
11.095
11.200
10.887
10.783
11.303
11.095
11.043
10.991
11.147
11.199
11.095
11.407
