25.680
10.991
10.887
12.710
10.418
10.001
9.949
10.262
10.418
10.210
10.262
10.106
10.209
10.106
4.688
4.688
6.303
10.365
10.209
10.106
10.418
10.105
10.001
10.262
9.897
10.105
10.209
10.418
10.261
9.897
10.105
10.106
10.105
10.418
10.105
10.001
10.209
10.210
10.209
10.210
9.897
10.106
10.001
9.949
10.002
10.418
10.210
10.418
10.105
9.949
10.001
10.209
10.106
10.105
10.314
10.210
9.949
10.105
10.053
4.792
4.740
6.095
10.418
10.053
10.001
10.105
10.209
10.209
10.158
10.158
10.261
10.313
10.418
10.209
10.105
10.001
10.106
10.261
10.209
10.158
10.157
10.105
10.001
10.314
9.897
10.366
10.418
10.365
10.105
9.897
9.897
10.262
10.157
10.210
10.210
10.574
10.157
10.105
10.053
10.261
10.106
4.792
6.199
6.771
9.584
10.209
10.210
10.106
9.897
10.261
9.897
10.418
10.210
10.105
10.209
10.105
10.210
10.105
10.054
10.314
10.314
10.002
10.313
10.105
10.210
9.949
10.105
10.106
10.209
10.002
10.209
10.262
10.210
10.157
10.001
10.210
10.209
10.262
10.210
10.418
10.418
10.001
10.366
10.366
10.158
31.567
4.740
6.876
10.209
9.949
10.001
10.470
10.106
10.314
10.522
10.366
10.105
9.897
10.210
10.418
10.209
10.106
10.157
10.262
10.106
10.105
10.366
10.210
10.209
10.002
10.105
10.106
10.209
10.261
10.210
10.314
10.209
10.001
10.314
9.897
10.209
10.158
10.209
10.262
10.105
10.001
10.262
10.001
10.106
10.105
4.688
4.688
4.792
10.158
10.314
10.209
10.418
9.897
10.105
10.105
10.209
10.210
10.366
10.210
10.314
10.001
10.313
10.314
10.210
10.366
10.418
10.418
10.418
10.158
10.001
9.897
10.001
10.261
10.054
10.366
10.001
10.365
9.897
10.001
10.470
10.001
10.105
9.897
9.949
10.314
10.366
10.418
10.001
6.719
4.688
4.793
10.522
10.210
10.106
10.314
10.262
10.001
9.897
10.106
10.313
10.209
10.470
10.209
10.105
10.418
10.313
10.157
10.210
10.209
9.897
10.105
10.105
10.314
10.105
10.210
10.418
9.845
9.897
10.158
10.262
10.418
10.366
10.418
10.262
10.418
10.001
10.158
10.157
10.001
10.001
9.897
10.418
33.025
4.688
7.189
10.105
10.574
10.106
10.418
10.470
10.210
10.105
10.418
9.949
10.418
10.366
10.626
10.470
9.897
10.106
10.366
10.314
10.262
10.418
10.366
10.209
10.210
10.105
10.106
10.366
10.262
10.209
10.261
10.106
10.105
10.210
10.417
10.210
10.105
10.001
10.209
10.001
10.209
10.106
10.001
4.688
6.355
6.407
9.845
10.417
10.522
10.314
9.897
10.418
10.106
9.897
10.001
10.262
10.105
10.314
10.313
10.418
10.262
10.210
10.314
10.001
10.366
10.366
10.002
10.209
10.106
10.105
10.001
10.366
10.106
10.105
10.001
10.417
9.897
10.418
10.314
10.001
10.105
10.835
10.366
9.897
9.897
10.418
10.209
32.712
6.095
6.824
10.314
4.740
10.106
10.209
10.158
10.105
10.418
10.209
10.210
10.105
10.209
10.001
10.366
10.209
10.313
10.001
10.105
10.261
10.158
10.262
9.897
10.001
10.053
9.897
10.105
10.209
10.365
10.210
10.210
10.209
10.470
10.313
10.209
10.105
9.897
9.949
9.897
10.105
9.897
10.366
37.087
4.688
4.688
5.522
10.418
10.261
10.313
10.106
10.157
10.105
10.158
10.001
10.314
10.418
10.418
10.262
10.105
10.105
10.366
10.209
10.366
10.210
10.366
10.001
10.209
10.106
9.897
10.210
10.001
10.210
10.262
10.261
10.261
10.418
10.262
10.470
10.002
10.158
10.418
10.105
10.002
10.209
10.210
9.897
10.001
6.719
4.688
7.085
6.095
5.417
10.001
10.157
10.105
10.366
9.897
9.897
10.001
10.210
10.470
10.314
10.106
10.417
10.470
10.313
10.418
10.261
10.210
10.001
9.949
10.105
10.001
10.366
10.053
10.106
10.418
10.209
10.313
10.209
9.949
10.262
10.314
10.366
10.470
10.261
10.209
10.106
10.001
9.950
5.522
7.085
9.585
10.262
10.105
10.418
10.157
10.470
10.313
10.105
10.158
10.105
10.053
10.105
10.418
10.365
10.366
10.417
9.949
10.417
10.210
10.105
10.105
10.210
10.418
9.897
10.105
10.366
10.262
10.105
10.314
10.158
10.053
10.106
10.262
10.313
10.002
9.897
10.314
10.105
10.106
9.897
10.106
45.370
6.668
4.793
10.366
10.001
10.366
10.106
10.418
10.209
10.002
10.053
9.897
9.897
10.314
10.366
10.470
9.897
9.950
10.314
10.417
9.949
9.949
10.418
10.105
10.209
10.313
10.314
10.106
10.105
10.158
10.209
10.418
9.949
10.314
10.105
10.314
10.054
10.209
10.313
10.105
10.418
10.314
9.897
10.001
4.792
6.719
10.418
10.470
10.313
10.313
10.106
10.313
10.157
10.001
10.365
10.418
10.157
10.105
10.366
10.105
10.209
9.897
10.470
10.417
9.949
9.897
10.210
10.366
9.897
10.262
10.001
10.262
10.418
10.418
10.418
10.366
10.314
10.105
9.897
10.418
10.105
10.418
9.897
10.418
9.897
10.261
6.303
6.511
10.470
10.105
10.626
10.158
10.105
9.949
10.209
10.105
10.105
9.897
10.470
10.366
10.209
9.897
10.001
10.314
10.314
10.313
10.314
10.158
10.105
9.897
10.105
10.105
10.418
9.897
10.001
10.366
9.949
9.897
10.106
10.209
10.210
10.470
10.262
10.418
10.001
10.106
10.418
10.470
10.105
10.054
4.689
6.720
9.740
10.262
10.105
10.314
10.106
10.105
10.314
10.314
9.897
10.470
10.314
10.105
10.417
10.314
10.314
10.001
10.106
10.366
10.106
10.418
10.314
10.053
10.210
10.001
10.470
10.418
10.209
9.897
10.418
9.897
10.314
10.105
10.210
10.418
9.897
9.949
10.366
9.949
10.053
10.001
4.740
6.615
6.198
10.105
10.210
10.158
10.418
10.313
10.261
10.210
10.105
10.209
9.897
10.210
10.262
10.001
10.105
9.949
10.210
10.001
10.105
10.261
9.897
9.896
10.157
9.897
10.105
9.949
10.261
9.949
10.001
10.001
10.314
9.897
9.897
10.314
10.105
9.897
10.210
9.897
10.418
10.418
10.314
10.105
4.793
6.303
6.198
10.887
10.262
9.897
9.897
10.366
10.158
10.105
10.001
10.105
10.002
10.105
10.314
10.209
10.001
10.158
10.105
10.158
10.209
10.209
10.262
10.470
9.897
9.897
10.366
10.105
10.001
10.210
10.053
10.418
10.262
10.314
10.210
10.418
10.001
10.418
10.105
10.365
10.418
10.105
10.106
6.302
6.824
10.105
6.772
10.210
10.105
10.366
10.366
10.418
10.313
9.897
10.366
10.209
10.417
10.209
10.157
9.897
9.897
10.314
10.314
10.418
10.418
10.209
10.209
10.105
9.897
10.366
10.366
10.313
10.157
9.897
10.314
10.106
10.105
9.949
10.366
10.210
10.105
10.210
10.053
10.002
9.897
9.897
44.745
6.667
4.740
10.001
10.106
10.366
10.105
10.314
10.106
10.105
10.313
10.313
10.314
10.314
9.897
9.897
10.158
9.897
10.001
10.313
9.949
9.949
10.314
10.314
10.470
10.418
10.001
10.106
10.209
10.314
9.950
10.313
10.262
9.897
10.001
10.002
10.105
10.106
10.105
10.105
9.897
10.001
10.366
4.688
6.927
9.376
9.897
10.418
10.106
10.314
10.001
9.949
10.210
10.209
10.261
10.106
10.105
10.105
9.949
9.897
10.417
10.105
9.897
10.418
10.210
10.210
10.105
10.418
10.366
10.418
9.949
10.001
10.001
10.366
10.105
10.314
9.897
9.897
9.897
10.314
9.897
10.158
9.897
10.001
10.106
10.209
45.995
4.688
6.980
10.418
10.418
10.314
10.418
10.106
10.105
9.897
9.897
10.157
10.470
10.158
9.897
10.210
10.105
10.418
10.106
10.262
10.105
9.897
10.314
10.470
10.366
10.105
10.105
10.105
10.001
10.262
10.366
10.105
10.313
10.418
10.418
10.001
10.001
10.053
10.053
10.417
9.897
10.001
10.105
9.949
39.015
6.668
10.574
10.314
10.157
10.210
10.418
10.105
9.897
10.106
10.209
10.105
10.210
10.313
9.949
10.209
10.209
10.105
10.001
10.261
9.949
10.314
10.314
10.157
10.054
10.209
9.897
10.105
9.897
10.418
