63.392
21.669
20.783
20.158
20.003
19.898
19.898
19.898
19.794
19.794
19.794
17.502
19.690
19.899
19.898
19.898
19.794
19.898
19.794
19.794
19.950
19.794
19.794
19.899
19.898
19.846
19.794
19.898
19.950
19.899
19.898
19.951
19.951
19.846
19.898
19.794
19.898
19.794
19.846
19.950
19.846
43.807
18.284
20.002
19.794
19.898
19.899
19.794
19.899
19.898
19.950
19.898
19.898
19.950
19.898
19.951
19.794
19.794
19.898
19.951
19.846
19.794
19.846
19.794
19.846
19.898
19.846
19.898
19.950
19.898
19.950
44.224
16.095
19.429
19.950
19.898
19.794
19.846
19.794
19.846
19.898
19.846
19.950
19.898
19.794
19.950
19.898
19.899
19.898
19.899
19.898
19.846
19.950
19.898
19.950
19.794
19.950
19.950
19.846
19.898
19.794
19.846
41.880
14.272
20.159
20.106
19.950
19.846
19.898
19.951
19.794
19.846
19.846
19.951
19.794
19.899
19.898
19.794
19.950
19.950
19.794
19.846
19.950
19.846
19.898
19.950
19.898
19.846
19.794
20.003
19.794
15.471
20.628
19.951
20.003
19.846
19.846
19.794
19.793
19.846
19.951
19.846
19.846
19.794
19.847
19.898
19.846
19.794
19.846
19.794
19.846
19.898
19.898
19.846
20.003
19.846
19.847
19.846
19.898
19.794
19.794
44.536
18.283
20.055
19.846
19.899
19.950
19.950
19.846
19.794
19.898
19.794
19.846
19.846
19.846
19.794
19.846
19.794
19.898
19.794
19.898
19.794
19.794
19.846
19.794
19.794
19.794
19.898
19.898
19.794
19.898
19.899
15.940
18.596
19.898
19.794
19.846
19.794
19.846
19.950
19.898
19.898
19.899
19.794
19.846
19.794
19.898
19.846
19.846
19.846
19.951
19.950
20.158
20.003
19.898
19.794
19.898
19.951
19.898
19.846
19.794
42.609
18.596
20.106
19.898
19.898
19.794
19.898
19.898
19.794
19.898
19.898
19.794
19.898
19.899
19.898
19.898
19.846
19.898
19.846
19.899
19.846
19.794
19.846
19.794
19.898
19.794
19.899
19.846
19.847
19.846
19.794
14.168
19.742
15.991
19.898
19.950
19.846
19.794
19.950
19.794
19.846
19.898
19.898
19.846
19.794
19.950
19.794
19.846
19.898
19.794
19.846
19.794
19.846
19.794
20.002
20.003
19.899
19.898
20.003
19.846
19.899
46.984
18.439
20.054
19.951
19.846
19.898
19.846
19.846
19.898
19.847
19.794
19.794
19.898
19.899
19.794
19.898
19.794
19.794
19.898
19.794
19.846
19.846
19.898
19.846
19.898
19.846
19.794
19.847
19.898
19.847
43.911
16.252
14.898
19.898
19.794
19.794
19.742
19.794
20.106
20.002
19.794
19.846
19.846
19.899
19.794
19.898
19.846
19.899
19.846
19.794
19.898
20.055
19.898
19.951
19.951
19.898
19.846
19.898
19.846
19.898
48.443
20.002
16.929
19.950
19.794
19.898
19.846
19.898
19.794
19.794
19.794
19.794
19.898
19.899
19.846
19.898
19.846
19.898
19.846
19.794
19.794
19.898
19.794
19.794
19.794
19.846
19.793
19.846
19.846
19.898
54.017
18.180
19.950
19.794
19.898
19.898
19.898
19.794
19.898
19.898
19.846
19.899
19.794
19.951
19.898
19.847
19.898
19.846
19.898
19.794
19.950
19.951
19.846
19.898
19.794
19.950
19.898
19.899
19.898
19.846
54.069
13.595
20.054
19.950
19.950
19.846
19.898
19.898
20.003
19.898
19.847
19.950
19.846
19.898
19.899
19.794
19.794
19.793
19.846
19.899
19.898
20.003
19.742
19.846
19.846
19.794
20.107
19.847
19.846
19.846
17.450
20.263
19.846
19.793
19.950
19.742
19.898
19.794
19.898
19.794
19.794
19.898
19.794
19.794
19.846
19.898
19.794
19.742
19.898
19.794
19.846
19.794
19.898
19.846
19.951
19.898
19.899
19.898
19.846
19.794
48.652
20.107
16.617
20.002
19.793
19.898
19.899
19.794
19.950
19.898
19.794
19.950
19.846
19.742
20.002
19.950
19.794
19.950
19.794
19.793
19.950
19.794
19.898
19.898
19.794
19.951
19.846
19.794
19.950
19.898
48.599
13.491
19.898
19.846
19.846
19.898
19.898
19.950
19.794
19.847
19.898
19.898
19.950
19.846
19.846
19.846
19.794
19.898
19.898
19.794
19.847
19.794
19.846
19.846
19.794
19.846
19.950
19.898
19.898
19.794
19.846
17.659
18.908
20.003
19.794
19.898
19.794
19.794
19.794
19.794
19.794
19.898
19.794
19.794
20.211
19.951
19.898
19.794
19.847
19.950
19.898
19.898
19.898
19.898
19.950
19.898
20.003
20.002
19.950
19.898
19.013
20.210
19.794
19.846
19.794
19.742
19.847
19.898
19.898
19.794
19.898
19.898
19.793
19.794
19.846
19.846
19.898
19.898
19.846
19.950
19.794
19.898
20.003
19.898
19.846
19.950
19.846
19.898
19.846
19.899
49.485
20.054
16.408
19.898
19.898
19.950
20.003
19.898
19.950
19.898
19.898
19.950
19.950
19.951
19.846
19.898
19.898
19.794
19.898
19.951
19.950
19.950
19.950
19.846
19.951
20.002
20.002
19.950
19.898
19.898
51.256
18.075
19.898
19.898
19.898
19.898
19.951
19.898
19.898
19.898
19.898
19.898
19.898
19.846
19.846
19.950
19.950
19.898
19.898
19.794
19.898
19.950
19.899
19.898
20.002
19.899
20.002
19.899
19.898
19.899
47.037
15.471
20.159
19.898
19.846
19.899
19.950
20.002
19.898
19.898
19.898
19.898
20.002
20.002
20.002
19.898
19.899
19.898
19.898
19.898
19.898
19.846
19.898
19.846
19.898
19.846
19.898
19.846
19.950
19.898
18.075
20.003
19.898
19.899
20.002
19.846
19.898
19.898
20.002
19.846
19.899
19.950
19.899
19.950
19.898
19.950
19.951
20.002
19.898
19.846
19.950
19.950
19.950
19.794
19.846
19.898
19.846
19.899
19.846
19.794
17.554
20.107
20.054
19.950
19.898
19.951
19.898
19.898
19.846
19.846
19.794
19.794
19.951
19.898
19.898
19.898
19.899
19.898
19.951
20.002
19.898
19.951
19.950
19.898
19.898
19.899
19.898
19.899
19.950
19.898
49.433
20.471
20.107
19.898
19.846
19.898
19.950
19.951
19.846
19.898
19.846
19.898
19.846
19.793
19.950
19.950
19.898
19.898
19.898
20.106
19.898
19.899
19.898
19.847
19.898
19.950
19.898
19.950
19.898
47.037
17.919
19.534
19.847
19.898
19.898
19.846
19.846
19.898
19.898
19.846
19.846
19.794
19.794
19.794
19.794
19.794
19.898
19.794
19.794
19.846
19.793
19.794
19.794
19.846
19.898
19.794
19.846
19.794
19.794
53.653
13.491
19.898
19.794
19.846
19.794
19.794
19.898
19.794
19.846
19.846
19.950
19.899
19.898
19.899
19.898
19.899
19.846
19.899
19.950
19.898
19.846
19.794
19.794
19.898
19.794
19.794
19.794
19.898
19.846
19.742
14.325
20.159
16.460
19.898
19.794
19.846
19.846
19.847
19.898
19.846
19.846
19.794
19.794
19.846
19.794
19.794
19.846
19.794
19.846
19.794
19.794
19.846
19.794
19.846
19.898
19.846
19.794
19.950
19.846
19.898
50.787
17.710
19.898
19.794
19.898
19.898
20.002
20.107
19.898
19.846
19.794
19.846
19.794
19.846
19.794
19.846
19.794
19.898
19.847
19.898
19.794
19.794
19.847
19.794
19.794
19.898
19.951
19.898
19.898
56.361
13.699
19.951
19.794
19.846
19.794
19.846
19.846
19.846
19.794
19.794
19.898
19.794
19.898
19.898
19.794
19.794
19.794
19.793
19.846
19.794
19.846
19.793
19.898
19.899
19.794
19.846
19.846
19.846
19.794
56.100
13.491
19.898
19.794
19.846
19.950
19.846
19.898
19.898
19.846
19.898
19.794
19.794
19.847
20.002
19.794
19.794
19.898
19.794
19.794
19.898
19.794
19.898
19.794
19.846
19.794
19.846
19.846
19.846
19.898
19.794
18.335
19.898
20.158
19.794
20.003
19.846
19.794
19.794
19.794
19.846
19.898
19.846
19.794
20.002
19.898
19.846
19.898
19.898
19.794
19.898
19.898
19.898
19.794
19.846
19.846
20.002
19.794
19.898
19.742
19.169
19.638
19.846
19.846
19.847
19.846
19.898
19.794
19.794
19.794
19.794
19.846
19.846
19.794
19.846
19.794
19.951
19.794
19.846
19.898
19.898
19.898
19.794
19.899
19.846
19.846
20.002
19.846
19.794
