9.168
4.688
5.208
7.032
9.636
9.480
7.292
8.335
7.709
9.793
7.814
8.803
8.959
7.865
7.709
7.709
7.709
7.970
7.709
9.689
8.803
8.803
9.845
9.116
7.709
7.709
9.011
7.813
7.813
8.908
9.012
7.710
7.814
7.710
9.376
9.012
7.762
9.585
8.803
9.272
7.814
8.595
7.709
9.845
7.709
7.761
8.804
8.907
32.816
6.199
6.876
7.396
9.011
7.761
7.761
9.584
9.116
9.116
7.657
9.897
8.022
7.709
7.709
8.751
8.907
8.803
8.803
8.803
9.011
7.709
8.698
8.959
7.709
9.115
9.011
7.813
7.917
7.605
7.709
9.115
7.761
7.709
7.761
8.907
7.710
7.761
7.761
9.897
7.709
9.689
9.011
7.761
7.813
7.918
33.910
4.740
7.292
9.115
7.814
7.814
7.761
7.761
9.376
9.012
7.605
9.793
9.116
7.865
8.699
9.480
9.376
7.813
9.429
8.282
9.480
9.063
7.761
7.814
8.803
9.063
7.605
8.804
7.970
7.814
8.699
7.709
7.917
7.709
9.012
7.709
7.761
9.688
8.386
7.813
9.584
8.334
7.657
9.897
8.022
7.917
8.594
9.793
7.710
4.688
6.616
7.605
7.709
7.865
9.636
9.637
9.168
8.178
8.751
7.605
7.761
9.792
8.751
9.115
7.969
7.709
9.585
9.063
7.813
8.908
7.918
7.710
7.762
7.866
7.970
7.709
8.907
7.814
7.710
7.709
7.865
9.376
7.813
9.324
9.116
7.970
9.481
9.168
7.814
10.209
8.595
7.710
7.605
9.844
9.584
32.504
4.688
4.792
4.688
7.396
9.115
7.605
9.376
7.710
9.272
8.907
7.709
9.011
7.709
7.710
8.803
9.115
8.178
9.376
9.272
7.970
9.793
7.657
9.897
7.709
7.761
9.689
7.657
8.751
9.272
7.814
7.813
7.917
7.761
7.761
9.637
9.688
9.480
9.376
9.793
9.741
7.762
8.074
7.814
7.918
9.585
9.168
7.709
7.761
33.077
5.521
6.824
7.293
9.167
7.761
8.907
7.814
7.761
9.376
8.594
8.022
7.605
7.865
7.606
8.699
9.481
7.761
7.813
7.813
9.636
7.709
9.012
7.814
7.709
8.282
9.688
9.688
8.178
9.585
8.960
7.709
8.751
7.761
9.012
7.710
8.907
7.761
9.115
9.689
7.761
8.907
8.803
9.012
8.803
9.116
7.761
33.806
4.792
4.792
7.084
9.219
7.709
9.740
7.865
9.063
9.688
9.011
7.709
8.283
8.126
7.709
7.709
8.073
9.376
9.011
7.605
9.064
9.793
9.012
7.761
8.803
8.699
9.168
9.637
9.376
8.751
7.709
9.012
7.709
9.115
9.480
8.803
8.959
7.813
8.908
9.793
9.689
9.063
7.813
7.709
8.907
8.908
8.803
9.793
9.064
4.792
4.688
4.688
9.219
7.657
8.803
8.804
8.803
9.115
7.709
9.116
7.605
9.012
7.865
7.605
9.377
7.761
7.761
9.793
7.918
7.709
7.709
7.710
9.064
7.710
9.011
8.126
7.658
7.709
9.792
7.657
9.167
9.688
9.845
9.689
9.220
7.761
9.064
7.969
9.584
8.855
9.741
9.428
8.126
7.813
9.272
9.324
4.688
4.688
6.824
9.220
7.709
7.710
7.709
7.813
9.584
9.428
8.386
7.813
7.917
8.699
7.710
7.606
8.699
7.657
9.011
7.605
9.324
7.813
7.710
7.866
7.709
9.063
9.376
9.428
4.792
7.709
9.897
7.710
9.324
9.011
8.907
7.813
7.189
9.689
9.220
7.605
7.762
8.803
9.115
9.480
9.220
9.271
7.709
7.605
9.585
32.243
4.688
6.459
7.501
8.334
7.813
7.813
7.814
7.709
9.585
8.908
7.657
8.959
7.813
7.709
9.585
9.064
7.813
7.605
9.063
7.761
7.709
8.022
7.709
8.021
7.761
7.761
8.126
7.605
7.709
7.709
9.011
7.605
8.803
9.116
7.918
7.762
9.481
8.908
9.637
9.012
9.793
9.116
9.272
9.324
8.855
9.011
32.295
4.740
4.688
7.396
8.282
7.813
9.480
9.012
8.647
9.011
9.792
8.803
9.116
7.814
9.428
7.605
7.605
9.324
7.710
9.272
9.688
9.272
9.637
9.012
8.803
9.689
9.793
9.689
7.814
9.793
8.126
7.709
8.542
7.970
7.866
7.709
7.657
7.709
7.762
7.709
9.376
7.709
7.605
7.813
7.605
9.116
7.709
9.793
9.116
4.688
4.792
7.293
10.001
6.980
7.084
8.803
8.282
7.969
7.761
9.688
7.657
7.762
9.011
8.699
9.116
7.813
7.970
8.647
7.814
7.918
9.480
9.897
8.699
9.740
9.220
9.116
7.709
8.907
8.803
8.855
8.907
8.907
7.761
7.918
7.918
9.844
7.605
8.387
7.709
7.709
9.688
7.761
8.387
7.605
9.429
8.491
32.608
4.792
5.208
7.449
7.814
9.793
9.116
7.710
9.689
7.970
7.710
7.709
7.918
7.710
7.709
7.813
8.021
9.689
7.709
7.813
8.907
8.803
9.115
9.793
7.657
9.115
7.761
7.813
7.709
9.116
7.814
7.709
8.855
9.845
8.282
8.022
8.594
7.761
7.761
8.751
9.116
7.657
9.063
7.865
7.657
7.657
9.115
9.845
9.011
4.688
4.741
6.772
4.740
9.688
7.813
8.699
7.814
7.605
8.751
9.116
9.428
8.490
9.688
8.282
7.657
7.605
9.011
7.865
7.813
7.606
8.282
7.709
9.376
9.064
7.710
9.011
7.709
7.709
8.856
9.064
8.907
9.115
7.709
7.709
9.429
9.168
9.220
9.636
9.063
7.709
9.741
7.657
7.917
7.813
7.865
7.605
40.317
5.626
6.772
7.397
8.751
7.813
7.710
7.813
8.699
9.168
7.710
7.657
8.386
7.709
9.689
8.908
8.907
9.897
7.709
7.657
7.605
9.011
8.855
8.803
7.761
7.605
8.282
7.605
9.689
9.845
9.376
7.710
7.709
9.897
7.709
8.022
8.022
9.480
8.907
7.917
7.865
7.865
8.126
9.324
9.115
7.709
7.761
8.804
44.432
4.740
6.719
9.011
8.855
7.240
9.115
8.803
9.116
7.605
9.115
8.803
9.064
8.074
7.605
9.793
9.115
7.813
7.709
8.803
7.865
7.709
9.219
7.709
7.709
9.689
7.657
9.064
7.762
8.855
9.793
9.272
7.605
8.803
8.855
8.907
9.168
7.761
7.605
8.907
8.803
9.116
9.116
9.741
7.710
9.116
7.814
6.094
6.563
6.199
9.115
7.761
9.688
9.845
9.220
7.709
9.116
9.689
9.116
7.605
7.866
9.793
9.012
7.605
7.553
8.282
7.605
9.428
9.688
9.793
7.761
7.709
7.709
9.480
8.803
9.428
7.709
7.761
7.710
8.126
8.751
9.636
7.657
9.376
7.709
9.376
8.803
9.376
7.709
8.021
7.657
7.813
7.813
9.376
8.960
6.198
6.928
8.334
7.709
7.710
7.709
8.074
7.709
7.970
7.710
7.761
9.480
7.761
7.917
9.584
7.657
9.271
7.918
9.480
9.063
7.709
9.688
9.115
9.897
9.793
8.803
9.689
8.387
7.710
7.709
8.803
8.698
9.011
7.761
8.803
9.064
9.845
8.803
9.116
9.741
8.387
8.699
7.918
7.709
7.762
7.762
6.303
6.407
4.740
7.032
8.699
9.689
7.866
7.709
8.803
9.116
7.710
9.012
7.709
8.699
8.908
8.282
7.813
7.657
7.710
7.762
7.709
9.792
9.793
9.012
8.751
7.866
7.605
9.272
7.814
7.709
7.865
7.710
9.428
9.741
7.657
7.866
9.741
9.689
7.761
7.657
7.866
7.709
9.115
7.918
7.605
9.324
8.751
7.605
44.172
6.668
7.918
7.657
7.814
7.917
7.813
7.709
7.814
7.657
7.709
7.866
9.793
8.751
8.803
9.064
7.657
7.605
9.012
9.689
9.116
9.688
8.803
7.761
7.813
7.709
8.751
9.689
9.116
8.699
9.011
8.021
7.709
9.741
9.845
7.969
7.917
7.761
9.793
7.709
8.959
7.605
9.012
9.532
7.710
7.866
7.762
4.793
4.740
5.522
8.699
9.116
7.605
7.762
9.324
7.710
7.709
9.689
8.908
8.907
7.761
7.657
9.429
9.272
7.813
7.813
7.969
7.761
7.813
7.813
7.606
9.793
8.282
9.480
9.376
7.709
7.657
7.813
7.657
8.021
7.709
7.709
7.710
9.793
7.865
7.865
7.761
7.553
9.012
9.793
9.116
9.481
9.012
9.116
