9.532
7.970
9.064
9.116
7.501
11.668
7.813
7.918
7.865
7.866
7.970
7.917
32.817
4.688
6.199
7.293
8.542
7.865
8.907
9.116
9.115
8.908
9.011
9.064
9.011
9.064
7.917
7.813
9.063
8.960
9.116
8.960
9.063
8.908
9.011
9.116
7.813
9.116
9.011
8.960
9.167
9.116
7.918
7.813
9.116
9.011
7.918
9.011
9.116
7.866
8.907
9.063
8.907
8.959
9.012
9.011
9.272
8.907
4.688
4.740
4.688
9.220
9.011
9.116
8.907
9.116
9.116
7.865
7.866
9.115
9.064
7.865
8.908
9.063
7.866
9.116
7.865
8.959
9.012
9.063
9.011
9.011
9.063
9.012
9.012
9.115
9.115
8.907
9.011
9.116
7.917
7.814
9.115
9.012
9.115
9.012
9.063
7.918
7.813
7.866
7.813
9.116
6.668
5.469
7.136
7.918
7.865
7.188
9.011
9.116
7.865
9.116
9.116
8.855
9.220
7.813
9.064
9.011
9.011
9.116
7.866
9.063
9.064
7.865
9.116
9.011
9.116
9.115
9.116
9.220
8.908
8.907
9.012
9.116
9.116
8.907
9.116
9.115
7.918
8.907
9.064
9.011
9.116
8.907
9.011
9.116
9.012
9.115
4.688
8.594
7.188
7.813
8.855
9.116
9.064
8.855
9.011
9.064
9.167
9.116
8.907
7.866
9.115
9.012
9.167
9.116
8.959
9.116
9.115
9.012
8.907
8.960
9.115
9.116
8.907
9.011
9.012
9.064
9.115
8.907
9.064
9.116
7.865
9.116
8.907
9.168
9.063
8.907
9.168
7.814
9.167
7.866
9.115
31.046
6.094
5.209
9.116
7.866
7.970
9.116
9.011
9.012
9.063
9.012
9.011
9.116
9.012
7.865
9.012
8.907
9.116
7.813
9.116
8.907
9.011
9.220
7.918
7.865
9.064
9.011
9.116
8.907
9.012
9.011
9.116
9.011
9.012
9.115
9.012
9.063
9.012
9.115
9.116
7.865
9.064
8.959
9.116
34.223
4.792
6.824
9.064
9.115
9.116
7.761
9.012
9.115
9.012
9.011
9.116
9.011
9.012
9.115
9.012
9.063
8.960
9.167
9.012
9.011
9.116
9.063
8.908
9.116
8.959
9.116
9.168
7.865
9.116
7.970
9.011
8.907
9.116
7.814
8.907
8.959
9.064
9.011
9.116
8.907
9.012
9.063
7.813
8.959
9.220
4.792
6.667
4.688
9.116
7.918
9.272
7.866
9.011
9.064
9.168
8.908
9.063
9.011
9.116
9.064
7.865
9.012
9.011
9.064
9.011
9.116
9.116
7.865
9.116
8.959
9.116
7.865
9.116
8.907
9.011
9.063
9.012
7.865
9.116
9.011
9.116
9.011
9.011
9.064
9.168
9.115
9.064
9.115
9.116
33.962
6.199
6.980
7.188
7.814
7.813
7.813
9.012
9.115
9.116
9.011
7.814
9.116
8.907
9.011
9.011
8.907
9.064
8.959
9.116
9.116
8.855
9.115
9.116
9.063
9.220
7.866
8.907
9.064
9.063
9.064
9.011
9.012
9.115
8.908
9.063
9.012
9.063
9.116
8.959
8.959
9.064
8.959
9.116
9.168
8.855
4.688
5.991
4.792
9.116
8.699
7.814
8.907
9.116
7.865
9.063
9.116
9.011
9.012
8.959
9.168
7.865
9.116
9.012
8.959
9.063
9.220
7.866
9.063
7.814
7.813
7.814
8.907
8.959
9.116
9.168
9.115
9.116
8.907
7.970
9.011
9.116
7.813
9.063
8.960
9.011
9.012
9.063
9.012
9.115
8.908
4.792
6.824
9.220
9.011
8.959
9.011
9.012
9.167
9.012
9.011
9.064
9.011
9.168
9.116
9.116
9.063
8.907
9.116
9.012
8.959
9.012
9.115
9.116
9.011
9.064
8.959
9.116
7.865
9.116
9.064
8.907
9.011
8.907
9.115
9.116
8.907
9.012
9.116
9.011
8.907
9.116
8.959
9.116
8.959
9.116
4.688
6.667
9.115
6.980
9.220
9.115
9.116
9.063
9.012
9.115
9.220
7.866
8.907
9.116
9.063
8.908
9.219
8.908
9.115
9.116
9.011
8.960
8.907
9.116
9.167
7.813
9.167
9.168
8.907
9.116
9.115
9.064
9.011
7.917
8.542
7.866
9.115
9.012
8.855
9.116
9.011
8.907
9.220
42.922
6.615
4.688
7.084
8.907
9.116
8.959
9.116
8.959
9.116
7.865
9.168
9.167
7.866
8.959
9.064
9.115
8.908
9.115
7.865
8.907
9.012
9.011
9.116
9.011
8.960
9.115
8.960
9.115
9.116
9.011
9.116
7.970
9.011
9.116
9.011
9.116
7.813
9.116
9.064
9.011
9.115
8.960
9.115
9.012
45.683
6.771
4.688
9.011
9.012
9.115
8.907
9.011
9.011
9.168
8.959
9.116
9.011
9.116
7.814
9.116
9.063
8.855
9.115
9.116
8.855
9.220
7.866
8.907
9.115
9.116
8.959
9.168
9.012
7.761
9.063
9.116
8.907
9.064
7.814
8.959
9.064
9.115
8.907
9.012
9.011
9.168
8.907
9.116
9.011
6.720
9.011
9.116
9.116
7.865
8.959
9.116
9.115
9.168
8.959
8.960
9.011
9.116
8.907
9.168
8.907
9.116
9.115
7.865
9.011
9.116
8.959
9.116
9.011
9.168
9.116
7.865
9.011
9.116
9.012
8.907
9.064
9.115
7.866
9.063
9.116
7.813
9.116
9.116
8.908
9.115
8.908
8.907
9.116
4.688
6.771
9.116
5.521
7.865
7.761
9.012
9.116
7.813
9.115
9.064
9.064
9.064
9.011
9.012
9.115
9.012
9.220
9.012
9.115
9.116
9.011
9.116
9.116
8.960
9.116
9.012
8.959
9.220
9.064
9.064
8.959
9.116
9.011
9.011
9.063
9.012
9.115
8.960
9.115
9.012
8.907
9.012
9.012
9.063
4.688
6.720
4.688
7.344
9.012
9.116
9.011
8.959
9.064
9.063
8.960
8.491
7.865
8.908
9.115
7.813
9.116
9.116
9.012
9.011
7.866
8.959
9.011
8.960
9.115
9.012
9.011
9.012
9.116
7.865
9.064
9.115
8.908
9.219
9.116
9.011
9.116
7.813
9.012
9.168
8.908
9.115
9.168
7.865
45.110
6.511
6.303
7.188
9.011
9.064
9.011
9.168
7.970
7.866
9.064
8.907
9.064
9.011
9.116
7.865
9.116
8.959
9.116
7.866
9.011
9.168
7.969
9.116
8.907
9.116
9.063
8.908
9.115
8.960
9.115
9.220
8.907
9.116
9.063
8.908
9.063
9.116
9.115
7.866
8.907
8.960
9.063
9.116
7.865
45.318
6.407
4.792
7.240
8.907
7.814
8.907
9.012
9.220
9.012
9.115
9.012
9.167
8.908
9.115
9.116
9.011
9.012
9.115
9.012
9.115
7.918
7.865
8.907
9.116
7.866
9.063
9.116
9.011
7.814
8.959
9.116
9.011
9.064
8.959
9.116
8.907
9.115
9.116
8.907
9.116
8.907
9.064
9.011
45.526
6.616
8.022
8.491
8.022
9.064
9.168
8.907
9.011
9.168
9.012
9.115
7.814
9.063
9.012
9.168
9.116
9.115
8.855
9.116
9.115
9.064
9.011
9.116
9.168
9.011
9.011
9.116
8.907
9.012
8.959
9.116
9.011
9.168
7.866
9.220
7.814
8.907
9.168
9.064
9.116
9.532
7.813
7.814
9.012
45.422
4.688
6.302
7.241
8.490
9.012
8.907
9.168
7.865
9.115
9.220
7.814
9.011
9.168
9.115
7.814
9.115
9.012
9.115
7.762
9.115
9.064
9.115
9.012
9.011
9.012
9.011
9.168
9.115
8.908
9.115
9.011
9.012
7.918
7.865
8.907
9.116
9.011
9.116
9.116
7.761
9.116
7.917
9.116
9.063
6.250
6.407
7.188
7.865
9.116
8.855
9.116
7.917
9.116
7.813
9.012
9.011
9.116
9.115
7.762
9.115
9.012
9.063
9.012
9.011
9.116
9.011
8.856
9.219
7.814
9.011
9.116
9.011
9.064
9.219
7.814
9.011
9.116
9.168
8.908
9.220
7.917
7.814
8.907
9.220
8.907
9.168
9.115
8.908
9.116
6.303
6.824
9.064
9.011
8.959
9.116
8.959
9.064
9.064
9.115
9.116
8.907
9.064
9.012
9.011
9.064
9.011
9.115
8.908
9.115
9.116
9.115
9.012
9.115
8.907
9.220
7.814
9.011
9.012
9.063
9.012
9.011
9.168
9.011
9.116
7.918
7.813
9.064
9.115
8.907
9.220
8.907
9.116
40.265
6.720
9.116
9.116
