1006.107
248.831
223.203
274.459
266.490
306.963
283.939
252.686
207.524
235.861
253.102
273.730
237.007
255.551
217.629
303.734
207.368
215.911
254.509
258.311
207.003
250.290
281.439
252.217
218.723
342.123
273.834
277.376
274.511
321.861
208.931
513.028
269.875
254.248
258.676
238.934
278.366
244.404
256.852
275.762
217.838
210.389
270.240
275.605
248.884
209.920
308.839
223.828
304.775
304.879
506.934
284.252
291.076
320.090
216.744
285.971
219.921
208.879
275.970
605.070
236.329
290.190
281.387
251.436
277.324
207.681
237.528
227.891
246.903
263.104
213.670
248.414
242.008
287.221
324.933
272.688
277.532
418.382
258.363
277.168
306.598
228.725
230.183
224.870
286.492
262.530
280.398
251.696
259.458
241.955
271.854
340.873
225.131
396.192
312.172
313.474
308.733
276.855
218.828
215.286
341.550
297.327
250.707
267.114
296.336
203.357
207.732
220.286
275.084
232.632
217.161
288.158
216.275
206.274
205.701
276.855
264.667
279.095
212.265
277.897
231.590
422.185
311.235
240.132
210.494
294.774
238.257
236.070
206.795
261.958
235.340
245.914
213.462
282.273
271.230
244.456
267.531
218.515
260.291
256.331
306.129
280.761
207.680
255.134
267.844
236.226
208.566
300.973
247.060
218.619
273.209
237.319
244.820
214.192
268.834
219.609
210.598
241.383
279.199
256.748
549.907
307.484
283.002
322.433
232.162
211.744
231.902
275.709
219.401
245.914
210.233
264.562
234.298
275.501
288.210
261.645
243.986
302.848
254.248
217.004
237.163
203.201
269.302
256.644
214.869
248.571
244.768
209.191
239.820
248.154
254.404
205.544
208.201
301.702
246.018
205.545
487.609
292.221
303.004
348.373
214.504
251.384
255.863
236.382
272.948
223.724
267.948
246.175
255.395
238.778
260.187
208.566
209.087
208.097
292.066
232.475
248.518
285.502
209.191
603.872
256.592
270.605
258.572
256.697
214.765
545.323
306.442
268.417
310.505
294.721
229.349
223.568
288.940
247.216
318.318
232.735
584.964
299.046
264.093
286.492
212.785
244.820
223.985
240.184
250.758
235.548
240.444
248.050
651.638
243.727
248.571
285.294
207.420
207.159
208.618
283.054
255.446
251.383
271.594
210.337
202.367
211.171
582.725
265.083
247.424
236.226
205.597
424.216
249.248
251.436
250.707
280.657
211.118
233.621
202.523
339.154
231.694
277.845
250.029
392.493
273.313
287.794
226.954
209.973
265.760
333.945
282.949
214.973
208.306
355.459
289.252
280.397
244.872
210.390
401.974
259.666
279.095
306.755
274.459
317.120
214.817
239.143
217.473
226.016
237.580
288.628
211.223
263.677
213.670
298.003
208.722
226.537
373.273
217.474
313.006
350.249
233.048
224.922
209.764
319.048
210.441
237.476
269.146
596.788
296.076
325.246
289.461
234.923
314.308
203.722
588.506
286.596
244.195
267.896
230.652
217.525
300.139
286.180
208.983
239.351
222.161
272.220
244.820
344.467
270.396
232.631
277.481
246.748
270.344
233.725
208.149
554.857
285.918
304.567
211.744
221.797
552.982
308.109
291.752
307.744
216.328
304.671
204.034
314.620
213.462
205.129
236.225
668.047
265.343
278.261
364.990
245.185
244.820
553.919
270.917
259.041
273.209
277.481
277.740
210.649
558.450
265.395
290.034
302.952
215.754
278.678
236.069
363.011
231.069
232.266
205.232
539.906
248.258
328.736
320.350
227.423
294.722
241.538
240.601
215.807
232.058
215.754
245.966
234.455
211.587
211.848
214.035
212.056
234.038
267.948
275.293
236.121
209.504
207.107
204.503
242.215
212.265
244.664
244.091
276.178
208.357
242.060
214.243
265.447
284.981
545.637
233.569
264.406
311.130
243.935
631.115
325.298
288.523
314.516
261.958
223.672
217.422
379.159
302.118
256.228
304.775
243.310
528.447
302.848
300.660
317.381
298.629
739.253
271.490
254.352
273.991
256.280
212.994
207.264
207.055
257.426
253.103
268.157
237.944
260.864
205.232
240.549
205.388
388.430
257.321
234.975
304.307
209.659
239.507
249.247
231.746
205.024
450.938
243.987
265.552
204.086
265.708
250.342
236.486
206.170
692.529
250.915
281.439
247.425
238.152
241.070
246.800
222.630
422.340
273.678
245.445
210.180
276.907
295.555
546.106
297.379
283.263
322.120
227.058
621.531
274.042
285.658
328.736
360.251
213.462
228.672
238.205
233.933
204.295
238.205
258.051
243.466
242.580
241.226
250.238
228.724
211.796
209.295
289.721
245.185
235.496
273.678
215.963
222.786
236.330
263.259
246.539
252.842
245.601
302.379
223.411
228.933
211.795
221.432
231.798
223.046
265.448
245.966
271.438
236.590
250.446
249.769
252.946
207.316
318.527
276.230
294.670
302.014
243.882
207.264
251.644
282.898
279.563
293.992
392.807
306.025
326.288
296.389
335.821
334.206
214.036
224.505
239.611
288.315
242.424
207.680
260.604
242.320
243.830
252.165
255.446
212.577
206.326
212.785
271.126
263.521
249.769
288.940
247.685
206.170
304.150
233.985
2355.431
237.320
577.463
244.976
270.812
263.260
283.158
448.230
225.547
277.116
224.036
275.761
251.384
275.136
305.400
212.368
271.074
245.133
297.066
275.084
223.255
281.387
200.648
239.142
284.877
285.919
265.604
242.372
264.771
248.467
216.953
200.336
239.611
254.717
215.858
249.508
264.354
231.746
206.586
205.545
300.452
229.245
210.858
242.112
268.521
236.330
252.738
271.386
207.940
242.059
230.600
381.086
275.761
225.703
262.895
281.960
207.420
371.190
261.958
291.649
220.077
394.838
224.818
280.970
332.799
241.226
267.531
271.437
209.555
246.070
236.486
284.564
248.519
232.058
239.298
221.223
224.036
243.049
252.373
250.810
220.807
251.539
246.331
208.149
288.576
355.719
211.275
388.014
311.338
281.179
234.454
256.384
308.995
245.445
213.566
268.938
218.411
264.198
206.118
293.420
210.233
540.011
281.491
240.914
269.980
270.083
219.348
240.028
234.976
238.048
240.653
213.671
244.977
296.441
556.002
336.549
265.448
247.321
274.147
344.779
292.638
262.114
243.101
213.410
245.185
273.834
241.851
206.431
359.261
254.144
253.207
235.600
660.598
216.275
310.921
281.178
261.957
240.392
227.682
219.922
379.575
246.747
281.752
236.538
276.074
589.236
301.180
278.834
301.545
272.636
256.541
203.566
257.010
271.022
225.964
215.807
247.217
243.570
234.193
235.027
220.807
249.196
214.400
243.257
211.066
318.735
277.012
206.587
281.595
277.533
221.536
248.571
289.930
535.010
317.224
291.752
293.420
323.007
220.234
246.644
226.432
233.673
211.848
242.893
229.090
264.197
263.729
378.013
217.786
399.578
273.209
227.110
286.908
292.274
244.299
243.935
229.037
551.575
304.098
276.803
312.485
207.629
207.680
235.809
526.832
277.532
309.880
309.567
210.754
258.832
205.545
211.326
241.070
262.010
209.400
250.707
239.715
232.631
215.807
255.759
211.327
436.197
307.015
279.252
283.053
217.265
705.707
274.667
268.469
288.315
243.830
418.955
244.716
250.029
207.576
264.198
232.162
209.504
216.015
277.532
214.400
237.476
210.025
280.084
242.268
308.630
212.265
661.066
292.117
305.765
285.971
232.996
276.803
205.858
216.275
250.862
275.605
253.363
242.581
323.424
712.323
297.222
254.352
308.786
311.547
218.359
221.536
214.608
291.909
208.514
227.735
279.147
219.141
245.549
210.025
258.207
206.847
244.195
207.732
287.378
255.863
268.729
210.963
227.474
207.368
209.191
206.795
244.976
214.505
215.598
265.552
249.144
209.764
251.853
298.472
242.633
207.941
378.846
278.834
244.717
212.056
320.715
250.238
210.077
227.839
245.549
287.950
244.039
277.428
244.768
210.181
251.748
242.216
219.973
264.250
281.439
216.744
230.444
241.799
297.170
268.729
222.838
219.453
316.912
236.486
226.016
256.176
281.387
213.618
223.984
314.568
209.504
208.409
213.671
250.966
247.112
249.873
281.700
226.172
240.549
261.436
310.036
210.441
209.712
219.088
297.222
524.332
308.213
274.563
241.695
212.316
652.576
255.238
306.494
296.910
233.204
304.723
209.712
209.764
240.601
246.956
210.494
244.195
308.421
227.892
267.791
193.616
343.373
279.303
320.870
313.838
560.065
288.731
292.691
295.764
310.505
242.789
207.524
220.963
302.535
209.399
540.636
249.925
240.497
270.865
672.526
232.632
309.984
243.570
228.464
252.894
542.772
294.878
326.548
305.921
219.140
317.746
210.232
239.976
224.662
275.241
646.898
269.979
248.415
247.477
659.348
260.811
211.066
232.787
237.007
268.677
287.273
210.910
251.019
207.889
274.250
210.650
616.895
