14.793
14.637
14.533
17.190
14.533
14.377
14.429
14.376
9.376
14.794
14.429
14.481
14.377
14.325
14.480
14.533
14.429
14.377
14.533
14.377
14.429
14.376
14.429
14.377
14.377
14.429
14.429
14.429
14.429
14.429
14.429
14.428
14.429
14.429
14.376
14.429
14.429
10.887
14.637
14.481
14.325
14.429
14.324
14.377
14.429
14.533
14.376
14.585
14.377
14.429
14.480
14.481
14.429
14.377
14.377
14.376
14.377
14.429
14.428
14.377
14.429
14.533
14.481
14.585
14.481
14.533
10.887
13.387
14.377
14.429
14.376
14.429
14.533
14.429
14.480
14.429
14.377
14.377
14.428
14.377
14.429
14.429
14.481
14.377
14.428
14.376
14.429
14.377
14.376
14.325
14.428
14.377
14.481
43.963
11.512
14.533
14.377
14.429
14.376
14.429
14.481
14.377
14.429
14.429
14.377
14.324
14.429
14.428
14.377
14.429
14.480
14.377
14.377
14.324
14.377
14.376
14.429
14.377
14.429
14.376
14.377
14.428
43.442
11.616
14.429
14.376
14.377
14.429
14.376
14.377
14.377
14.272
14.481
14.377
14.429
14.429
14.429
14.377
14.481
14.377
14.481
14.324
14.377
14.429
14.272
14.429
14.481
14.428
14.377
14.429
14.376
43.911
13.491
14.533
14.377
14.480
14.429
14.429
14.428
14.428
14.377
14.429
14.428
14.377
14.377
14.377
14.429
14.481
14.428
14.377
14.377
14.428
14.377
14.481
14.429
14.428
14.325
14.377
14.428
49.954
11.460
14.429
14.429
14.533
14.377
14.429
14.377
14.377
14.376
14.429
14.429
14.376
14.533
14.429
14.585
14.429
14.585
14.376
14.377
14.325
14.376
14.429
14.481
14.428
14.429
14.481
14.429
14.377
43.755
13.491
14.533
14.325
14.429
14.429
14.428
14.325
14.376
14.325
14.481
14.376
14.481
14.273
14.376
14.481
14.429
14.429
14.272
14.377
14.428
14.377
14.429
14.376
14.429
14.376
14.377
14.272
14.429
50.683
11.668
14.533
13.908
14.429
14.376
14.429
14.429
14.376
14.377
14.377
14.429
14.533
14.481
14.429
14.428
14.481
14.481
14.272
14.429
14.377
14.376
14.429
14.377
14.376
14.377
14.429
14.533
49.277
13.491
14.429
14.481
14.377
14.376
14.325
14.429
14.481
14.324
14.429
14.481
14.324
14.429
14.428
14.377
14.428
14.429
14.377
14.272
14.325
14.325
14.376
14.325
14.377
14.324
14.429
14.377
14.481
42.245
11.512
14.429
14.429
14.428
14.377
14.377
14.376
14.377
14.377
14.376
14.377
14.429
14.376
14.481
14.585
14.429
14.376
14.428
14.377
14.377
14.481
14.429
14.481
14.272
14.377
14.376
14.377
14.377
47.298
11.408
14.429
14.377
14.377
14.481
14.377
14.376
14.377
14.481
14.376
14.481
14.377
14.481
14.429
14.481
14.429
14.428
14.429
14.481
14.533
14.428
14.428
14.428
14.480
14.377
14.429
14.377
50.319
11.564
14.377
14.376
14.377
14.481
14.533
14.377
14.428
14.481
14.325
14.376
14.429
14.429
14.376
14.377
14.377
14.481
14.429
14.377
14.376
14.481
14.325
14.376
14.429
14.324
14.377
14.429
14.428
43.391
13.543
14.533
14.376
14.429
14.376
14.429
14.377
14.376
14.481
14.377
14.428
14.481
14.325
14.428
14.429
14.377
14.377
14.429
14.429
14.376
14.481
14.273
14.376
14.377
14.377
14.428
14.481
14.481
41.776
11.512
14.377
14.377
14.429
14.480
14.429
14.377
14.376
14.481
14.429
14.377
14.272
14.325
14.429
14.429
14.429
14.429
14.533
14.376
14.429
14.377
14.428
14.481
14.376
14.377
14.429
14.376
45.578
13.074
14.585
14.429
14.429
14.428
14.585
14.377
14.376
14.377
14.481
14.377
14.377
14.376
14.377
14.428
14.377
14.429
14.377
14.429
14.376
14.429
14.377
14.376
14.273
14.429
14.376
14.377
14.429
45.057
13.491
14.429
14.428
14.480
14.429
14.377
14.376
14.429
14.429
14.480
14.325
14.376
14.273
14.429
14.429
14.428
14.377
14.481
14.325
14.325
14.377
14.272
14.429
14.481
14.585
14.428
14.377
14.429
45.839
13.492
14.481
14.585
14.429
14.533
14.481
14.376
14.377
14.429
14.429
14.377
14.325
14.376
14.429
14.429
14.428
14.481
14.429
14.481
14.377
14.481
14.429
14.481
14.376
14.377
14.481
14.481
49.224
11.408
14.481
14.377
14.480
14.429
14.377
14.481
14.376
14.429
14.429
14.428
14.325
14.324
14.429
14.429
14.533
14.481
14.481
14.429
14.377
14.428
14.325
14.429
14.376
14.377
14.325
14.376
14.481
45.474
12.918
14.638
14.429
14.377
14.377
14.429
14.376
14.377
14.272
14.429
14.377
14.428
14.377
14.429
14.376
14.533
14.377
14.481
14.377
14.429
14.429
14.325
14.429
14.376
14.429
14.272
14.429
14.325
49.329
13.335
14.377
14.429
14.533
14.481
14.429
14.376
14.325
14.376
14.325
14.377
14.324
14.377
14.428
14.429
14.429
14.533
14.481
14.429
14.428
14.429
14.377
14.324
14.481
14.481
14.533
14.428
49.277
13.491
14.481
14.428
14.325
14.376
14.429
14.377
14.376
14.428
14.377
14.377
14.480
14.429
14.481
14.377
14.376
14.429
14.272
14.377
14.429
14.377
14.481
14.376
14.481
14.325
14.428
14.480
14.429
45.734
14.742
14.377
14.429
14.377
14.376
14.377
14.377
14.376
14.481
14.429
14.429
14.481
14.428
14.481
14.377
14.429
14.377
14.377
14.272
14.429
14.429
14.429
14.429
14.481
14.429
14.428
14.429
14.376
10.782
12.762
14.377
14.376
14.429
14.377
14.480
14.429
14.429
14.429
14.376
14.481
14.429
14.428
14.429
14.377
14.429
14.481
14.429
14.273
14.428
14.376
14.325
14.376
14.429
14.481
14.429
14.533
41.724
13.492
14.480
14.429
14.377
14.376
14.377
14.377
14.428
14.429
14.377
14.428
14.377
14.377
14.377
14.377
14.377
14.377
14.481
14.273
14.533
14.429
14.272
14.377
14.429
14.480
14.377
14.481
14.377
42.297
14.532
13.491
14.428
14.376
14.429
14.429
14.376
14.429
14.324
14.377
14.377
14.429
14.481
15.002
14.377
14.585
14.324
14.377
14.376
14.429
14.377
14.533
14.376
14.429
14.377
14.428
14.377
14.429
10.210
13.491
14.429
14.377
14.377
14.429
14.376
14.377
14.324
14.429
14.429
14.429
14.377
14.377
14.481
14.533
14.377
14.428
14.429
14.429
14.480
14.429
14.429
14.429
14.428
14.429
14.481
14.429
14.480
12.554
14.377
14.428
14.480
14.377
14.429
14.428
14.324
14.481
14.377
14.377
14.481
14.480
14.481
14.481
14.481
14.428
14.481
14.377
14.377
14.324
14.429
14.377
14.377
14.429
14.480
14.429
14.325
43.287
11.615
14.429
14.377
14.377
14.480
14.273
14.324
14.377
14.377
14.376
14.377
14.428
14.481
14.429
14.376
14.377
14.428
14.377
14.377
14.376
14.325
14.429
14.376
14.377
14.273
14.428
14.377
14.428
45.787
14.533
12.241
14.429
14.428
14.377
14.377
14.376
14.325
14.377
14.376
14.429
14.481
14.429
14.376
14.429
14.429
14.480
14.429
14.429
14.376
14.273
14.429
14.376
14.429
14.481
14.428
14.481
14.325
43.235
14.429
14.480
14.429
14.429
14.376
14.325
14.481
14.481
14.272
14.377
14.428
14.481
14.481
14.429
14.429
14.481
14.429
14.325
14.428
14.273
14.429
14.324
14.585
14.429
14.376
14.377
14.429
44.692
11.616
14.585
14.480
14.377
14.377
14.429
14.377
14.428
14.377
14.481
14.377
14.428
14.480
14.325
14.429
14.481
14.481
14.377
14.429
14.376
14.429
14.585
14.377
14.428
14.377
14.429
14.428
14.429
50.631
11.512
14.429
14.481
14.480
14.325
14.377
14.272
14.377
14.324
14.377
14.429
14.377
14.429
14.377
14.324
14.377
14.324
14.429
14.377
14.377
14.429
14.376
14.377
14.481
14.377
14.376
14.429
14.377
45.213
14.481
14.481
14.272
14.377
14.428
14.377
14.429
14.429
14.480
14.325
14.429
14.428
14.377
14.481
14.377
14.481
14.376
14.429
14.429
14.429
14.376
14.429
14.429
14.481
14.429
14.429
14.429
41.827
11.511
14.376
14.429
14.429
14.377
14.377
14.428
14.377
14.429
14.480
14.376
14.325
14.480
14.377
14.376
14.481
14.429
