171.218
139.964
139.495
139.287
139.287
139.287
167.051
139.339
139.391
139.391
139.339
139.339
165.175
139.235
139.287
139.391
139.392
139.287
139.340
166.738
139.183
139.339
139.339
139.339
139.339
166.998
139.391
139.339
139.287
139.027
139.340
166.322
139.600
139.339
139.391
139.078
139.287
139.391
166.999
139.027
139.287
139.339
139.391
139.340
166.947
139.131
139.235
139.339
139.391
139.287
139.391
139.704
139.340
139.443
139.339
139.392
139.444
167.363
139.339
139.339
139.183
139.443
138.818
172.676
139.339
139.444
139.027
139.392
139.287
139.287
139.496
139.391
139.339
139.392
139.079
139.392
171.999
139.339
139.183
139.287
139.287
139.183
172.572
139.287
139.652
139.287
139.391
139.339
174.396
139.339
139.339
139.392
139.287
139.182
139.339
139.443
139.235
139.287
139.287
139.287
139.235
172.520
139.339
139.235
139.287
139.130
139.339
172.416
139.079
139.235
139.235
139.391
139.339
175.697
139.235
139.183
139.235
139.235
139.235
138.974
172.780
139.339
139.131
139.287
139.235
139.183
172.468
139.287
139.288
139.391
139.288
139.131
172.364
139.235
139.339
139.027
139.079
139.287
139.391
173.041
139.078
138.922
139.339
139.235
139.235
172.781
139.235
139.183
139.287
139.235
139.287
167.676
139.444
139.235
139.339
139.183
139.339
139.287
172.416
139.287
139.288
139.131
139.287
139.391
172.728
139.287
139.287
139.130
139.339
139.287
172.364
139.288
139.808
139.287
139.391
139.235
139.235
139.860
139.391
139.443
139.339
139.235
139.392
172.729
139.339
139.235
139.235
139.339
139.287
172.311
139.287
139.235
139.131
139.339
139.235
139.339
139.392
138.870
139.235
139.235
139.287
139.287
172.468
139.235
139.287
139.235
139.444
139.130
172.624
139.339
139.287
139.443
139.339
139.287
175.906
139.287
139.340
139.235
139.340
139.391
139.235
172.781
139.235
139.391
139.287
139.339
139.339
171.583
139.183
139.131
139.078
139.339
139.183
172.988
139.079
139.183
139.079
139.391
139.287
139.339
172.156
139.339
139.391
139.131
139.079
139.287
172.052
139.339
139.287
139.234
139.287
139.392
166.478
139.495
139.078
139.287
139.339
139.391
139.391
139.756
139.287
139.235
139.287
139.079
139.235
172.572
139.235
139.391
139.339
139.079
139.339
172.573
139.287
139.079
139.288
139.235
139.287
139.287
139.600
139.444
139.339
139.391
139.392
139.287
172.572
139.287
139.287
139.391
138.610
139.391
172.259
139.287
139.287
139.392
139.287
139.130
176.166
139.392
139.443
139.391
139.339
139.131
139.235
172.520
139.339
139.339
139.183
139.287
139.235
172.468
139.131
139.339
139.391
139.340
139.287
172.520
139.339
139.392
139.339
139.182
139.287
138.975
172.364
139.339
139.339
139.287
138.818
139.288
172.468
139.130
139.391
139.339
139.131
139.391
172.989
139.026
139.339
139.287
139.235
139.287
139.287
172.624
139.339
139.339
139.392
139.131
139.131
172.728
139.235
139.287
139.131
138.975
139.340
166.895
139.183
139.235
139.391
139.235
139.443
139.131
139.131
139.391
139.183
139.287
139.235
139.183
172.520
139.287
139.287
139.339
139.287
139.235
172.573
139.339
139.287
139.235
139.182
139.287
174.344
139.391
139.131
139.339
139.340
139.391
139.287
172.573
139.287
139.235
139.183
139.340
139.287
172.572
139.495
139.079
139.444
139.287
139.339
172.468
139.339
139.182
139.287
139.444
139.339
139.339
172.364
139.079
139.235
139.339
139.078
139.339
173.197
139.339
139.443
139.235
139.339
139.339
172.520
139.026
139.131
139.287
139.287
139.235
139.339
172.468
139.339
139.287
139.287
139.287
139.287
174.239
139.443
139.288
139.287
139.496
139.027
173.302
139.391
139.287
139.287
139.287
139.182
172.676
139.287
139.340
139.287
139.287
139.391
139.235
172.416
139.392
139.079
139.183
139.235
139.391
173.353
139.235
139.131
139.287
139.287
139.339
172.572
139.287
139.340
139.339
139.339
139.235
139.340
173.458
139.131
139.339
139.339
139.287
139.027
172.468
139.078
139.339
139.391
139.235
139.287
167.780
139.495
139.339
139.339
139.287
139.339
139.339
172.624
139.131
139.131
139.235
139.183
139.340
173.354
139.339
139.183
139.339
139.287
139.391
172.416
139.391
139.235
139.288
139.339
139.340
139.339
173.301
139.391
139.287
139.339
139.443
139.392
173.353
139.287
139.287
139.287
139.287
139.339
172.520
139.183
139.391
139.600
139.287
139.287
172.573
139.287
139.183
139.340
139.287
139.392
139.391
171.947
139.235
139.339
139.235
139.131
139.287
173.145
139.392
139.287
139.444
139.339
139.287
172.260
139.288
139.235
139.183
139.287
139.391
139.287
172.364
139.287
139.340
139.183
139.444
139.339
172.364
138.975
139.287
139.443
139.391
139.339
172.468
139.339
139.182
139.287
138.974
139.287
139.235
172.363
139.339
139.392
139.443
139.131
138.871
172.833
139.392
139.339
139.235
139.287
139.131
167.728
139.444
139.131
139.288
139.391
139.287
139.287
172.572
139.183
139.391
139.339
139.182
139.339
172.416
139.235
139.235
139.287
139.287
139.391
173.249
139.339
139.287
139.340
139.287
139.287
138.766
171.947
139.444
139.391
138.819
139.287
139.287
172.833
139.339
139.287
139.391
139.391
139.391
172.364
139.130
139.183
139.392
139.131
139.235
172.468
139.235
139.235
139.392
139.339
139.339
139.287
172.677
139.287
139.287
139.183
139.340
139.183
173.093
139.131
139.443
139.288
139.079
139.287
172.363
139.235
139.131
139.287
139.183
139.235
139.287
172.572
139.287
139.078
139.235
139.288
139.183
174.031
138.923
139.235
139.235
139.287
139.183
172.260
139.131
139.235
139.183
139.287
139.235
139.027
172.259
139.287
139.287
139.235
139.183
139.079
173.510
139.078
139.183
139.235
139.235
139.339
170.592
139.339
139.287
139.288
139.183
139.027
139.339
172.312
139.392
139.235
139.235
139.287
139.340
173.458
139.444
139.287
139.130
139.287
139.235
173.874
139.287
139.287
139.339
139.287
139.183
166.686
139.443
139.235
139.391
139.235
139.392
139.287
172.416
139.287
139.235
139.183
138.974
139.235
172.468
139.444
139.339
139.027
139.287
139.235
176.010
139.339
139.183
139.287
139.287
139.287
139.339
172.573
139.391
139.287
139.392
139.235
139.079
172.885
139.287
139.235
139.391
139.391
139.339
172.468
139.287
139.235
139.391
139.287
138.974
139.287
173.041
139.339
139.235
139.235
139.339
139.287
172.103
139.339
139.183
139.339
139.287
139.287
172.572
139.287
139.287
139.339
139.079
139.443
139.235
172.989
139.340
139.339
139.340
139.443
139.287
172.312
139.235
139.235
138.923
139.339
139.183
171.791
139.287
139.235
139.183
139.339
139.287
176.166
139.340
139.287
139.235
139.339
139.339
139.339
172.676
139.130
139.287
139.130
139.183
139.235
172.051
139.235
139.026
139.287
139.235
138.662
171.113
139.443
139.131
139.078
139.287
138.975
139.339
172.624
139.287
139.131
139.235
139.235
139.235
172.520
139.340
139.287
139.235
139.235
139.235
172.156
139.183
139.183
139.287
139.287
139.235
139.235
172.625
138.975
139.183
139.339
139.287
139.079
172.520
139.391
139.235
139.287
139.392
139.235
172.312
139.339
139.235
139.026
139.391
139.027
139.340
173.562
139.391
139.287
139.287
139.287
139.235
172.520
139.235
139.079
139.131
139.339
139.287
172.364
139.391
139.288
139.235
139.235
139.496
176.271
139.339
139.391
139.183
139.079
139.235
139.079
173.041
139.235
139.183
139.287
139.235
139.235
172.416
139.235
139.235
139.287
139.287
139.235
172.364
139.183
139.183
139.130
139.287
139.340
139.235
172.416
139.339
139.287
139.235
139.079
139.235
172.468
139.392
139.391
139.287
139.288
139.287
166.791
139.391
139.131
139.339
139.287
139.339
139.287
172.207
139.131
139.339
139.391
139.130
139.339
173.562
139.339
139.340
139.287
139.288
139.391
172.573
139.235
139.339
139.027
139.340
139.235
139.340
172.416
139.131
139.339
139.078
139.339
139.287
172.260
139.287
139.235
139.339
139.287
139.287
172.260
139.234
139.183
139.235
139.339
139.287
139.287
173.302
139.287
139.339
139.340
139.235
139.339
172.677
139.392
139.131
139.287
139.287
139.287
173.510
139.287
139.182
139.339
139.392
139.235
176.427
139.287
139.287
139.287
139.444
139.235
139.288
172.833
139.339
139.339
139.287
139.235
139.078
173.093
139.443
139.287
139.183
139.339
139.287
172.364
139.131
139.235
139.287
139.026
139.287
138.818
172.416
139.443
139.235
