9.584
9.220
7.397
7.501
11.772
8.073
9.219
9.272
8.021
9.219
9.376
9.532
8.803
9.428
8.699
9.324
8.751
9.324
8.699
8.699
9.272
35.108
4.688
7.292
9.585
9.428
8.803
9.376
9.116
8.699
9.480
8.022
9.272
9.480
8.699
9.376
7.918
9.116
8.126
9.219
9.533
7.917
9.324
8.022
9.220
8.126
9.116
8.699
9.376
8.751
9.324
8.126
9.168
9.532
8.803
9.115
8.126
9.168
9.584
8.126
9.064
8.021
9.220
9.480
7.970
9.168
8.803
9.376
4.688
6.980
9.428
9.324
8.022
9.272
9.272
8.699
9.428
8.074
9.168
9.480
8.074
9.272
9.272
9.480
9.376
9.584
9.532
8.751
9.219
8.126
9.272
9.271
9.532
8.751
9.220
9.533
9.480
8.022
9.168
9.428
9.585
8.803
9.376
8.699
9.480
8.751
9.272
8.126
9.168
9.428
9.585
36.775
6.198
6.980
9.376
9.272
8.751
9.428
8.803
9.480
8.699
9.376
8.803
9.272
7.970
9.220
9.480
8.751
9.220
8.751
9.480
8.126
9.220
8.022
9.220
8.022
9.116
9.428
9.376
8.126
9.220
9.272
8.021
9.115
9.272
8.022
9.220
8.803
9.168
8.699
9.376
8.022
9.115
8.126
9.324
8.699
9.272
8.074
36.931
4.688
6.823
9.532
7.553
9.219
9.168
7.970
9.324
8.699
8.022
9.115
8.856
9.428
9.376
8.074
9.220
8.751
9.324
9.376
8.022
9.116
8.803
9.220
9.377
9.532
8.126
9.220
8.698
9.481
7.969
9.220
8.699
9.428
8.126
9.064
9.428
8.022
9.324
9.428
8.699
9.428
7.970
9.324
9.376
45.110
6.667
4.688
7.293
9.272
9.219
8.908
9.168
8.021
9.324
9.376
8.022
9.220
7.970
9.115
8.126
9.064
9.376
8.022
9.220
8.751
9.272
8.803
9.376
8.022
9.220
8.126
9.168
9.480
9.481
7.969
9.116
8.022
9.272
8.699
9.481
8.074
9.220
8.699
9.428
9.481
9.480
8.699
9.480
8.074
9.116
8.699
4.689
6.772
8.074
8.073
9.167
9.429
8.022
9.220
8.126
9.220
8.699
9.428
8.803
9.428
8.699
9.428
8.022
9.272
9.272
8.074
9.063
8.699
9.481
9.480
8.022
9.324
8.699
9.219
8.803
9.168
7.969
9.220
9.532
8.594
8.647
9.376
8.022
9.116
8.699
9.272
8.073
9.168
8.803
9.272
8.074
4.740
6.407
6.303
9.220
9.064
8.022
9.220
7.970
9.168
9.376
8.803
9.271
9.428
9.376
8.126
8.959
8.126
9.167
9.376
8.699
8.751
9.324
9.585
9.532
8.126
9.168
9.480
8.699
9.428
8.022
9.168
9.584
8.022
9.220
8.803
8.699
9.324
8.074
9.168
8.126
9.168
8.699
9.219
8.022
9.219
45.890
6.303
6.876
4.688
9.168
9.272
9.480
9.532
8.022
9.272
8.699
9.429
8.021
9.271
9.272
7.969
9.116
7.918
9.167
8.022
9.168
7.969
9.324
8.022
9.272
9.376
8.022
9.220
8.699
9.272
7.969
9.168
8.022
9.219
8.021
9.168
8.699
8.647
9.428
8.022
9.115
8.022
9.220
7.970
9.220
8.803
9.376
45.110
6.199
6.823
8.022
9.116
9.168
8.022
9.219
9.429
7.970
9.220
8.126
9.116
9.376
8.021
9.167
9.376
8.021
9.115
8.022
9.064
8.022
9.220
9.480
8.022
9.220
9.376
7.970
9.324
9.376
8.907
9.429
9.376
8.022
9.167
7.970
9.220
8.126
9.220
9.428
8.699
9.376
8.751
9.376
8.751
38.755
6.668
4.688
7.396
8.074
9.167
8.126
9.116
7.969
9.168
7.970
9.220
8.699
9.376
8.022
9.324
9.376
8.803
9.324
8.074
9.219
8.751
9.324
8.074
9.220
9.376
8.022
9.220
9.376
8.803
9.376
7.918
9.272
8.021
9.220
7.918
9.168
9.480
7.970
9.115
8.126
9.116
8.126
9.220
9.481
8.803
9.168
6.199
6.668
7.501
8.022
9.220
8.699
8.647
9.428
9.480
8.022
9.115
9.481
8.021
9.011
8.803
9.272
9.481
8.126
9.116
9.585
8.021
9.168
8.699
8.699
9.272
9.480
8.126
9.116
8.021
9.116
9.480
8.022
9.220
9.272
8.022
9.219
9.376
8.803
9.376
8.126
9.271
9.272
8.699
8.594
9.429
5.209
7.032
8.699
7.813
7.292
9.116
9.324
9.480
8.126
9.220
9.480
8.751
9.324
8.022
9.272
7.969
9.220
9.585
9.480
8.022
8.074
9.272
9.428
7.970
9.220
8.126
9.167
9.324
8.022
9.272
8.022
9.168
8.804
9.272
8.073
9.220
8.022
9.220
9.480
8.022
9.272
8.022
9.168
9.428
7.918
9.220
38.859
4.688
6.719
8.021
9.272
7.969
9.168
9.480
8.803
9.272
8.022
9.168
9.480
8.699
9.376
8.908
9.272
8.021
9.115
9.481
7.969
9.064
7.917
9.324
9.220
9.428
9.480
8.803
9.272
8.022
9.116
8.751
9.324
8.022
9.115
8.022
9.116
9.376
9.481
8.073
9.116
8.126
9.272
9.428
8.022
9.220
6.250
6.407
4.688
7.293
7.969
9.376
9.481
8.803
9.220
8.022
9.063
8.803
9.428
9.428
8.699
9.532
8.022
9.115
8.698
9.377
9.584
8.699
9.376
8.022
9.220
8.126
9.167
9.376
8.073
9.116
8.126
9.220
9.480
8.699
9.272
8.126
9.220
8.699
9.272
8.022
9.115
9.376
8.073
9.220
7.918
9.219
8.126
4.688
6.668
8.699
7.970
9.220
8.022
9.220
8.699
8.595
9.428
8.074
9.220
8.021
9.168
8.699
9.480
8.803
9.168
8.647
9.428
8.126
9.220
7.969
9.116
8.126
9.219
9.481
7.969
9.115
8.022
9.116
9.480
8.022
9.220
8.022
9.220
8.647
9.428
8.022
9.115
9.481
8.855
9.168
8.022
9.220
6.303
6.459
4.688
8.178
6.980
7.292
8.699
9.324
8.022
9.168
8.021
9.220
8.699
9.168
8.022
9.064
9.480
8.699
9.428
9.480
8.126
9.115
8.699
8.595
9.376
7.970
9.220
8.699
9.272
8.126
9.220
8.751
9.272
7.918
9.116
8.021
9.167
8.647
9.272
8.803
9.429
9.376
8.022
9.167
8.074
9.220
7.918
5.625
6.719
8.074
9.167
7.970
9.168
7.970
9.115
9.220
8.804
9.480
8.647
9.272
8.803
9.220
7.970
9.219
9.428
7.918
9.167
8.022
9.168
8.021
9.115
8.022
9.168
9.428
8.803
9.168
8.022
9.220
8.699
9.272
8.021
9.115
8.126
9.064
8.699
8.595
9.324
9.480
9.584
8.074
9.168
9.376
5.209
6.824
8.074
9.220
9.480
8.074
9.063
7.970
9.220
9.376
8.699
9.272
8.022
9.168
8.699
8.699
9.376
7.969
9.220
7.917
9.272
8.803
9.429
8.803
9.376
8.022
9.219
8.022
9.220
9.324
7.970
9.220
8.803
9.220
8.022
9.220
8.595
8.751
9.272
9.376
8.022
9.272
8.647
9.532
8.803
8.647
5.521
6.876
9.272
9.428
9.376
8.699
9.324
8.022
9.168
9.376
8.803
9.376
9.428
8.022
9.220
9.376
8.074
9.116
9.376
8.178
9.116
8.595
9.428
8.803
9.428
9.377
9.584
8.699
8.699
9.272
8.074
9.219
7.970
9.116
8.021
9.116
8.074
9.167
9.637
9.480
8.803
9.429
8.803
9.272
8.751
4.688
4.688
6.668
7.501
9.428
9.168
8.074
9.168
8.751
9.272
8.699
8.699
9.429
8.073
9.116
7.970
9.167
8.646
9.271
8.803
9.272
8.021
9.219
9.324
8.803
9.428
9.376
7.970
9.220
8.803
8.699
9.220
7.917
9.272
7.970
9.116
9.480
8.751
9.324
8.022
9.168
8.595
8.699
9.376
7.969
45.058
6.616
4.688
7.397
9.220
9.428
7.866
9.272
8.699
9.324
8.751
9.220
8.126
9.220
8.803
9.272
8.699
9.376
8.803
9.272
8.699
9.376
8.699
9.376
8.022
9.064
7.969
9.116
8.803
8.699
9.376
8.126
9.115
8.022
9.220
8.074
9.063
7.970
9.168
9.480
8.126
9.115
8.022
9.115
9.376
8.022
9.220
6.198
6.876
7.970
9.116
8.073
9.220
9.272
8.074
9.116
8.021
9.115
8.751
9.167
8.856
9.272
9.584
8.022
