1975.178
1826.463
1814.743
1801.408
1808.075
1774.686
1802.138
1791.303
1792.344
1795.262
1765.154
1799.429
1789.167
1786.458
1794.220
1759.476
1784.166
1790.677
1790.834
1792.866
1754.423
1789.427
1796.511
1786.875
1789.740
1757.549
1786.510
1788.125
1795.001
1788.698
1764.842
1789.948
1785.937
1786.875
1788.281
1759.476
1788.177
1789.792
1785.104
1785.833
1754.475
1783.229
1785.417
1779.583
1790.261
1755.361
1785.781
1783.646
1793.855
1790.469
1756.664
1785.729
1776.248
1788.437
1790.938
1757.600
1782.812
1784.948
1790.209
1784.531
1759.059
1787.396
1789.584
1788.594
1787.292
1756.872
1784.792
1790.157
1784.531
1788.386
1752.027
1786.354
1788.490
1777.499
1790.625
1750.829
1782.239
1779.062
1782.031
1791.824
1755.361
1779.895
1780.780
1780.051
1783.177
1741.922
1780.364
1783.333
1780.520
1783.906
1751.350
1781.770
1787.448
1783.906
1788.698
1749.058
1789.480
1791.719
1786.719
1781.979
1758.017
1792.032
1788.021
1788.802
1785.000
1763.383
1784.323
1791.042
1789.323
1781.041
1768.852
1791.563
1791.407
1791.980
1794.532
1760.518
1786.042
1788.594
1790.886
1787.136
1759.997
1785.937
1788.073
1782.031
1788.125
1762.497
1787.136
1788.907
1790.209
1791.510
1758.590
1785.416
1781.353
1789.896
1789.062
1758.903
1788.750
1786.041
1789.219
1789.272
1758.903
1789.479
1790.417
1790.938
1794.741
1759.945
1788.698
1793.282
1795.001
1798.543
1762.861
1791.407
1789.532
1786.093
1791.771
1767.810
1798.439
1794.271
1788.177
1793.959
1759.685
1789.011
1790.625
1787.969
1794.948
1760.778
1764.998
1793.386
1790.417
1792.761
1786.562
1764.060
1788.125
1792.396
1794.168
1793.439
1764.633
1791.563
1785.260
1795.210
1787.917
1761.455
1787.240
1789.896
1790.208
1784.843
1762.445
1781.509
1780.468
1792.500
1783.281
1762.080
1789.531
1791.459
1790.886
1789.792
1757.236
1790.313
1789.949
1793.907
1796.824
1757.236
1790.834
1789.531
1792.396
1797.501
1767.758
1790.522
1793.178
1792.552
1801.460
1773.488
1798.283
1790.469
1791.459
1795.626
1762.809
1793.959
1787.343
1790.625
1787.917
1762.393
1790.208
1781.874
1792.448
1787.448
1756.038
1788.802
1788.125
1786.250
1787.239
1756.350
1792.084
1783.176
1788.958
1788.125
1756.455
1787.760
1793.699
1788.854
1788.958
1757.185
1792.553
1786.563
1792.500
1793.438
1758.070
1760.257
1794.636
1797.188
1796.043
1791.824
1758.538
1784.375
1781.405
1791.719
1759.580
1756.142
1792.344
1793.490
1791.094
1785.990
1760.362
1788.750
1790.990
1786.302
1781.614
1760.049
1785.209
1789.323
1792.031
1759.528
1758.746
1786.562
1791.094
1787.135
1759.371
1759.632
1785.521
1789.844
1790.105
1757.757
1757.028
1789.323
1792.136
1792.240
1762.393
1754.424
1781.666
1786.927
1787.709
1762.289
1790.469
1782.135
1790.312
1796.095
1763.383
1762.445
1787.500
1787.239
1788.177
1757.861
1789.896
1786.719
1781.093
1787.500
1758.174
1781.510
1783.958
1783.229
1792.136
1757.080
1787.084
1784.323
1791.094
1793.594
1765.779
1786.718
1783.802
1792.293
1790.417
1760.830
1787.500
1783.958
1790.365
1793.386
1790.053
1754.996
1787.813
1790.105
1788.438
1782.239
1760.778
1792.761
1783.125
1786.198
1757.966
1761.143
1793.230
1790.574
1782.969
1757.705
1759.112
1784.323
1785.208
1789.948
1758.434
1759.945
1792.657
1786.250
1787.136
1757.653
1789.375
1789.219
1785.937
1784.323
1757.861
1783.749
1787.396
1784.843
1784.010
1760.101
1790.938
1783.177
1795.470
1795.626
1762.497
1761.924
1788.802
1788.437
1787.708
1755.569
1786.354
1790.313
1790.104
1791.563
1763.695
1760.049
1786.510
1791.146
1787.344
1759.216
1752.653
1786.719
1788.855
1788.646
1754.215
1790.521
1790.000
1787.292
1789.896
1758.434
1792.605
1789.532
1785.833
1793.751
1758.226
1763.175
1795.783
1789.844
1791.250
1788.490
1764.008
1791.719
1788.594
1790.574
1785.729
1761.091
1790.781
1791.303
1782.447
1787.448
1754.475
1790.469
1786.979
1786.875
1786.927
1760.101
1784.844
1791.042
1786.718
1789.427
1756.767
1790.365
1788.334
1786.250
1783.853
1758.903
1788.542
1786.094
1787.084
1785.156
1756.403
1791.511
1781.666
1786.719
1781.561
1757.288
1781.354
1785.312
1784.583
1754.945
1789.011
1795.261
1790.156
1792.344
1761.507
1761.299
1784.115
1790.730
1789.949
1763.904
1758.539
1791.563
1786.354
1787.813
1761.143
1764.529
1793.178
1788.803
1788.333
1784.792
1763.174
1791.720
1786.927
1790.938
1780.468
1764.581
1785.937
1789.010
1790.208
1786.198
1761.195
1795.105
1787.812
1788.386
1792.084
1753.382
1785.781
1791.042
1791.303
1784.740
1756.819
1785.937
1788.802
1785.781
1784.219
1760.726
1783.229
1786.979
1790.991
1793.491
1767.498
1787.239
1786.406
1788.854
1785.052
1756.091
1788.490
1795.053
1789.532
1787.032
1762.132
1786.302
1790.157
1782.708
1778.489
1757.236
1783.177
1784.114
1788.959
1785.416
1755.204
1782.864
1782.135
1788.854
1754.423
1757.393
1789.948
1789.896
1789.636
1756.612
1760.413
1791.563
1788.750
1792.552
1765.258
1764.320
1797.032
1786.250
1789.948
1789.323
1763.903
1794.063
1788.906
1787.239
1784.583
1762.758
1789.740
1792.292
1790.729
1787.500
1756.299
1784.740
1795.522
1791.146
1792.084
1759.111
1790.365
1789.636
1787.188
1786.771
1761.716
1792.865
1795.991
1788.333
1791.251
1758.903
1789.323
1785.156
1783.020
1786.406
1757.601
1782.344
1791.094
1783.073
1788.802
1761.143
1781.978
1781.926
1789.323
1791.563
1758.017
1792.605
1789.375
1790.678
1796.564
1766.404
1794.220
1793.751
1792.292
1789.167
1762.810
1786.094
1788.438
1786.094
1789.740
1756.403
1791.355
1789.584
1789.063
1788.959
1757.705
1791.303
1786.458
1781.354
1775.416
1763.122
1790.208
1787.604
1785.989
1784.584
1759.528
1785.468
1787.083
1790.365
1783.177
1758.122
1787.761
1793.022
1789.115
1793.490
1757.184
1791.459
1788.698
1790.365
1791.980
1760.778
1790.677
1790.782
1789.428
1798.074
1762.393
1788.906
1795.313
1798.855
1793.126
1766.091
1794.011
1795.887
1794.272
1787.500
1755.309
1790.522
1791.928
1790.886
1784.375
1758.747
1790.625
1785.729
1794.168
1790.730
1766.404
1761.195
1787.656
1792.084
1797.918
1789.479
1762.237
1791.667
1787.657
1792.709
1790.573
1758.278
1793.074
1784.479
1783.853
1785.729
1754.580
1782.552
1786.198
1792.448
1782.187
1755.205
1785.417
1790.418
1786.667
1781.874
1750.621
1787.344
1783.073
1790.574
1756.716
1756.819
1790.365
1787.084
1785.781
1759.008
1787.813
1787.552
1781.458
1785.417
1758.121
1789.948
1782.500
1779.479
1780.260
1754.892
1789.063
1781.666
1777.760
1778.906
1750.725
1781.093
1778.853
1782.187
1779.218
1753.902
1784.896
1787.865
1784.010
1783.437
1756.090
1783.176
1786.198
1791.251
1790.938
1756.351
1784.010
1781.146
1781.406
1771.508
1752.496
1784.687
1783.073
1783.958
1754.528
1751.090
1784.375
1783.124
1783.385
1754.528
1784.740
1786.615
1779.113
1787.292
1749.579
1785.000
1779.635
1786.562
1783.749
1748.069
1781.562
1783.437
1786.563
1788.646
1754.579
1781.979
1782.760
1781.354
1782.134
1759.528
1787.396
1783.750
1786.823
1787.395
1755.517
1789.115
1789.375
1787.500
1793.543
1758.017
1795.626
1795.938
1789.792
1788.594
1758.539
1788.178
1793.386
1781.093
1796.824
1762.028
1790.313
1786.562
1790.990
1793.335
1756.403
1794.480
1790.105
1791.199
1788.334
1758.070
1787.864
1786.198
1790.834
1795.418
1760.206
1792.032
1788.646
1791.251
1794.845
1765.050
1789.480
1783.177
1785.938
1792.292
1761.820
1786.042
1784.011
1786.771
1787.240
1755.413
1789.584
1786.667
1788.907
1784.011
1759.372
1786.615
1788.803
1788.855
1796.355
1763.383
1786.718
1790.313
1788.959
1782.655
1758.538
1785.572
1788.125
1791.668
1786.615
1759.320
1787.292
1787.135
1785.729
1786.511
1749.214
1762.393
1786.771
1788.750
1787.448
1758.799
1752.496
1783.437
1787.396
1784.323
1759.319
1786.979
1790.522
1787.396
1793.021
1758.330
1784.427
1785.208
1785.261
1788.698
1755.257
1786.406
1786.198
1787.188
1787.917
1760.778
1784.583
1789.792
1790.834
1790.261
1761.142
1789.584
1789.219
1790.053
1787.553
1752.236
1788.334
1791.251
1792.970
1789.324
1764.841
1793.907
1797.293
1789.167
1790.053
1761.716
1764.580
1791.511
1786.823
1794.376
1784.166
1761.716
1790.573
1794.271
1790.625
1790.157
1767.706
1789.740
1787.344
1791.771
1788.281
1761.143
1790.001
1793.282
1795.522
1790.678
1755.674
1787.344
1791.927
1792.813
1781.770
1757.497
1793.699
1790.156
1793.074
1795.939
1759.945
1795.470
1792.605
1793.855
1790.886
1759.580
1785.260
1783.958
1785.677
1782.708
1749.527
1786.823
1784.791
1786.458
1795.365
1761.612
1786.667
1788.230
1791.511
1789.740
1758.174
1794.167
1786.354
1786.250
1793.126
1764.998
1794.272
1788.803
1780.104
1784.115
1756.455
1783.697
1794.219
1786.666
1792.084
1763.800
1794.063
1793.334
1781.041
1790.678
1759.685
1795.887
1793.230
1796.199
1793.387
1766.248
1788.855
1788.282
1794.741
1791.407
1757.966
1790.053
1789.844
1789.323
1790.782
1758.643
1758.226
1787.761
1792.449
1789.636
1762.549
1758.069
1787.552
1788.542
1793.543
1754.110
1760.362
1786.354
1788.281
1787.917
1763.383
1765.571
1786.094
1787.553
1790.417
1758.851
1759.633
1787.500
1782.083
1793.438
1762.132
1768.331
1792.501
1792.397
1787.396
1791.250
1764.059
1790.834
1788.594
1790.469
1786.510
1757.340
1789.844
1785.885
1793.074
1793.386
1765.675
1794.011
1794.845
1795.053
1794.220
1757.862
1787.604
1791.876
1790.260
1790.417
1764.528
1791.042
