2149.157
2028.727
2023.986
2039.196
2037.217
2024.299
2069.356
2029.664
2039.821
2040.602
2033.778
2033.154
2030.914
2039.977
2031.018
2033.049
2047.895
2046.854
2031.382
2013.672
2027.372
2042.530
2037.321
2072.586
2052.791
2039.613
2038.050
2042.999
2028.257
2041.593
2067.429
2044.561
2036.383
2035.862
2036.384
2037.164
2036.696
2032.842
2067.376
2020.079
2045.915
2037.478
2035.758
2035.081
2041.175
2018.777
2029.143
2038.519
2023.569
2041.228
2043.311
2038.571
2029.612
2036.487
2031.383
2027.788
2044.510
2039.197
2039.821
2042.217
2043.207
2036.175
2035.342
2028.935
2027.632
2017.735
2031.330
2033.570
2038.311
2034.352
2044.717
2033.414
2034.456
2045.447
2023.725
2019.767
2028.153
2026.747
2024.975
2043.624
2035.914
2048.989
2029.195
2056.698
2033.050
2036.331
2032.425
2041.123
2028.935
2032.580
2022.684
2053.260
2047.739
2038.467
2040.602
2040.759
2048.416
2038.988
2053.000
2040.602
2032.164
2039.301
2034.456
2016.225
2036.227
2036.435
2040.030
2036.332
2042.894
2046.124
2044.510
2026.122
2042.999
2028.205
2040.811
2027.580
2036.540
2033.623
2028.465
2043.885
2021.590
2024.194
2029.612
2038.884
2021.225
2033.310
2041.592
2029.664
2046.749
2040.030
2038.050
2036.852
2051.593
2037.477
2036.487
2027.216
2045.707
2039.821
2074.200
2042.738
2031.383
2032.164
2040.238
2024.663
2037.113
2052.062
2025.861
2047.218
2027.320
2041.331
2042.999
2040.863
2030.654
2038.051
2035.446
2036.904
2040.498
2033.779
2041.488
2042.426
2035.446
2042.374
2035.394
2037.894
2046.332
2035.133
2026.747
2038.988
2043.728
2032.581
2038.311
2021.902
2039.769
2028.987
2039.560
2042.582
2029.143
2033.831
2053.989
2029.091
2033.623
2027.164
2042.061
2032.476
2028.154
2031.799
2026.173
2041.123
2068.470
2039.301
2026.331
2029.872
2034.560
2036.227
2032.581
2035.081
2032.476
2035.342
2038.415
2034.873
2021.903
2035.341
2018.777
2032.529
2030.289
2062.845
2034.717
2052.063
2029.611
2045.967
2041.957
2037.790
2041.488
2028.570
2038.571
2050.395
2033.466
2041.384
2035.550
2049.250
2038.519
2069.720
2034.352
2036.748
2041.592
2038.780
2036.279
2042.738
2031.904
2037.529
2036.123
2046.958
2033.362
2042.477
2029.560
2036.436
2037.582
2060.189
2027.633
2042.478
2027.320
2036.748
2045.551
2046.801
2048.103
2036.384
2039.196
2035.602
2043.155
2040.186
2034.821
2051.646
2028.414
2073.471
2042.530
2041.748
2041.176
2028.101
2050.292
2045.968
2042.842
2042.425
2017.944
2033.467
2031.539
2029.508
2044.144
2036.487
2038.259
2037.477
2049.979
2038.675
2036.383
2049.301
2055.031
2028.206
2037.217
2035.758
2033.623
2047.895
2048.780
2031.747
2030.080
2037.425
2041.852
2085.087
2027.997
2040.968
2026.174
2028.570
2037.060
2037.113
2042.269
2033.050
2037.373
2042.321
2044.770
2032.321
2041.905
2022.841
2040.655
2037.738
2042.374
2038.155
2042.895
2044.874
2041.019
2025.080
2039.092
2036.019
2035.342
2036.175
2045.812
2037.998
2030.602
2031.122
2038.935
2063.574
2033.258
2033.049
2048.781
2033.935
2037.582
2026.017
2034.769
2039.769
2033.727
2030.497
2031.435
2039.301
2032.059
2050.031
2045.603
2026.174
2061.595
2030.133
2044.927
2041.228
2043.676
2045.030
2024.559
2028.049
2039.561
2034.144
2023.153
2032.529
2044.561
2035.706
2031.487
2050.447
2038.728
2072.169
2029.559
2032.633
2045.812
2034.404
2033.571
2044.509
2039.925
2039.352
2025.080
2035.966
2046.124
2044.197
2045.030
2041.228
2038.415
2065.502
2035.967
2034.144
2036.748
2025.132
2027.476
2032.581
2040.655
2036.331
2033.726
2028.361
2044.926
2027.945
2026.330
2036.019
2050.291
2012.787
2022.684
2043.937
2040.343
2029.299
2044.405
2043.884
2031.695
2048.416
2034.091
2036.748
2033.779
2032.424
2031.904
2034.508
2041.436
2038.675
2034.039
2067.064
2037.373
2034.508
2041.905
2048.884
2035.186
2032.112
2041.384
2037.112
2031.278
2043.624
2036.852
2030.966
2024.872
2034.977
2024.455
2063.991
2045.968
2052.115
2041.019
2043.207
2040.082
2035.602
2030.080
2035.602
2048.677
2044.197
2047.791
2041.540
2034.769
2023.205
2034.456
2066.022
2037.425
2033.049
2039.613
2036.800
2042.270
2032.841
2047.217
2035.862
2046.072
2039.509
2032.112
2035.758
2040.134
2041.019
2034.299
2050.656
2037.633
2034.195
2035.238
2019.819
2046.489
2049.510
2045.134
2046.697
2041.540
2041.176
2055.604
2037.113
2034.091
2029.924
2041.071
2056.802
2036.123
2040.343
2036.019
2034.717
2037.269
2028.935
2036.540
2038.832
2029.872
2043.936
2029.716
2045.135
2039.874
2018.100
2041.332
2022.059
2035.238
2045.291
2037.425
2033.935
2029.403
2040.342
2031.643
2032.217
2043.103
2038.102
2029.872
2036.070
2040.759
2028.153
2031.278
2042.686
2033.050
2017.475
2043.676
2036.279
2027.684
2044.145
2035.393
2037.061
2037.425
2044.301
2033.987
2046.697
2037.165
2043.103
2034.508
2038.571
2025.601
2069.512
2023.622
2043.728
2037.634
2036.019
2031.591
2035.863
2047.947
2032.112
2037.686
2032.321
2039.456
2035.289
2032.841
2044.510
2025.809
2025.184
2072.377
2041.749
2031.331
2038.258
2029.456
2037.842
2031.643
2035.550
2041.227
2040.081
2033.415
2030.758
2040.810
2039.196
2024.038
2050.135
2030.705
2062.220
2028.154
2036.019
2034.820
2031.748
2044.509
2035.342
2037.321
2040.603
2026.538
2022.476
2043.467
2043.207
2042.739
2035.654
2031.487
2035.759
2067.169
2031.486
2039.144
2036.592
2037.685
2025.966
2035.550
2038.259
2038.728
2031.382
2043.416
2035.654
2043.103
2043.519
2034.352
2032.685
2040.290
2025.966
2035.446
2041.956
2037.842
2039.301
2030.341
2030.914
2041.071
2037.581
2032.060
2038.363
2043.155
2037.321
2035.133
2045.395
2025.913
2028.154
2037.112
2036.800
2042.270
2029.716
2041.853
2037.842
2037.789
2025.705
2049.301
2043.311
2043.885
2039.561
2039.665
2041.749
2036.071
2067.898
2048.728
2039.040
2028.987
2048.468
2029.195
2042.113
2041.436
2031.747
2023.673
2032.425
2038.414
2040.446
2049.822
2048.156
2033.936
2066.492
2048.208
2037.113
2035.394
2029.976
2044.405
2028.466
2034.144
2043.416
2044.041
2047.791
2030.862
2042.426
2035.967
2033.988
2038.936
2073.106
2035.498
2038.884
2040.343
2034.977
2039.456
2043.467
2026.956
2042.374
2043.364
2041.384
2038.311
2031.383
2037.008
2039.353
2030.653
2031.331
2037.217
2032.477
2025.132
2032.425
2040.133
2031.799
2025.810
2036.071
2035.446
2037.113
2028.518
2027.945
2031.643
2020.601
2036.123
2024.455
2036.435
2022.996
2042.739
2051.125
2032.320
2036.175
2046.540
2035.863
2040.447
2032.945
2029.091
2036.644
2034.091
2035.707
2042.218
2045.655
2043.988
2027.788
2042.530
2044.561
2034.352
2022.631
2033.831
2037.164
2037.686
2042.946
2043.155
2040.290
2045.499
2033.727
2029.247
2028.674
2040.290
2033.467
2029.404
2034.352
2037.425
2039.301
2038.415
2043.572
2017.995
2038.467
2042.530
2031.383
2039.197
2035.081
2039.144
2031.695
2048.260
2037.894
2069.720
2029.299
2033.258
2035.029
2031.435
2042.843
2044.770
2030.758
2044.040
2042.269
2040.291
2054.511
2040.394
2035.602
2041.592
2032.528
2031.644
2041.071
2037.530
2039.926
2038.988
2038.206
2030.289
2047.166
2041.331
2033.571
2026.591
2035.654
2030.914
2031.487
2037.165
2037.737
2031.227
2060.293
2044.405
2038.519
2036.331
2030.289
2039.769
2051.438
2044.614
2030.914
2042.061
2028.049
2036.540
2033.988
2029.456
2043.936
2033.831
2034.456
2020.965
2037.009
2038.154
2042.165
2056.490
2048.833
2034.352
2044.562
2045.967
2041.176
2039.561
2039.197
2035.811
2042.426
2043.572
2020.496
2048.469
2047.374
2035.290
2031.956
2033.987
2033.258
2038.728
2054.355
2034.196
2043.207
2039.144
2048.625
2023.413
2047.531
2029.351
2067.273
2046.020
2054.198
2035.811
2031.800
2031.331
2046.593
2038.519
2029.247
2035.967
2046.436
2034.664
2027.476
2028.101
2038.050
2037.216
2057.949
2016.485
2046.750
2048.833
2047.478
2047.999
2041.384
2042.426
2045.239
2039.977
2041.749
2046.072
2026.956
2028.726
2038.103
2048.624
2061.283
2036.071
2048.416
2033.623
2030.341
2039.457
2052.844
2039.248
2029.247
2030.914
2042.999
2049.926
2026.746
2019.767
2052.010
2030.393
2031.539
2044.822
2045.290
2043.624
2049.041
2041.123
2037.842
2033.779
2045.083
2038.780
2031.747
2043.520
2030.966
2041.540
2043.624
2039.926
2073.784
2038.050
2030.549
2052.479
2037.685
2033.258
2036.071
2046.228
2043.936
2038.623
2049.094
2049.927
2036.279
2043.884
2033.310
2080.763
2039.352
2050.864
2022.527
2027.268
2044.822
2033.519
2037.998
2036.539
2031.226
2051.437
2048.000
2032.841
2042.114
2043.884
2031.956
2024.715
2043.780
2039.769
2046.072
2030.758
2037.008
2045.187
2033.779
2058.678
2070.815
2096.494
2080.868
2092.744
2092.640
2105.142
2086.129
2094.255
2095.244
2094.568
2041.228
2033.362
2045.968
2030.393
2071.595
2050.447
2036.228
2039.196
2039.978
2058.470
2026.590
2046.437
2047.843
2041.592
2047.583
2055.605
2043.885
2039.770
2033.675
2060.709
2029.664
2046.228
2037.217
2046.697
2014.349
2040.967
2045.291
2049.875
2042.114
2025.757
2050.812
2047.635
2051.125
2034.196
2025.445
2070.971
2044.041
2037.529
2036.644
2042.895
2034.091
2033.102
2036.175
2038.363
2038.780
2041.697
2044.770
2030.081
2045.238
2035.863
2041.904
2029.560
2030.081
2026.070
2030.550
2040.342
2031.799
2030.133
2029.403
2046.020
2033.623
2050.031
2057.219
2035.966
2041.072
2051.334
2022.684
2059.198
2030.184
2036.540
2038.780
2028.675
2036.071
2038.623
2034.769
