12.085
10.730
10.678
10.731
10.990
10.210
14.533
10.678
10.835
10.626
10.730
10.679
10.730
10.574
10.835
11.043
10.887
10.939
10.574
10.939
10.627
10.678
10.678
10.574
10.887
10.731
10.574
10.887
10.939
10.731
10.991
10.782
10.887
10.730
10.783
31.931
4.688
4.688
10.470
10.679
10.730
10.731
10.678
10.730
10.731
10.626
10.783
10.470
10.834
10.731
10.730
10.887
10.782
10.731
10.834
10.679
10.626
10.782
10.679
10.678
10.783
10.626
10.782
10.679
10.730
10.835
10.782
10.678
10.783
10.834
10.834
10.783
10.887
10.678
10.730
10.887
10.887
10.522
10.782
4.689
4.740
5.209
10.990
10.782
10.782
10.731
10.626
10.782
10.470
10.679
10.678
10.678
10.626
10.731
10.626
10.730
10.731
10.730
10.574
10.627
10.730
10.783
10.730
10.835
10.730
10.886
10.783
10.626
10.627
10.574
10.678
10.679
10.730
10.731
10.783
10.626
10.731
10.782
10.835
10.835
6.824
5.209
7.084
10.834
10.574
10.835
10.834
10.783
10.782
10.679
10.678
10.678
10.783
10.939
10.730
10.678
10.731
10.678
10.678
10.679
10.834
10.678
10.678
10.678
10.886
10.679
10.782
10.835
10.782
10.783
10.678
10.783
10.782
10.991
10.835
10.678
10.731
10.834
10.782
10.783
10.886
10.678
10.730
4.741
6.720
4.688
10.835
10.887
10.783
10.730
10.783
10.730
10.783
10.782
10.783
10.574
10.835
10.730
10.783
10.782
10.835
10.730
10.678
10.783
10.678
10.835
10.783
10.678
10.783
10.782
10.783
10.678
10.678
10.679
10.782
10.782
10.730
10.783
10.730
10.835
10.783
10.730
10.626
10.782
10.887
4.792
4.792
6.824
10.678
10.679
10.782
10.783
10.678
10.731
10.886
10.834
10.731
10.782
10.575
10.626
10.730
10.574
10.626
10.574
10.887
10.626
10.783
10.834
10.782
10.783
10.730
10.731
10.678
10.730
10.731
10.678
10.626
10.678
10.783
10.886
10.731
10.678
10.679
10.626
10.731
10.782
10.627
10.678
34.952
4.688
6.823
10.678
10.783
10.678
10.730
10.782
10.730
10.730
10.887
10.835
10.834
10.783
10.678
10.783
10.626
10.730
10.783
10.730
10.678
10.783
10.626
10.574
10.678
10.783
10.626
10.730
10.626
10.626
10.835
10.626
10.574
10.679
10.782
10.731
10.626
10.835
10.574
10.834
10.626
10.626
10.678
10.731
4.792
4.740
6.928
10.783
6.824
10.783
10.627
10.730
10.938
10.782
10.783
10.730
10.835
10.730
10.731
10.678
10.783
10.886
10.886
10.783
10.834
10.626
10.886
10.783
10.730
10.730
10.887
10.678
10.835
10.626
10.522
10.783
10.730
10.834
10.731
10.835
10.574
10.783
10.678
10.835
10.678
10.678
32.087
4.688
4.740
10.418
10.782
10.679
10.730
10.835
10.678
10.678
10.679
10.678
10.678
10.575
10.626
10.730
10.783
10.730
10.887
10.678
10.783
10.678
10.887
10.678
10.678
10.626
10.574
10.834
10.627
10.731
10.730
10.626
10.679
10.834
10.679
10.782
10.783
10.782
10.731
10.678
10.574
10.731
10.678
10.783
4.688
6.719
4.740
10.835
10.835
10.678
10.627
10.678
10.887
10.783
11.043
10.783
10.678
10.939
11.095
10.887
10.730
9.741
10.783
10.835
10.731
10.574
10.783
10.678
10.678
11.043
10.678
10.887
4.688
10.210
10.679
10.678
10.678
10.835
10.678
10.782
10.679
7.396
10.679
10.679
10.209
10.783
10.783
4.793
6.616
10.626
10.679
10.730
10.679
10.730
10.731
10.678
10.574
10.574
10.834
10.627
10.678
10.730
10.679
10.834
10.679
10.627
10.574
10.574
10.678
10.782
10.731
10.782
10.835
10.730
10.679
10.782
10.574
10.679
10.678
10.574
10.626
10.731
10.886
10.470
10.679
10.782
10.679
10.574
10.626
10.730
31.619
6.094
7.136
10.783
10.782
10.678
10.783
10.782
10.575
10.626
10.678
10.887
10.730
10.783
10.730
10.679
10.626
10.730
10.679
10.678
10.731
10.679
10.782
10.783
10.730
10.887
10.783
10.782
10.835
10.782
10.731
10.678
10.730
10.783
10.783
10.678
10.678
10.627
10.626
10.834
10.783
10.574
4.740
4.688
6.303
10.887
10.835
10.887
10.626
10.782
10.575
10.574
10.782
10.731
10.783
10.678
10.730
10.782
10.679
10.782
10.730
10.835
10.887
10.574
10.730
10.783
10.782
10.731
10.782
10.782
10.731
10.678
10.679
10.730
10.730
10.730
10.626
10.835
10.626
10.835
10.678
10.835
10.731
10.730
10.731
10.678
4.740
4.688
5.209
10.001
10.834
10.782
10.783
10.678
10.731
10.678
10.678
10.574
10.731
10.679
10.730
10.731
10.782
10.626
10.783
10.782
10.783
10.730
10.782
10.730
10.679
10.730
10.678
10.731
10.626
10.730
10.679
10.782
10.679
10.730
10.835
10.782
10.731
10.626
10.783
10.678
10.783
10.782
10.678
36.671
5.522
6.824
10.365
10.783
10.679
10.730
10.835
10.834
10.731
10.782
10.679
10.782
10.730
10.835
10.782
10.731
10.626
10.783
10.782
10.678
10.783
10.834
10.782
10.834
10.574
10.782
10.887
10.678
10.731
10.679
10.730
10.575
10.834
10.730
10.730
10.783
10.887
10.782
10.626
10.783
10.782
34.170
4.688
4.688
6.980
10.782
10.887
10.730
10.575
10.626
10.783
10.782
10.783
10.626
10.678
10.730
10.731
10.782
10.678
10.679
10.678
10.783
10.678
10.834
10.679
10.782
10.783
10.783
10.574
10.730
10.679
10.730
10.731
10.782
10.887
10.678
10.678
10.730
10.731
10.678
10.678
10.783
10.782
10.731
10.939
31.201
5.521
6.563
10.834
10.678
10.887
10.782
10.835
10.782
10.731
10.678
10.731
10.782
10.939
10.679
10.782
10.835
10.730
10.782
10.730
10.574
10.679
10.730
10.678
10.731
10.678
10.574
10.783
10.574
10.678
10.678
10.835
10.678
10.835
10.626
10.731
10.730
10.783
10.730
10.835
10.782
10.730
36.307
4.793
6.928
10.678
10.679
10.678
10.731
10.782
10.574
10.887
10.783
10.730
10.731
10.679
10.730
10.990
10.731
10.834
10.679
10.678
10.626
10.626
10.626
10.679
10.730
10.679
10.730
10.679
10.886
10.679
10.886
10.731
10.574
10.834
10.731
10.730
10.939
10.626
10.783
10.522
10.730
10.783
10.730
34.952
5.991
6.824
10.575
10.730
10.678
10.679
10.782
10.835
10.782
10.626
10.731
10.887
10.678
10.678
10.626
10.679
10.730
10.783
10.678
10.783
10.730
10.678
10.574
10.574
10.678
10.887
10.783
10.678
10.782
10.782
10.887
10.730
10.887
10.731
10.730
10.678
10.626
10.730
10.731
10.783
10.730
33.025
4.688
4.688
7.813
10.783
10.313
10.782
10.574
10.939
10.574
10.626
10.679
10.834
10.731
10.678
10.783
10.626
10.730
10.783
10.626
10.678
10.679
10.730
10.783
10.782
10.626
10.887
10.626
10.679
10.522
10.678
10.678
10.678
10.783
10.730
10.679
10.678
10.730
10.679
10.782
10.835
10.782
10.626
10.678
33.181
5.209
6.303
10.991
10.157
10.678
10.626
10.886
10.834
10.679
10.990
10.678
10.782
10.782
10.835
10.887
10.834
10.731
10.782
10.679
10.887
10.834
10.679
10.782
10.887
10.835
10.887
10.626
10.782
10.887
10.730
10.834
10.783
10.678
10.783
10.678
10.783
10.886
10.782
10.679
10.782
10.679
10.626
10.782
4.688
6.719
10.626
10.783
10.574
10.678
10.782
10.678
10.783
10.834
10.782
10.783
10.678
10.678
10.731
10.626
10.679
10.574
10.783
10.574
10.782
10.731
10.679
10.678
10.783
10.678
10.678
10.783
10.626
10.626
10.678
10.887
10.731
10.783
10.626
10.626
10.783
10.782
10.678
10.626
10.679
37.816
6.928
4.740
10.783
10.991
10.574
10.782
10.731
10.626
10.678
10.679
10.835
10.627
10.626
10.678
10.783
10.834
10.627
10.678
10.887
10.678
10.731
10.574
10.782
10.783
10.678
10.834
10.730
10.679
10.626
10.678
10.783
10.782
10.887
10.783
10.731
10.678
10.679
10.886
10.886
10.731
10.782
10.782
39.901
6.771
10.887
10.887
10.522
10.835
10.678
10.835
10.835
10.782
10.678
10.835
10.730
10.730
10.678
10.678
10.835
10.678
10.782
10.783
10.574
10.783
