14.741
13.440
12.189
12.605
12.449
12.501
12.501
12.502
12.605
12.450
12.501
12.501
12.502
12.501
12.502
12.605
12.501
12.502
12.605
12.501
12.450
12.501
12.502
12.501
12.554
12.554
12.606
12.501
12.502
12.501
12.502
12.658
12.501
9.428
7.188
12.189
12.502
12.554
12.710
12.554
12.501
12.606
12.397
12.502
12.501
12.606
12.501
12.502
12.553
12.605
12.605
12.502
12.605
12.501
12.502
12.553
12.502
12.501
12.501
12.606
12.501
12.501
12.502
12.605
12.502
12.553
12.605
12.501
36.463
10.835
11.720
12.606
12.501
12.605
12.553
12.606
12.502
12.501
12.502
12.553
12.605
12.502
12.501
12.606
12.554
12.501
12.502
12.553
12.605
12.554
12.502
12.449
12.502
12.501
12.502
12.501
12.502
12.762
12.502
12.501
12.502
12.501
9.532
7.137
12.085
12.502
12.502
12.658
12.501
12.606
12.502
12.501
12.502
12.501
12.502
12.501
12.502
12.501
12.553
12.502
12.501
12.554
12.553
12.501
12.502
12.501
12.606
12.502
12.449
12.502
12.501
12.501
12.501
12.501
12.502
12.501
12.553
12.502
10.887
6.720
12.606
12.085
12.502
12.605
12.605
12.450
12.553
12.502
12.501
12.605
12.502
12.501
12.554
12.553
12.502
12.553
12.501
12.502
12.501
12.502
12.501
12.554
12.501
12.501
12.501
12.501
12.502
12.553
12.501
12.502
12.501
12.606
12.501
37.712
9.377
6.302
12.502
12.501
12.502
12.501
12.502
12.606
12.501
12.502
12.605
12.553
12.606
12.502
12.605
12.553
12.502
12.501
12.502
12.501
12.502
12.501
12.501
12.658
12.502
12.501
12.606
12.502
12.449
12.502
12.502
12.502
12.605
12.502
36.358
11.772
12.866
12.606
12.658
12.449
12.501
12.553
12.502
12.553
12.501
12.554
12.501
12.554
12.501
12.605
12.502
12.449
12.605
12.501
12.554
12.501
12.658
12.606
12.450
12.501
12.554
12.502
12.554
12.605
12.554
12.502
12.501
12.606
12.554
12.606
6.407
7.032
12.866
12.554
12.658
12.501
12.605
12.502
12.553
12.501
12.502
12.501
12.554
12.553
12.554
12.554
12.501
12.502
12.501
12.502
12.501
12.605
12.554
12.501
12.502
12.606
12.553
12.502
12.501
12.605
12.554
12.502
12.501
12.502
12.449
12.502
9.428
10.679
12.501
12.501
12.606
12.605
12.501
12.501
12.605
12.502
12.501
12.554
12.501
12.502
12.501
12.553
12.502
12.553
12.501
12.554
12.605
12.554
12.606
12.553
12.554
12.606
12.501
12.502
12.501
12.554
12.554
12.501
12.605
12.554
38.546
11.876
12.605
12.397
12.502
7.032
12.606
12.502
12.605
12.657
12.605
12.709
12.606
12.762
12.709
12.658
12.502
12.553
12.032
12.501
12.554
12.553
12.449
12.501
12.554
12.501
12.501
12.606
12.502
12.449
12.502
12.553
12.605
12.449
12.554
12.501
37.296
11.720
11.980
12.502
12.553
12.501
12.606
12.501
12.501
12.606
12.553
12.501
12.502
12.605
12.502
12.605
12.501
12.502
12.501
12.554
12.606
12.605
12.554
12.606
12.501
12.554
12.502
12.553
12.501
12.606
12.553
12.502
12.605
12.501
12.554
12.554
10.886
10.002
12.502
12.501
12.502
12.449
12.554
12.502
12.605
12.554
12.501
12.710
12.501
12.553
12.554
12.606
12.501
12.502
12.501
12.553
12.502
12.501
12.554
12.606
12.501
12.501
12.501
12.502
12.501
12.502
12.501
12.501
12.501
12.554
38.963
6.407
6.303
12.553
12.502
12.501
12.450
12.501
12.554
12.606
12.449
12.554
12.502
12.554
12.502
12.605
12.606
12.502
12.501
12.554
12.501
12.502
12.553
12.502
12.605
12.606
12.606
12.501
12.554
12.553
12.502
12.501
12.553
12.502
12.501
12.502
10.262
7.085
12.032
12.554
12.502
12.501
12.554
12.501
12.606
12.606
12.606
12.501
12.606
12.502
12.501
12.606
12.501
12.501
12.501
12.554
12.502
12.501
12.554
12.449
12.501
12.554
12.501
12.501
12.605
12.554
12.501
12.502
12.553
12.501
12.502
12.449
9.533
6.823
11.512
11.981
12.501
12.553
12.502
12.762
12.501
12.502
12.501
12.502
12.606
12.606
12.553
12.501
12.502
12.501
12.606
12.502
12.501
12.606
12.502
12.449
12.502
12.553
12.502
12.553
12.502
12.606
12.501
12.502
12.605
12.605
12.397
10.886
12.554
12.502
12.501
12.450
12.553
12.501
12.502
12.553
12.502
12.502
12.397
12.502
12.658
12.502
12.501
12.553
12.502
12.501
12.502
12.553
12.502
12.606
12.501
12.554
12.501
12.554
12.554
12.501
12.606
12.501
12.501
12.501
12.554
10.991
11.668
12.502
12.501
12.501
12.501
12.502
12.554
12.501
12.606
12.502
12.501
12.502
12.553
12.502
12.606
12.605
12.501
12.554
12.605
12.502
12.501
12.501
12.502
12.553
12.553
12.554
12.501
12.554
12.502
12.501
12.501
12.554
12.605
12.502
9.533
12.554
12.554
12.605
12.501
12.502
12.501
12.502
12.501
12.449
12.554
12.553
12.502
12.606
12.606
12.501
12.658
12.501
12.502
12.502
12.501
12.502
12.501
12.605
12.502
12.501
12.501
12.553
12.502
12.606
12.501
12.502
12.554
12.449
10.366
12.814
12.554
12.501
12.501
12.554
12.501
12.553
12.554
12.606
12.501
12.449
12.554
12.501
12.501
12.502
12.501
12.606
12.606
12.502
12.553
12.502
12.502
12.605
12.502
12.501
12.501
12.554
12.553
12.501
12.554
12.554
12.501
12.553
12.502
10.730
11.615
12.501
12.553
12.554
12.605
12.449
12.605
12.502
12.502
12.553
12.501
12.502
12.605
12.605
12.502
12.501
12.501
12.502
12.501
12.502
12.502
12.501
12.605
12.605
12.502
12.501
12.501
12.502
12.501
12.449
12.554
12.501
12.554
9.428
6.980
12.814
12.501
12.502
12.606
12.501
12.502
12.501
12.502
12.553
12.553
12.606
12.606
12.501
12.606
12.502
12.553
12.502
12.502
12.605
12.657
12.502
12.554
12.553
12.502
12.554
12.553
12.502
12.501
12.554
12.501
12.502
12.501
12.449
43.234
9.428
9.897
12.449
12.554
12.501
12.502
12.553
12.606
12.554
12.553
12.606
12.502
12.502
12.449
12.502
12.502
12.501
12.502
12.501
12.502
12.606
12.501
12.502
12.553
12.502
12.553
12.501
12.553
12.501
12.502
12.553
12.502
12.501
12.605
12.554
12.241
12.501
10.679
12.501
12.554
12.501
12.502
12.501
12.502
12.501
12.398
12.501
12.658
12.606
12.553
12.501
12.449
12.553
12.502
12.501
12.554
12.450
12.605
12.605
12.502
12.501
12.501
12.501
12.501
12.554
12.501
12.450
12.449
12.501
10.938
11.512
12.449
12.501
12.606
12.553
12.502
12.501
12.502
12.501
12.502
12.553
12.502
12.501
12.554
12.502
12.501
12.502
12.553
12.554
12.449
12.501
12.502
12.501
12.554
12.501
12.502
12.501
12.450
12.502
12.501
12.502
12.554
12.501
12.502
10.782
6.824
12.606
12.501
12.554
12.501
12.502
12.554
12.501
12.554
12.501
12.501
12.606
12.605
12.449
12.502
12.501
12.554
12.501
12.502
12.553
12.605
12.502
12.501
12.502
12.501
12.502
12.501
12.502
12.501
12.502
12.605
12.606
12.606
12.501
41.985
10.939
11.980
12.606
12.501
12.398
12.501
12.554
12.501
12.502
12.501
12.502
12.501
12.398
12.501
12.554
12.553
12.605
12.502
12.449
12.605
12.606
12.554
12.502
12.553
12.501
12.502
12.501
12.450
12.501
12.554
12.606
12.501
12.501
12.502
10.313
11.564
12.605
12.605
12.502
12.501
12.502
12.606
12.553
12.554
12.501
12.606
12.554
12.501
12.606
12.502
12.501
12.502
12.501
12.605
12.502
12.501
12.502
12.501
12.501
12.606
12.501
12.502
12.501
12.605
12.398
12.605
12.605
12.502
12.553
10.887
11.616
12.501
12.502
12.554
12.501
12.502
12.605
12.554
12.606
12.501
12.502
12.501
12.501
12.502
12.605
12.502
12.553
12.554
12.502
12.501
12.554
12.501
12.554
12.606
12.501
12.502
12.501
12.501
12.606
12.501
12.501
12.502
12.501
12.502
10.262
10.938
12.553
12.606
12.502
12.553
12.502
12.553
12.502
12.501
12.501
12.501
12.606
12.501
12.605
12.502
12.501
12.502
12.502
12.605
12.553
