15.835
13.856
12.971
12.085
12.657
12.762
12.606
12.657
12.606
12.606
12.710
11.095
7.136
6.980
12.606
12.605
12.658
12.606
12.554
12.657
12.554
12.606
12.605
12.658
12.605
12.606
12.606
12.605
12.606
12.605
12.606
12.606
12.710
12.709
12.606
12.657
12.606
12.605
12.501
12.606
12.657
12.606
12.658
12.606
12.606
12.605
12.606
12.710
10.678
9.897
12.241
12.554
12.553
12.658
12.605
12.658
12.605
12.606
12.606
12.658
12.606
12.657
12.606
12.605
12.606
12.658
12.710
12.658
12.606
12.554
12.605
12.606
12.605
12.606
12.605
12.710
12.658
12.605
12.658
12.605
12.606
12.606
12.605
12.658
10.730
12.710
12.606
12.553
12.814
12.762
12.658
12.605
12.710
12.710
12.606
12.605
12.658
12.658
12.710
12.657
12.710
12.606
12.658
12.605
12.606
12.606
12.658
12.710
12.606
12.606
12.605
12.658
12.710
12.658
12.606
12.606
12.606
12.605
11.199
12.136
12.606
12.658
12.710
12.710
12.657
12.606
12.606
12.606
12.710
12.606
12.658
12.710
12.605
12.658
12.605
12.658
12.605
12.658
12.658
12.606
12.554
12.605
12.554
12.657
12.606
12.657
12.710
12.606
12.606
12.710
12.657
12.710
12.710
12.606
11.355
12.137
12.605
12.606
12.657
12.658
12.605
12.554
12.606
12.554
12.606
12.606
12.605
12.710
12.605
12.658
12.658
12.658
12.710
12.657
12.606
12.553
12.606
12.553
12.606
12.710
12.606
12.709
12.710
12.606
12.658
12.606
12.606
12.709
49.016
6.512
12.033
12.606
12.605
12.606
12.606
12.605
12.606
12.605
12.658
12.605
12.554
12.605
12.605
12.658
12.605
12.606
12.605
12.606
12.658
12.554
12.710
12.710
12.606
12.553
12.606
12.657
12.606
12.657
12.762
12.605
12.658
12.605
12.554
12.606
48.443
6.667
12.710
6.876
12.554
12.658
12.658
12.709
12.606
12.709
12.606
12.657
12.606
12.657
12.710
12.710
12.762
12.606
12.657
12.606
12.709
12.606
12.605
12.606
12.605
12.606
12.605
12.606
12.709
12.606
12.605
12.606
12.710
12.710
12.657
12.710
12.605
11.408
12.085
12.606
12.605
12.605
12.606
12.606
12.605
12.606
12.710
12.606
12.657
12.606
12.709
12.710
12.605
12.606
12.657
12.762
12.710
12.606
12.605
12.606
12.605
12.606
12.606
12.657
12.606
12.658
12.606
12.605
12.658
12.657
12.606
51.204
10.887
11.095
11.095
12.658
12.606
12.658
12.605
12.710
12.605
12.554
12.605
12.606
12.657
12.710
12.658
12.606
12.553
12.606
12.553
12.710
12.606
12.606
12.605
12.710
12.605
12.710
12.710
12.605
12.710
12.658
12.605
12.606
12.553
12.606
12.606
48.391
6.407
12.033
12.606
12.606
12.554
12.605
12.606
12.657
12.554
12.657
12.606
12.657
12.658
12.710
12.606
12.710
12.658
12.658
12.606
12.606
12.606
12.605
12.658
12.605
12.710
12.606
12.501
12.605
12.606
12.710
12.605
12.606
12.605
12.606
48.703
6.564
12.085
9.897
12.606
12.606
12.710
12.658
12.605
12.710
12.710
12.606
12.606
12.606
12.605
12.606
12.605
12.606
12.606
12.605
12.606
12.658
12.605
12.606
12.605
12.606
12.606
12.710
12.710
12.606
12.710
12.710
12.606
12.553
12.606
12.605
49.433
6.823
12.084
12.658
12.658
12.606
12.605
12.606
12.709
12.606
12.710
12.658
12.710
12.606
12.605
12.606
12.606
12.606
12.710
12.554
12.605
12.606
12.762
12.658
12.657
12.710
12.605
12.710
12.553
12.658
12.658
12.710
12.605
12.658
12.606
12.606
47.662
11.043
12.189
12.606
12.606
12.606
12.605
12.658
12.710
12.658
12.605
12.606
12.606
12.553
12.710
12.710
12.605
12.762
12.605
12.606
12.606
12.710
12.710
12.658
12.657
12.658
12.606
12.502
12.605
12.658
12.709
12.710
12.605
12.658
12.606
42.609
6.407
13.075
12.605
12.658
12.658
12.658
12.657
12.710
12.710
12.606
12.710
12.762
12.762
12.658
12.606
12.606
12.605
12.554
12.606
12.553
12.606
12.657
12.762
12.605
12.606
12.606
12.554
12.606
12.605
12.606
12.710
12.554
12.605
12.606
12.606
47.974
11.407
11.981
7.918
12.606
12.606
12.657
12.606
12.606
12.606
12.606
12.605
12.710
12.710
12.710
12.710
12.710
12.605
12.606
12.606
12.605
12.710
12.605
12.710
12.710
12.606
12.553
12.606
12.605
12.606
12.710
12.605
12.606
12.605
12.606
49.121
10.886
11.980
12.554
12.605
12.658
12.605
12.658
12.658
12.606
12.606
12.605
12.658
12.606
12.710
12.553
12.606
12.606
12.606
12.606
12.657
12.606
12.710
12.606
12.605
12.658
12.605
12.606
12.710
12.606
12.605
12.606
12.605
12.606
12.605
12.658
48.860
6.407
12.137
12.605
12.606
12.605
12.762
12.553
12.553
12.606
12.605
12.658
12.606
12.605
12.606
12.605
12.605
12.606
12.658
12.658
12.710
12.710
12.658
12.605
12.710
12.709
12.606
12.814
12.710
12.658
12.606
12.605
12.606
12.605
12.606
12.606
49.537
11.512
12.188
12.606
12.605
12.606
12.605
12.606
12.605
12.762
12.709
12.658
12.606
12.710
12.658
12.605
12.606
12.658
12.606
12.710
12.605
12.606
12.710
12.554
12.658
12.501
12.606
12.709
12.606
12.605
12.606
12.554
12.605
12.658
12.606
49.694
6.407
9.689
11.408
12.606
12.606
12.605
12.710
12.606
12.606
12.605
12.606
12.605
12.554
12.709
12.710
12.710
12.606
12.658
12.606
12.658
12.709
12.658
12.605
12.554
12.606
12.658
12.709
12.658
12.657
12.710
12.710
12.605
12.554
12.709
12.606
49.328
6.407
12.085
12.605
12.658
12.606
12.658
12.606
12.657
12.554
12.658
12.606
12.606
12.605
12.710
12.710
12.710
12.658
12.657
12.606
12.709
12.710
12.657
12.710
12.605
12.658
12.605
12.606
12.606
12.710
12.709
12.710
12.605
12.554
12.605
12.606
48.652
6.668
12.084
12.710
12.606
12.710
12.606
12.606
12.709
12.606
12.657
12.762
12.606
12.658
12.605
12.658
12.606
12.710
12.606
12.605
12.658
12.658
12.606
12.710
12.658
12.606
12.605
12.658
12.710
12.606
12.605
12.710
12.605
12.606
12.606
49.589
6.303
10.627
12.605
12.606
12.606
12.814
12.762
12.709
12.606
12.606
12.605
12.606
12.605
12.606
12.710
12.606
12.658
12.658
12.605
12.606
12.605
12.605
12.606
12.709
12.710
12.605
12.658
12.605
12.762
12.605
12.606
12.606
12.605
12.658
12.605
47.610
6.512
12.605
8.908
12.605
12.710
12.657
12.606
12.709
12.606
12.709
12.554
12.605
12.658
12.605
12.554
12.606
12.605
12.605
12.710
13.127
12.710
12.761
12.606
12.605
12.762
12.658
12.606
12.710
12.658
12.710
12.605
12.710
12.605
12.710
12.658
10.679
12.137
12.658
12.605
12.554
12.606
12.658
12.605
12.606
12.657
12.606
12.710
12.606
12.658
12.606
12.606
12.606
12.606
12.605
12.606
12.605
12.658
12.710
12.658
12.710
12.605
12.658
12.605
12.710
12.709
12.606
12.605
12.606
12.606
12.606
12.606
10.835
11.980
12.606
12.553
12.710
12.606
12.553
12.554
12.605
12.658
12.605
12.710
12.658
12.709
12.606
12.606
12.658
12.709
12.606
12.605
12.710
12.553
12.606
12.605
12.710
12.606
12.710
12.710
12.658
12.658
12.606
12.710
12.710
12.658
12.606
12.710
11.512
12.189
12.605
12.606
12.605
12.605
12.658
12.658
12.605
12.606
12.553
12.606
12.762
12.606
12.605
12.606
12.605
12.658
12.710
12.605
12.606
12.762
12.658
12.658
12.605
12.606
12.710
12.710
12.710
12.657
12.710
12.657
12.554
12.605
49.381
6.616
12.710
7.293
12.762
12.657
12.554
12.709
12.658
12.657
12.710
12.657
12.710
12.710
12.710
12.606
12.658
12.658
12.710
12.658
12.606
12.709
12.710
12.606
12.554
12.710
12.657
12.658
12.657
12.658
12.606
12.606
12.605
12.710
12.657
12.710
12.658
10.627
12.293
12.605
12.710
12.658
12.606
12.605
12.658
12.606
12.606
12.606
12.710
12.658
12.605
12.605
12.606
12.762
12.605
12.658
12.606
12.605
12.710
12.606
12.606
12.605
12.606
12.710
