18.231
16.982
17.814
20.419
17.710
17.659
17.815
17.867
17.711
17.710
17.763
17.606
17.867
17.710
17.658
17.710
17.658
17.659
17.710
17.658
17.815
17.658
17.606
17.658
49.954
13.283
17.815
17.711
17.710
17.814
17.711
17.762
17.711
17.658
17.710
17.711
17.763
17.710
17.867
17.710
17.710
17.763
17.606
17.658
17.710
17.711
17.815
17.763
17.762
17.710
17.658
17.710
52.871
18.075
17.710
17.763
17.658
17.710
17.711
17.710
17.710
17.711
17.711
17.710
17.710
17.711
17.658
17.606
17.815
17.710
17.658
17.711
17.762
17.711
17.815
17.710
17.658
17.763
17.606
17.658
47.141
11.564
17.606
17.710
17.763
17.814
17.866
17.710
17.814
17.711
17.710
17.710
17.815
17.658
17.711
17.814
17.815
17.710
17.711
17.815
17.658
17.815
17.710
17.710
17.711
17.710
17.711
49.537
17.345
17.815
17.763
17.710
17.710
17.659
17.711
17.658
17.710
17.763
17.658
17.710
17.711
17.606
17.658
17.711
17.762
17.814
17.763
17.658
17.711
17.815
17.763
17.762
17.606
17.710
17.763
45.422
11.407
17.710
17.711
17.814
17.763
17.814
17.711
17.762
17.815
17.710
18.127
17.763
17.710
17.711
17.659
17.710
17.710
17.711
17.711
17.658
17.763
17.658
17.762
17.711
17.710
17.710
17.659
17.606
13.387
17.866
17.762
17.763
17.763
17.710
17.762
17.763
17.658
17.814
17.762
17.763
17.762
17.711
17.658
17.606
17.710
17.711
17.763
17.762
17.711
17.658
17.814
17.658
17.815
17.710
17.710
12.501
14.585
17.762
17.606
17.659
17.711
17.711
17.710
17.658
17.763
17.710
17.814
17.659
17.710
17.710
17.658
17.763
17.658
17.710
17.815
17.658
17.710
17.658
17.711
17.606
17.658
17.710
17.763
44.849
16.148
17.762
17.710
17.659
17.711
17.710
17.762
17.711
17.710
17.711
17.659
17.762
17.710
17.658
17.606
17.659
17.763
17.658
17.710
17.606
17.711
17.711
17.710
17.762
17.711
17.658
17.658
53.965
13.387
17.919
17.658
17.710
17.659
17.710
17.606
17.710
17.711
17.658
17.606
17.710
17.711
17.659
17.711
17.606
17.815
17.711
17.554
17.659
17.606
17.710
17.607
17.711
17.711
17.710
17.710
15.783
17.919
17.658
17.710
17.659
17.606
17.710
17.762
17.606
17.710
17.711
17.762
17.710
17.606
18.127
17.710
17.763
17.710
17.658
17.710
17.606
17.710
17.711
17.658
17.762
17.658
17.711
17.658
15.679
17.190
17.607
17.711
17.763
17.658
17.711
17.762
17.710
17.710
17.711
17.762
17.658
17.606
17.711
17.711
17.710
17.710
17.763
17.659
17.814
17.659
17.763
17.658
17.658
17.710
17.711
17.710
44.745
13.282
17.450
17.658
17.815
17.658
17.710
17.710
17.711
17.710
17.711
17.710
17.710
17.763
17.762
17.710
17.710
17.659
17.762
17.710
17.607
17.659
17.710
17.763
17.710
17.658
17.815
17.658
12.553
17.189
17.658
17.711
17.658
17.606
17.606
18.127
17.762
17.606
17.658
17.711
17.762
17.762
17.711
17.606
17.710
17.710
17.659
17.762
17.710
17.711
17.710
17.658
17.710
17.659
17.711
17.658
46.932
17.815
15.315
17.710
17.815
17.658
17.710
17.606
17.606
17.606
17.710
17.606
17.763
17.711
17.658
17.710
17.658
17.607
17.607
17.711
17.607
17.659
17.658
17.814
17.606
17.763
17.659
17.710
52.975
11.511
17.606
17.658
17.710
17.658
17.658
17.763
17.659
17.710
17.710
17.606
17.763
17.710
17.710
17.606
17.710
17.711
17.606
17.710
17.658
17.607
17.658
17.606
17.762
17.710
17.659
17.763
12.814
17.763
17.606
17.658
17.711
17.762
17.710
17.763
17.710
17.710
17.658
17.711
17.607
17.711
17.711
17.710
17.711
17.762
17.710
17.763
17.711
17.710
17.710
17.554
17.606
17.711
17.763
17.762
47.870
17.190
17.659
17.762
17.606
17.710
17.658
17.607
17.762
17.710
17.658
17.711
17.711
17.762
17.710
17.607
17.659
17.606
17.710
17.710
17.762
17.711
17.606
17.710
17.658
17.606
17.658
17.711
45.526
13.387
17.867
17.606
17.815
17.762
17.763
17.711
17.762
17.710
17.710
17.554
17.711
17.710
17.710
17.711
17.710
17.762
17.867
17.762
17.711
17.711
17.710
17.763
17.762
17.763
17.815
17.710
17.606
14.741
14.741
17.659
17.711
17.710
17.658
17.658
17.606
17.606
17.763
17.710
17.710
17.606
17.763
17.658
17.710
17.711
17.711
17.710
17.711
17.763
17.710
17.710
17.607
17.762
17.815
17.711
48.182
13.179
17.606
17.711
17.711
17.710
17.762
17.763
17.658
17.606
17.554
17.710
17.762
17.711
17.710
17.658
17.710
17.659
17.607
17.711
17.710
17.710
17.659
17.711
17.710
17.658
17.710
17.763
17.607
13.127
17.658
17.710
17.815
17.710
17.815
17.711
17.762
17.815
17.659
17.658
17.762
17.710
17.711
17.762
17.606
17.710
17.659
17.607
17.815
17.710
17.711
17.762
17.710
17.711
17.659
17.607
17.711
15.887
17.710
17.867
17.606
17.762
17.710
17.763
17.606
17.659
17.814
17.658
17.711
17.711
17.710
17.710
17.710
17.659
17.658
17.710
17.763
17.815
17.710
17.606
17.763
17.606
17.710
17.710
44.797
13.230
17.450
17.607
17.711
17.762
17.762
17.711
17.607
17.762
17.762
17.710
17.711
17.710
17.710
17.658
17.763
17.763
17.710
17.710
17.659
17.710
17.658
17.606
17.658
17.711
17.711
17.710
17.710
15.887
17.606
17.711
17.658
17.658
17.658
17.710
17.659
17.711
17.762
17.606
17.710
17.659
17.711
17.658
17.658
17.710
17.710
17.710
17.763
17.763
17.658
17.659
17.710
17.710
17.606
17.710
17.710
15.678
17.814
17.606
17.762
17.659
17.710
17.710
17.711
17.762
17.710
17.711
17.763
17.658
17.606
17.710
17.710
17.711
17.711
17.710
17.658
17.710
17.607
17.762
17.762
17.606
17.658
17.659
49.798
17.763
14.585
17.606
17.710
17.710
17.659
17.763
17.658
17.710
17.606
17.658
17.711
17.607
17.658
17.710
17.710
17.606
17.711
17.659
17.606
17.762
17.815
17.710
17.710
17.658
17.815
17.710
52.350
13.127
17.397
17.815
17.710
17.710
17.711
17.659
17.710
17.658
17.710
17.659
17.606
17.710
17.762
17.711
17.710
17.710
17.762
17.711
17.763
17.762
17.606
17.711
17.711
17.659
17.710
17.710
17.711
11.460
17.866
17.710
17.711
17.606
17.658
17.606
17.710
17.711
17.659
17.711
17.762
17.710
17.763
17.711
17.658
17.658
17.710
17.763
17.866
17.763
17.762
17.710
17.659
17.711
17.710
17.815
49.120
11.511
17.762
17.763
17.606
17.710
17.710
17.711
17.710
17.658
17.762
17.659
17.606
17.658
17.710
17.710
17.658
17.659
17.659
17.658
17.658
17.710
17.606
17.762
17.659
17.711
17.606
17.658
17.711
15.888
17.658
17.659
17.711
17.658
17.710
17.763
17.710
17.658
17.710
17.606
17.658
17.763
17.710
17.710
17.763
17.710
17.710
17.659
17.710
17.710
17.606
17.711
17.710
17.867
17.763
17.710
17.710
15.575
14.794
17.710
17.763
17.606
17.710
17.710
17.658
17.711
17.763
17.710
17.606
17.762
17.607
17.711
17.658
17.658
17.658
17.711
17.710
17.606
17.710
17.710
17.711
17.711
17.711
17.658
53.444
13.491
17.710
17.606
17.658
17.711
17.711
17.606
17.606
17.658
17.658
17.711
17.710
17.710
17.711
17.659
17.711
17.762
17.763
17.606
17.710
17.711
17.658
17.658
17.710
17.711
17.711
17.606
17.710
15.887
17.606
17.658
17.710
17.710
17.711
17.711
17.710
17.815
17.658
17.658
17.763
17.607
17.711
17.762
17.710
17.763
17.658
17.762
17.763
17.659
17.710
17.710
17.659
17.711
17.658
17.710
17.658
12.710
17.710
17.918
17.659
17.607
17.658
17.710
17.711
17.711
17.710
17.710
17.606
17.658
17.711
17.607
17.711
17.606
17.710
17.710
17.710
17.659
17.710
17.606
17.658
17.763
17.658
17.814
17.711
15.627
16.877
17.762
17.710
17.763
17.710
17.711
17.710
17.814
17.607
17.711
17.815
17.711
17.606
17.762
17.711
17.763
17.710
17.606
17.710
17.710
17.763
17.710
17.658
