25.576
21.930
24.794
21.356
21.200
21.200
20.992
21.097
21.096
20.992
20.992
20.992
21.044
20.992
20.992
21.148
46.620
17.971
21.097
21.096
20.992
21.044
20.888
20.992
21.096
20.992
20.939
21.044
20.992
20.992
21.044
20.992
21.096
20.992
20.940
20.992
20.887
20.992
20.992
21.097
20.992
20.888
20.940
20.940
18.909
15.366
21.096
20.888
21.044
20.992
20.992
21.044
20.992
20.888
20.992
21.044
21.096
20.992
21.044
20.992
21.096
20.888
21.044
20.992
20.992
20.940
20.992
20.992
20.888
20.940
21.044
56.256
20.524
21.200
20.992
21.044
20.888
21.044
20.940
21.044
20.992
20.992
20.992
21.044
20.992
20.888
20.888
21.044
21.097
21.044
21.096
21.096
21.096
21.097
20.992
20.992
20.992
50.631
21.252
21.044
20.992
20.992
20.992
21.096
21.096
20.940
20.888
20.887
20.992
20.992
20.940
20.992
20.992
20.940
20.993
20.992
20.992
20.992
20.992
20.940
20.939
21.044
20.992
20.940
20.940
19.377
20.992
20.940
20.888
20.992
21.044
20.888
20.992
21.044
20.939
20.992
21.096
20.992
20.888
20.888
21.044
21.096
21.096
21.044
20.940
20.940
20.940
20.992
20.940
20.992
20.992
20.940
48.339
20.367
20.992
21.044
20.992
21.044
20.992
21.044
21.096
21.044
20.992
21.044
20.992
21.044
20.992
20.887
20.940
20.940
20.940
20.992
21.096
20.992
21.096
20.888
20.887
20.888
20.992
17.346
21.253
20.627
20.992
20.992
20.992
20.940
20.887
20.940
20.992
20.992
20.992
21.096
20.992
21.044
20.992
20.992
21.044
21.096
21.044
20.992
20.992
21.096
20.940
20.992
20.992
21.045
52.402
21.200
20.992
20.940
20.940
20.992
20.888
20.992
21.044
20.940
20.888
20.888
21.096
20.992
20.992
20.992
20.992
20.940
20.887
20.888
20.992
20.992
21.044
20.940
20.888
20.888
21.096
20.888
17.190
21.565
20.419
20.992
21.096
21.096
20.940
20.888
20.992
21.044
21.044
21.096
21.044
20.992
20.888
20.992
20.992
20.992
20.992
20.888
20.992
21.044
20.888
20.992
21.096
21.096
20.940
49.433
21.305
19.430
20.992
20.992
21.044
21.045
20.993
20.888
20.992
20.888
20.992
20.993
21.044
21.044
20.992
21.045
21.044
20.887
20.940
21.044
20.992
20.992
20.992
20.992
20.888
20.992
16.877
20.940
20.471
21.044
21.096
20.992
20.992
20.992
21.044
20.888
20.992
20.992
20.992
21.097
20.940
20.888
20.940
20.992
21.044
20.992
21.096
20.992
20.992
20.940
20.992
20.888
20.992
51.985
20.211
20.992
20.940
20.887
20.992
20.888
20.992
20.992
20.992
20.992
20.940
20.992
20.992
20.992
20.992
20.992
20.992
20.992
20.888
20.888
20.940
20.992
21.044
20.992
20.992
21.409
20.992
15.887
20.523
20.940
20.992
20.940
20.992
20.992
21.044
20.992
20.940
20.888
21.148
21.044
20.940
21.044
20.992
20.992
20.992
21.148
20.992
21.044
21.096
20.992
21.044
20.888
20.940
21.044
19.221
20.992
20.992
21.097
21.045
20.992
20.888
20.940
20.992
20.992
20.992
20.940
21.044
20.992
20.887
20.992
20.992
21.096
21.044
20.888
20.992
20.992
20.993
20.992
20.992
21.044
20.992
49.954
21.044
20.471
20.940
20.888
20.992
21.044
21.045
20.992
21.045
20.992
21.045
20.888
20.992
20.992
21.044
20.888
20.992
20.940
21.096
20.940
20.993
20.940
20.888
20.888
20.992
20.992
55.735
18.127
20.992
21.045
20.940
20.992
20.940
20.992
20.888
21.097
21.044
21.044
21.096
20.992
20.992
20.992
20.992
21.096
20.992
21.044
20.992
21.044
20.992
21.044
20.992
21.044
21.044
20.887
20.524
20.992
21.044
20.992
21.044
20.993
20.992
20.888
20.940
20.992
21.044
20.992
21.096
21.044
20.940
21.044
20.992
20.992
20.992
21.044
20.992
20.939
20.992
20.992
20.992
20.992
48.808
18.283
21.096
20.940
20.992
20.888
20.836
20.992
20.992
20.940
20.992
21.044
20.992
20.992
20.888
20.940
20.992
20.992
20.992
21.096
20.992
20.940
20.888
20.940
20.992
20.992
21.044
20.992
19.065
21.201
21.096
20.992
20.992
20.940
20.992
20.992
20.888
21.044
20.992
21.044
20.992
20.992
20.992
20.992
20.940
21.096
20.940
21.044
20.992
20.992
20.888
20.940
21.044
20.992
21.044
49.016
20.210
21.044
20.993
20.940
20.992
20.888
20.992
20.992
20.888
21.096
20.992
20.940
20.887
20.992
20.992
20.992
20.888
20.992
20.992
20.940
20.992
20.887
20.940
20.992
21.044
21.096
18.805
21.149
20.992
21.044
20.992
20.992
20.940
21.044
20.940
20.992
20.992
20.992
20.940
20.887
20.888
20.992
20.992
20.888
21.044
20.992
20.940
20.992
20.992
20.992
20.992
20.940
20.992
48.079
21.305
20.992
20.940
20.940
20.992
21.044
20.992
20.992
20.992
20.992
20.939
20.992
20.940
20.992
20.992
21.044
20.992
20.939
20.992
20.940
20.992
21.044
21.096
20.992
20.940
20.940
20.887
18.909
21.148
21.044
21.096
20.992
20.940
20.888
20.888
20.940
20.992
21.045
20.992
20.940
21.096
20.992
21.097
20.992
20.888
20.992
20.992
20.992
21.097
21.044
20.939
20.992
21.044
53.131
20.106
20.940
20.992
20.888
20.888
20.940
20.992
20.992
20.940
20.992
20.992
20.992
21.044
20.992
21.096
20.940
20.992
21.044
20.992
21.097
20.939
21.097
20.993
20.888
20.940
20.992
58.444
18.179
21.096
21.044
20.992
20.992
21.044
21.044
20.888
20.992
21.044
21.044
20.940
21.044
20.992
20.992
20.888
20.992
21.044
20.992
20.940
20.888
21.096
20.992
21.044
20.992
21.044
21.097
17.659
20.419
20.888
21.044
20.992
20.992
20.992
20.992
20.888
20.992
21.044
20.888
20.992
21.045
21.045
20.940
20.888
20.940
20.940
20.887
21.044
20.992
20.940
20.888
20.940
20.888
20.888
49.276
20.263
21.148
21.149
21.045
21.045
21.044
21.044
20.992
20.940
20.992
21.096
20.888
20.992
21.044
20.940
20.992
21.044
20.992
20.992
20.992
21.045
20.940
21.096
21.044
21.096
21.096
49.797
20.471
20.992
20.940
21.045
21.044
21.044
21.044
20.940
21.096
20.992
20.992
20.992
21.044
21.044
21.044
21.044
20.888
20.940
20.940
21.044
21.096
21.044
21.044
20.940
20.887
20.940
56.569
18.023
21.148
21.044
21.096
20.888
21.044
20.992
21.044
20.992
21.096
20.992
20.992
20.888
20.888
21.044
20.993
20.888
20.940
20.992
21.044
20.992
20.940
20.939
21.044
20.992
20.992
20.992
16.825
20.471
21.044
21.045
20.992
20.992
20.992
20.992
21.044
20.992
20.992
20.992
21.044
20.992
20.992
20.940
21.044
21.044
20.992
21.044
20.940
20.992
20.992
20.888
20.888
20.940
55.892
20.211
20.992
20.992
20.992
20.992
21.044
20.940
20.992
21.044
20.992
20.939
20.940
21.097
20.992
21.044
20.992
21.045
21.045
20.992
20.993
20.992
21.044
20.992
21.148
21.409
20.940
21.096
17.502
20.992
20.992
20.992
20.940
20.992
20.940
20.992
21.044
21.044
21.096
21.045
20.992
20.940
20.992
20.992
21.044
21.044
20.940
20.992
20.992
21.044
20.992
21.096
21.044
20.992
20.992
51.881
16.408
21.201
20.940
20.992
21.097
21.044
20.887
21.044
21.044
20.992
20.940
20.992
20.992
20.992
20.992
21.045
20.992
20.992
21.096
20.940
20.992
20.940
20.992
21.096
20.992
20.992
48.026
20.523
21.044
20.992
20.940
20.992
21.096
21.044
21.097
20.940
20.940
20.992
21.045
21.096
20.992
20.992
21.096
20.940
21.096
20.992
20.992
20.992
21.461
20.992
20.992
20.940
20.836
55.631
20.315
20.783
21.045
21.096
20.940
20.940
20.992
20.888
20.992
20.992
20.992
21.044
20.940
21.096
20.992
20.992
21.096
20.992
20.888
20.992
20.888
20.992
20.992
20.888
21.149
21.096
20.940
17.189
20.784
20.992
21.096
20.992
21.096
20.992
20.940
20.992
20.888
20.940
20.939
20.992
21.044
20.992
21.044
20.992
20.940
20.992
20.992
20.992
21.045
20.992
21.096
20.939
20.940
20.992
48.964
18.753
21.200
20.992
20.992
