9.949
7.553
9.688
9.272
8.230
11.981
9.324
8.855
9.636
9.272
8.230
9.533
9.324
9.533
9.272
9.584
9.376
8.803
9.636
9.272
9.584
33.597
5.209
4.740
9.376
9.324
9.584
9.220
9.324
9.585
9.376
8.907
8.855
8.803
9.324
8.907
9.585
9.324
9.220
8.908
8.803
8.855
9.324
8.908
8.803
9.324
9.480
9.272
8.908
8.960
8.126
8.907
8.230
9.532
9.219
8.126
9.584
9.272
8.907
8.907
8.803
9.220
8.073
4.688
6.980
9.480
9.376
9.324
9.480
9.219
8.803
8.907
9.220
8.803
9.637
9.376
8.855
9.584
9.324
9.272
8.803
8.073
9.480
9.324
9.584
9.219
9.324
8.907
8.803
9.324
9.689
9.272
9.376
9.480
9.272
8.856
9.220
8.126
9.481
8.959
9.324
33.494
4.740
8.595
9.115
9.324
8.803
9.585
9.271
9.324
9.584
9.376
9.428
9.324
8.908
8.803
9.168
8.855
9.272
9.376
9.272
8.856
9.272
9.480
9.376
9.532
9.324
8.126
9.584
9.324
8.804
9.324
8.230
9.377
9.272
8.230
9.481
9.637
9.324
8.803
9.324
9.584
9.220
6.303
6.980
7.814
9.220
9.480
9.376
8.751
8.804
9.168
8.855
8.959
9.584
9.324
9.324
9.584
9.272
9.637
9.324
9.272
9.584
9.168
9.585
9.272
9.324
9.584
9.272
8.855
9.480
9.324
9.168
8.907
8.074
9.480
9.324
8.908
8.803
9.324
9.480
9.272
8.178
8.803
4.688
6.719
9.428
8.803
8.907
8.230
9.480
9.220
9.324
9.584
9.324
8.908
8.907
9.584
9.272
9.689
9.324
8.126
9.480
9.220
9.689
9.272
8.282
9.532
9.272
8.855
8.803
9.376
9.584
9.220
9.324
9.480
9.220
9.272
9.532
8.803
9.272
8.803
9.220
8.126
4.792
6.875
9.532
9.584
9.532
9.376
9.636
9.272
9.480
9.324
8.907
8.178
9.428
9.272
8.230
9.376
9.168
9.689
9.272
9.324
8.907
9.585
9.272
9.689
9.324
9.324
8.803
9.636
9.220
8.856
8.803
8.908
9.324
8.907
8.803
9.324
8.803
9.324
9.428
9.272
9.584
4.792
6.823
9.533
8.126
8.803
9.637
9.219
9.324
9.584
9.272
9.637
9.220
9.220
9.272
8.907
8.074
9.584
9.324
9.377
9.533
9.324
9.532
9.272
8.907
9.637
9.324
8.907
9.636
9.324
9.689
8.804
8.803
9.272
9.324
9.324
9.376
9.584
9.272
9.688
9.272
4.688
7.188
9.220
9.272
8.126
8.804
9.585
9.376
9.272
8.908
8.804
9.324
9.480
9.168
9.584
9.324
8.960
9.637
9.220
9.324
9.637
9.324
9.585
9.324
8.178
9.480
9.376
9.481
9.271
8.803
8.907
9.220
9.585
9.324
8.803
9.637
9.272
8.855
8.855
9.324
9.585
5.522
7.136
8.490
6.824
9.324
9.272
8.855
9.324
9.532
9.324
9.480
9.376
9.636
9.324
9.480
9.324
8.230
9.532
9.220
9.637
9.376
9.585
9.168
9.272
8.908
9.272
9.167
9.272
9.585
9.272
8.803
9.272
9.324
8.803
9.168
9.584
9.324
9.637
9.324
33.546
4.792
6.824
5.678
9.689
9.324
8.855
9.324
9.532
9.272
8.855
8.803
9.324
9.689
9.324
9.532
9.324
9.585
9.324
9.324
8.856
9.637
9.324
9.584
9.324
9.272
9.584
9.376
9.272
8.803
9.584
9.324
9.272
9.585
9.220
9.168
8.230
9.480
9.168
8.803
9.220
42.349
6.615
9.429
8.803
9.220
8.803
9.376
9.480
9.220
9.324
8.908
8.907
8.856
8.804
9.324
8.907
8.803
9.220
9.637
9.324
9.324
9.584
9.220
9.324
9.480
9.220
9.272
9.636
9.167
9.324
9.480
9.688
9.220
9.324
9.533
9.377
9.585
9.324
8.074
9.585
9.377
5.313
4.688
8.960
9.012
8.178
9.376
9.272
8.803
9.324
8.855
9.220
8.074
8.803
8.282
9.376
9.272
9.637
9.272
9.220
8.803
9.272
8.803
8.907
9.272
9.480
9.324
8.230
9.428
9.219
9.324
8.907
8.231
9.481
9.272
8.803
9.271
8.803
9.272
9.533
37.087
6.615
9.376
8.803
8.907
9.219
9.584
9.220
9.324
9.533
9.324
8.178
9.533
9.219
8.907
8.907
9.272
9.585
9.219
9.585
9.272
8.907
9.324
9.637
9.272
8.178
9.480
9.324
8.960
8.855
9.324
9.480
9.324
9.532
9.272
8.908
8.126
8.803
8.230
9.324
9.272
4.792
7.085
9.480
9.272
9.585
9.272
8.230
9.481
9.377
8.803
8.230
9.532
9.324
9.585
9.220
9.220
9.168
8.074
9.532
9.324
8.803
9.324
8.803
9.636
9.376
8.126
9.584
9.219
9.324
9.636
9.272
8.907
8.855
9.584
9.376
8.803
9.324
9.585
9.220
42.609
6.772
9.689
9.324
9.637
9.272
8.907
8.959
8.178
9.636
9.324
9.585
9.272
9.584
9.324
9.271
9.585
9.376
8.855
9.584
9.324
9.584
9.324
9.324
9.637
9.168
9.271
9.585
9.220
9.220
8.126
9.481
9.219
8.855
8.855
9.324
8.856
9.689
9.324
8.960
8.960
4.688
4.688
9.219
9.324
8.803
9.272
9.636
9.324
8.959
9.636
9.272
9.220
9.637
9.324
8.803
8.907
9.584
9.272
9.688
9.272
9.271
9.532
9.324
8.907
9.584
9.220
8.178
9.533
9.272
8.230
9.532
9.272
8.855
8.803
9.272
9.637
9.272
9.376
9.324
4.792
6.459
9.532
9.533
9.272
9.220
9.585
9.220
9.324
8.803
8.907
9.272
8.804
9.324
9.532
8.803
9.324
8.907
8.907
8.283
9.377
9.168
9.480
9.324
9.220
9.220
9.584
9.324
8.073
9.480
9.220
8.908
9.324
8.855
8.178
9.429
9.324
9.324
9.481
9.220
8.178
4.792
7.084
9.480
9.428
9.376
9.324
9.637
9.636
9.272
9.324
8.907
8.959
8.230
9.377
9.324
8.907
8.803
9.324
8.178
9.272
9.219
8.959
9.220
8.908
9.637
9.377
8.908
8.908
8.803
9.220
9.272
9.480
9.324
8.907
9.636
9.324
9.584
9.324
8.230
9.480
44.849
6.616
9.480
8.803
9.220
8.230
9.428
9.272
8.803
9.220
9.584
9.324
9.324
9.480
9.272
8.908
8.803
9.324
9.636
9.324
8.907
8.907
8.907
9.584
8.803
9.220
9.480
9.220
9.324
9.376
9.272
8.126
9.584
9.324
9.584
9.168
9.637
9.272
9.324
8.803
6.094
6.250
9.272
8.126
9.376
9.219
9.324
8.231
9.376
9.324
8.126
9.481
9.220
9.324
9.533
9.220
9.584
9.324
9.324
8.803
8.959
8.855
9.584
9.272
9.324
9.585
9.272
9.480
9.220
9.272
9.480
9.220
8.855
9.272
9.480
8.907
9.220
9.480
9.324
9.324
4.688
6.771
9.480
9.585
9.272
8.803
9.324
9.585
9.376
8.230
9.376
9.324
8.803
8.803
9.272
8.178
9.376
9.324
9.636
9.272
9.324
9.533
9.272
9.584
9.324
9.272
8.803
9.324
9.532
9.324
9.428
9.324
8.230
9.532
9.168
9.637
9.324
9.376
9.584
44.692
6.615
9.324
9.324
9.272
8.908
9.637
9.272
8.126
9.480
9.324
8.178
9.480
9.272
9.585
9.272
9.376
9.480
9.220
9.584
9.272
9.584
9.324
9.324
9.637
9.220
8.178
9.481
9.376
9.585
9.168
9.636
9.324
9.168
9.011
9.585
9.324
9.636
9.220
9.220
8.907
4.688
4.740
9.272
9.585
9.272
9.220
9.585
9.324
9.637
9.324
8.230
9.480
9.324
8.855
9.637
9.272
9.324
8.803
9.324
9.584
9.324
8.855
9.324
8.855
8.178
9.584
9.324
8.855
9.688
9.272
9.636
9.220
8.178
9.480
9.324
8.855
8.178
9.480
9.272
8.803
44.693
5.209
9.324
9.428
9.272
9.480
9.324
9.324
9.480
9.271
8.230
9.532
9.324
8.803
8.856
9.324
9.584
9.324
8.803
9.324
9.584
9.324
8.907
9.012
8.230
9.376
9.376
9.532
9.272
8.178
9.480
9.220
8.856
9.324
8.855
9.636
9.324
9.324
9.533
44.693
6.668
6.876
7.709
9.636
9.168
9.324
9.636
9.324
9.324
9.585
9.324
9.688
9.168
