9.792
7.501
7.500
9.532
8.907
7.397
8.959
8.803
9.481
9.324
8.178
9.376
9.324
8.907
8.803
8.803
9.324
8.855
8.126
9.532
9.272
8.231
9.532
8.855
9.220
8.126
9.480
9.272
8.803
8.803
9.167
8.803
8.126
8.804
9.585
9.220
9.481
9.272
8.803
38.546
6.615
6.198
9.324
4.740
9.220
9.376
9.428
9.324
8.751
8.230
9.480
9.324
8.855
8.907
8.126
9.584
9.324
9.688
9.220
9.219
8.803
9.220
9.585
9.168
9.585
9.272
9.585
9.220
9.168
8.907
8.126
9.428
9.219
9.219
8.126
9.532
9.167
8.126
9.532
8.178
9.585
9.324
8.803
9.688
9.376
8.803
8.803
4.740
9.481
8.231
9.376
9.220
8.804
9.220
8.126
8.803
9.636
9.324
9.219
8.126
8.803
8.178
9.480
9.168
8.855
9.480
9.271
9.167
8.230
9.481
9.272
9.533
9.272
8.178
9.533
9.272
8.074
8.803
9.324
8.126
9.532
9.220
8.803
9.168
8.855
8.179
8.855
8.803
9.584
9.272
9.219
6.198
6.511
6.303
8.335
8.803
9.324
9.532
9.220
8.178
9.480
9.220
9.167
8.125
9.376
9.220
8.230
9.376
9.220
8.126
9.480
9.168
9.220
8.803
8.803
9.220
8.803
9.324
9.376
9.167
8.803
9.168
8.856
8.803
9.324
8.855
8.178
9.481
8.855
9.219
8.907
9.585
9.168
9.220
8.855
8.178
9.481
9.220
35.629
9.220
9.637
9.168
9.168
9.584
9.324
8.282
9.481
9.272
8.803
8.803
9.168
8.803
9.271
9.480
9.272
8.803
9.272
9.585
9.220
8.803
9.272
8.855
8.126
8.803
8.803
9.220
8.803
9.220
8.803
9.272
8.804
9.220
8.803
8.856
9.220
8.074
9.481
9.220
8.699
9.220
9.168
8.856
9.584
44.901
6.615
6.199
7.501
8.855
8.126
8.804
9.532
9.376
8.803
8.230
9.480
9.324
8.178
9.480
9.272
8.126
9.585
9.376
9.533
9.220
8.074
9.585
9.220
8.751
8.855
9.168
8.803
9.272
8.699
9.168
8.803
9.584
9.168
9.220
8.126
8.803
9.585
9.220
9.220
8.126
8.803
8.282
9.376
9.219
8.178
9.532
6.928
9.272
9.480
7.501
9.272
8.803
8.803
9.220
8.803
8.804
9.220
8.803
9.168
9.533
9.272
9.272
8.856
8.803
9.324
8.907
8.126
9.480
9.220
8.803
9.324
8.803
8.960
8.803
9.220
9.688
9.272
8.855
9.220
8.751
9.584
9.219
9.272
9.584
9.219
9.219
9.584
9.167
8.126
8.855
8.074
44.849
6.095
6.198
7.605
8.803
9.272
9.637
8.803
9.272
8.126
8.803
8.803
9.220
8.855
9.636
9.167
8.803
9.168
8.803
9.168
8.126
9.480
9.168
9.585
9.220
9.220
8.803
9.219
8.230
8.803
8.126
9.480
9.220
9.220
8.803
9.636
9.220
9.220
8.803
9.324
8.804
8.803
9.220
9.688
9.220
8.125
45.110
6.616
6.303
7.605
9.480
9.272
8.855
8.803
9.324
8.803
8.230
9.272
9.220
8.803
8.855
8.803
9.220
8.856
8.178
9.533
9.168
8.126
9.585
9.220
8.803
9.167
8.178
9.480
8.178
9.585
9.168
8.803
9.324
8.126
9.480
9.220
8.855
8.855
8.803
9.168
9.688
9.220
8.073
9.480
9.168
9.324
9.533
39.692
4.793
6.824
4.688
9.481
9.428
9.377
9.376
8.855
8.803
9.220
8.751
8.855
9.220
8.282
9.376
9.168
8.751
9.167
8.073
9.584
9.219
8.803
9.220
8.126
8.803
9.584
9.167
9.219
8.803
8.803
9.219
8.126
9.480
9.219
8.230
9.376
9.220
8.803
9.272
8.803
8.803
9.220
8.230
9.272
9.481
37.661
4.688
6.303
7.553
9.480
7.397
9.272
8.178
8.803
9.220
9.481
9.324
8.804
8.907
9.220
8.074
9.584
8.178
9.584
9.219
8.907
8.908
8.751
8.856
9.220
8.803
9.324
8.125
9.428
9.168
9.220
8.855
8.230
9.532
8.856
8.907
9.272
9.480
9.168
9.219
9.480
9.272
8.804
9.585
9.220
9.168
8.751
45.787
4.792
6.824
7.501
9.324
8.803
9.480
9.220
9.220
8.907
8.804
9.272
8.126
9.429
9.376
8.751
8.126
8.803
9.220
8.803
9.636
9.219
8.073
8.074
9.480
9.272
9.636
9.220
9.168
8.803
9.272
9.689
9.220
8.907
9.324
9.480
9.220
8.907
9.168
8.126
9.533
9.376
9.168
8.074
8.803
9.585
4.689
6.407
4.688
5.469
9.428
9.167
8.178
8.699
9.168
8.907
8.803
8.751
8.855
9.168
8.803
9.220
8.126
9.480
9.220
8.803
8.178
9.532
9.220
9.219
8.230
9.532
9.272
8.074
9.480
9.220
8.699
9.272
8.803
9.324
8.803
8.178
8.803
8.126
8.803
8.803
8.855
9.168
8.803
9.272
8.855
8.803
9.637
44.589
4.688
6.772
9.376
8.855
9.220
8.230
9.480
9.220
9.220
8.074
8.125
9.532
9.324
9.584
9.271
8.074
8.803
9.637
9.220
8.803
9.219
8.855
9.220
8.804
8.803
9.220
8.803
9.220
8.907
8.856
9.168
8.126
9.533
9.220
8.126
9.637
9.272
8.074
9.481
9.324
9.220
9.220
9.637
9.168
8.803
39.588
6.199
6.772
8.907
9.689
7.397
9.272
8.178
8.803
9.220
9.480
9.220
9.220
8.074
8.803
9.220
8.074
9.585
9.220
8.803
9.272
9.428
9.167
8.803
9.220
8.803
9.272
9.480
9.220
9.219
8.803
8.230
9.428
9.220
9.220
8.126
8.803
8.803
8.855
9.272
8.074
9.480
9.219
8.803
8.855
9.168
8.230
43.963
4.688
6.720
9.428
8.803
9.272
9.480
9.220
8.803
9.168
8.126
9.481
9.220
8.855
9.220
8.126
8.803
8.126
8.803
8.074
9.584
9.272
8.855
8.803
9.220
8.856
8.855
9.219
8.074
9.636
9.220
8.855
8.803
9.220
8.074
8.803
9.585
9.324
9.636
9.168
8.178
8.803
8.804
9.220
8.855
9.688
44.797
6.616
5.990
7.501
9.637
9.272
9.272
9.584
9.220
9.220
8.803
9.220
8.126
9.376
9.219
8.074
8.803
8.803
9.376
8.803
8.178
8.803
9.481
9.272
8.803
9.168
8.126
9.480
9.168
8.803
9.324
8.803
8.959
8.803
9.219
8.803
9.220
8.126
9.533
9.220
9.220
8.907
8.803
9.220
8.855
9.219
8.126
45.787
6.407
4.792
7.449
9.533
9.168
8.074
8.074
8.803
8.803
9.272
8.074
8.803
8.074
9.636
9.272
8.178
9.480
9.219
8.855
8.803
9.219
8.803
9.324
8.126
9.584
9.168
8.074
8.804
9.272
9.480
9.167
8.178
9.585
9.167
9.219
9.585
9.168
8.803
9.271
8.803
8.856
8.803
9.324
9.532
9.167
38.233
6.198
6.771
9.585
9.063
7.397
8.178
9.584
9.168
8.074
8.125
8.803
8.178
8.699
8.803
9.168
8.803
9.220
8.803
9.220
8.803
9.168
8.804
9.220
8.074
8.803
8.804
9.168
8.074
9.585
9.220
8.907
9.220
8.855
8.126
9.533
9.220
8.803
9.272
9.532
9.220
9.220
8.125
8.803
9.585
9.168
9.324
9.533
4.688
4.688
6.199
7.605
9.220
8.125
8.803
9.220
8.803
8.803
9.220
8.178
9.533
9.272
8.856
8.803
9.168
8.126
9.480
9.272
8.751
8.126
8.803
9.168
8.804
9.220
8.907
8.178
9.376
9.168
9.220
8.126
9.376
9.429
9.168
8.178
9.585
9.220
8.803
9.168
8.074
8.803
9.585
9.168
9.168
8.907
6.094
6.511
6.251
7.605
8.073
9.636
9.219
8.803
9.324
9.532
9.220
8.074
8.804
8.178
9.480
9.220
9.220
8.803
8.283
9.272
9.220
8.908
9.324
9.376
9.168
8.803
9.324
8.126
9.480
9.272
8.908
9.324
8.855
8.855
8.803
8.803
9.324
8.074
9.584
9.220
8.803
8.126
9.376
9.272
8.230
9.480
9.168
42.922
6.719
4.792
7.396
8.074
8.856
8.803
9.324
8.803
9.584
9.272
9.220
9.168
9.689
9.220
8.074
9.585
9.220
9.637
9.220
8.803
9.220
8.804
9.324
8.126
9.533
9.220
8.803
9.272
8.803
9.012
9.585
9.168
