14.324
11.616
11.408
11.408
11.407
11.304
11.355
11.355
11.303
11.408
11.356
11.303
11.408
11.303
11.355
11.355
11.304
11.303
11.303
11.512
11.408
11.408
11.303
11.304
11.303
11.408
11.355
11.408
11.303
11.304
11.303
11.304
11.408
11.408
11.408
36.931
7.292
9.428
11.408
11.303
11.408
11.460
11.407
11.356
11.356
11.407
11.408
11.303
11.356
11.303
11.304
11.407
11.304
11.459
11.407
11.408
11.303
11.408
11.407
11.356
11.408
11.303
11.408
11.407
11.304
11.459
11.303
11.408
11.303
11.408
11.303
11.408
11.303
11.304
11.407
11.304
11.303
9.428
7.137
6.199
11.408
11.408
11.407
11.408
11.303
11.303
11.356
11.408
11.355
11.408
11.303
11.304
11.303
11.303
11.303
11.460
11.407
11.304
11.303
11.304
11.459
11.408
11.512
11.303
11.408
11.564
11.408
11.407
11.564
11.825
11.459
11.407
11.512
11.460
11.459
11.303
36.202
9.584
6.824
10.991
11.303
11.460
11.460
11.303
11.408
11.408
11.459
11.408
11.303
11.408
11.408
11.355
11.304
11.407
11.460
11.408
11.356
11.407
11.460
11.355
11.407
11.460
11.408
11.303
11.460
11.459
11.407
11.356
11.355
11.407
11.303
11.407
11.304
11.459
11.356
11.407
11.407
11.408
37.765
9.429
6.407
9.532
11.564
10.783
11.407
11.460
11.408
11.355
11.408
11.356
11.407
11.408
11.407
11.407
11.303
11.511
11.356
11.356
11.407
11.511
11.303
11.303
11.355
11.304
11.407
11.407
11.408
11.460
11.407
11.407
11.460
11.408
11.407
11.408
11.408
11.407
11.459
11.408
11.408
11.407
11.408
9.480
11.407
9.428
11.408
11.408
11.407
11.408
11.355
11.303
11.460
11.407
11.460
11.616
11.355
11.408
11.407
11.460
11.408
11.303
11.408
11.460
11.303
11.407
11.303
11.407
11.356
11.408
11.511
11.407
11.408
11.408
11.407
11.408
11.408
11.407
11.304
11.407
11.408
11.303
11.408
11.408
9.532
7.084
9.428
11.407
11.408
11.355
11.407
11.408
11.459
11.304
11.408
11.407
11.408
11.512
11.460
11.408
11.459
11.408
11.303
11.408
11.459
11.355
11.304
11.407
11.408
11.407
11.355
11.304
11.407
11.460
11.408
11.407
11.408
11.303
11.303
11.356
11.407
11.408
11.303
11.407
11.408
11.303
9.533
6.876
10.886
11.304
11.408
11.407
11.304
11.460
11.407
11.408
11.303
11.303
11.408
11.407
11.408
11.407
11.408
11.460
11.304
11.303
11.355
11.304
11.303
11.304
11.459
11.407
11.304
11.407
11.511
11.511
11.407
11.408
11.303
11.356
11.408
11.407
11.356
11.511
11.460
11.408
31.827
9.584
9.584
11.511
10.783
9.428
11.304
11.408
11.408
11.460
11.407
11.304
11.408
11.407
11.407
11.408
11.408
11.407
11.459
11.408
11.356
11.407
11.304
11.303
11.408
11.407
11.408
11.407
11.304
11.459
11.355
11.304
11.408
11.356
11.460
11.407
11.252
11.408
11.408
11.408
11.407
11.460
11.408
9.376
7.085
6.198
11.825
11.408
11.355
11.304
11.407
11.408
11.408
11.407
11.408
11.460
11.303
11.407
11.408
11.407
11.407
11.356
11.303
11.408
11.408
11.460
11.407
11.408
11.460
11.459
11.407
11.408
11.460
11.407
11.356
11.355
11.303
11.408
11.303
11.408
11.459
11.304
11.407
11.408
11.408
6.199
7.084
5.209
11.512
11.303
11.408
11.407
11.304
11.355
11.303
11.303
11.355
11.408
11.460
11.407
11.407
11.408
11.355
11.459
11.408
11.512
11.460
11.408
11.407
11.408
11.304
11.407
11.408
11.355
11.459
11.460
11.408
11.408
11.407
11.407
11.460
11.512
11.303
11.356
11.928
11.408
10.054
7.084
5.209
11.460
11.407
11.459
11.304
11.460
11.459
11.408
11.408
11.512
11.407
11.407
11.460
11.303
11.407
11.304
11.303
11.408
11.407
11.408
11.303
11.408
11.407
11.460
11.356
11.407
11.460
11.408
11.408
11.407
11.408
11.408
11.459
11.407
11.408
11.407
11.407
11.407
11.408
11.303
9.428
7.188
11.876
11.511
11.460
11.407
11.408
11.408
11.303
11.304
11.303
11.408
11.407
11.408
11.407
11.407
11.408
11.408
11.407
11.512
11.407
11.304
11.407
11.459
11.407
11.408
11.355
11.408
11.512
11.407
11.407
11.408
11.459
11.564
11.408
11.407
11.407
11.356
11.408
11.407
11.407
11.304
9.376
11.512
9.897
11.772
11.303
11.356
11.408
11.303
11.408
11.512
11.460
11.407
11.408
11.251
11.407
11.408
11.460
11.407
11.304
11.407
11.408
11.460
11.303
11.460
11.408
11.407
11.407
11.460
11.460
11.355
11.459
11.304
11.408
11.355
11.304
11.407
11.303
11.408
11.407
11.356
37.504
9.428
6.772
10.782
11.356
11.303
11.407
11.460
11.408
11.407
11.511
11.459
11.408
11.460
11.355
11.408
11.303
11.460
11.303
11.304
11.303
11.460
11.408
11.303
11.460
11.407
11.407
11.408
11.303
11.460
11.408
11.407
11.303
11.408
11.407
11.460
11.303
11.408
11.512
11.408
11.407
11.511
37.192
9.428
6.668
11.407
11.356
11.460
11.407
11.304
11.303
11.460
11.460
11.407
11.304
11.355
11.304
11.303
11.408
11.407
11.460
11.303
11.408
11.303
11.512
11.408
11.356
11.355
11.408
11.356
11.564
11.407
11.512
11.408
11.355
11.303
11.356
11.303
11.408
11.512
11.407
11.407
11.408
34.900
6.876
6.876
10.001
10.887
11.407
11.355
11.304
11.407
11.408
11.408
11.303
11.356
11.303
11.460
11.355
11.460
11.408
11.408
11.304
11.355
11.459
11.512
11.460
11.304
11.407
11.408
11.356
11.355
11.408
11.408
11.303
11.356
11.408
11.407
11.356
11.303
11.304
11.564
11.407
11.407
11.304
34.587
5.574
6.980
11.408
11.355
11.408
11.512
11.408
11.407
11.408
11.408
11.304
11.303
11.303
11.460
11.407
11.356
11.408
11.459
11.355
11.408
11.303
11.408
11.408
11.355
11.304
11.459
11.460
11.356
11.407
11.459
11.408
11.408
11.355
11.407
11.408
11.407
11.460
11.408
11.407
11.303
11.303
32.139
5.261
6.980
11.408
11.304
11.511
11.408
11.407
11.408
11.303
11.356
11.512
11.511
11.407
11.303
11.356
11.355
11.356
11.303
11.408
11.408
11.304
11.407
11.408
11.408
11.460
11.459
11.408
11.512
11.460
11.460
11.407
11.408
11.304
11.408
11.408
11.408
11.355
11.356
11.408
11.303
36.202
7.137
9.428
11.459
11.356
11.512
11.408
11.407
11.408
11.355
11.356
11.303
11.511
11.355
11.408
11.408
11.460
11.303
11.408
11.512
11.408
11.303
11.356
11.356
11.407
11.512
11.356
11.356
11.459
11.407
11.408
11.460
11.355
11.408
11.355
11.407
11.408
11.355
11.356
11.303
11.459
11.304
14.168
6.771
11.459
6.927
11.303
11.304
11.303
11.408
11.304
11.407
11.407
11.408
11.460
11.407
11.304
11.355
11.408
11.408
11.407
11.304
11.355
11.407
11.408
11.460
11.460
11.407
11.304
11.408
11.355
11.304
11.355
11.304
11.512
11.408
11.407
11.304
11.616
11.355
11.303
11.356
31.774
9.428
6.719
11.408
11.355
11.460
11.304
11.407
11.408
11.408
11.459
11.304
11.303
11.304
11.407
11.355
11.304
11.459
11.407
11.408
11.407
11.408
11.356
11.407
11.408
11.408
11.407
11.408
11.408
11.407
11.408
11.408
11.408
11.355
11.459
11.408
11.355
11.459
11.408
11.408
11.355
11.408
32.191
9.532
6.720
11.355
11.356
11.408
11.355
11.408
11.304
11.407
11.356
11.459
11.355
11.304
11.460
11.408
11.408
11.303
11.408
11.407
11.408
11.303
11.304
11.407
11.407
11.408
11.407
11.407
11.408
11.355
11.407
11.408
11.355
11.407
11.408
11.459
11.303
11.356
11.407
11.460
11.356
11.407
34.743
9.533
6.720
11.407
11.407
11.408
11.303
11.304
11.303
11.407
11.460
11.408
11.407
11.460
11.460
11.408
11.407
11.460
11.408
11.408
11.512
11.408
11.459
11.408
11.408
11.408
11.407
11.460
11.460
11.460
11.407
11.408
11.304
11.407
11.408
11.303
11.408
11.408
11.407
11.460
11.408
35.473
9.376
9.480
9.689
11.356
11.407
11.407
11.408
11.460
11.407
11.460
