7.501
8.594
11.408
8.855
9.220
7.866
9.167
9.376
7.813
9.116
7.762
9.116
7.657
9.428
8.438
9.324
9.532
9.532
9.376
8.907
9.116
9.481
9.324
9.377
9.376
7.866
9.377
9.324
9.532
7.814
9.116
8.594
9.376
9.532
9.376
9.324
42.661
6.615
9.219
9.376
7.917
9.376
8.490
8.491
9.167
8.074
9.220
9.220
7.918
9.220
8.595
9.324
7.709
9.324
9.220
7.710
7.709
9.220
7.709
9.272
9.532
7.918
9.064
9.428
7.709
9.376
9.324
8.022
9.063
8.699
9.168
9.584
9.480
8.699
8.490
8.335
8.491
7.605
43.235
6.407
9.428
9.115
9.533
7.814
9.063
8.595
9.584
7.710
9.220
8.491
9.272
9.480
8.595
7.813
9.115
7.813
9.272
9.168
9.324
7.918
9.167
9.428
8.595
7.657
9.116
8.022
9.116
8.490
9.324
9.480
7.917
9.116
9.324
7.918
9.115
7.709
7.657
9.428
6.407
6.824
9.116
9.428
9.220
9.271
9.324
7.813
9.168
9.480
8.803
9.220
7.813
9.012
9.533
9.532
9.584
7.813
9.011
7.814
9.168
8.490
9.272
8.699
7.710
9.324
9.324
9.428
7.709
9.480
9.116
9.272
8.699
9.324
7.813
7.709
9.480
9.271
8.387
9.324
7.709
9.272
6.251
6.198
7.657
8.595
9.220
8.595
8.439
9.220
7.866
9.063
9.376
9.480
7.709
9.168
7.918
8.803
9.168
7.709
9.116
7.917
9.116
7.710
9.168
9.376
9.428
9.636
7.917
8.959
9.481
7.918
9.376
9.168
9.376
7.709
9.116
7.762
9.220
8.647
9.220
7.709
9.376
4.688
6.772
7.449
9.429
9.481
9.585
8.542
9.272
9.584
8.490
7.605
9.272
8.022
9.115
9.168
9.584
9.532
9.376
7.605
7.813
9.011
9.376
7.813
9.324
9.428
9.636
9.480
7.709
8.542
9.168
7.709
8.804
9.376
9.480
9.480
8.751
9.272
7.917
9.063
7.761
9.064
8.438
6.303
6.302
7.761
9.168
9.533
9.533
7.814
9.115
9.532
7.709
9.116
8.594
9.324
7.918
9.168
9.272
8.126
9.115
7.813
9.012
7.918
7.917
9.272
7.709
9.011
7.605
9.376
7.865
9.116
9.376
9.429
9.376
9.637
9.377
9.585
7.709
9.219
7.709
9.272
9.272
46.203
6.876
7.866
9.480
9.220
9.220
8.595
9.377
9.481
9.219
7.605
9.168
8.021
9.012
9.585
9.481
8.698
9.272
7.761
9.324
9.219
7.605
8.595
9.220
7.813
9.116
7.762
9.272
8.699
9.272
9.481
7.710
9.219
7.918
9.324
9.272
9.376
8.803
7.710
9.376
9.116
7.709
35.368
6.511
7.918
9.272
8.595
7.710
8.334
9.376
8.491
9.324
7.918
9.376
9.220
9.376
8.751
9.220
8.699
9.272
8.022
8.959
8.699
8.386
7.761
9.116
7.814
9.063
9.480
8.595
9.688
8.595
9.324
7.917
9.167
9.481
9.480
7.970
9.115
7.605
9.272
7.709
9.272
44.433
4.688
4.688
9.324
9.168
7.813
9.376
9.324
8.021
8.074
8.386
8.595
9.220
7.709
9.324
9.428
8.543
9.272
9.376
7.709
9.220
8.595
9.168
7.970
9.272
8.386
7.813
9.272
9.167
9.481
8.699
9.376
7.709
9.324
9.167
7.605
9.480
7.917
9.064
9.272
8.698
9.272
44.901
4.688
6.302
4.688
7.814
8.959
9.584
7.709
9.376
9.324
7.813
9.063
8.595
9.271
7.762
9.168
9.480
7.865
9.220
8.594
9.168
8.803
9.272
9.480
9.480
8.751
8.282
9.324
9.480
7.761
9.324
9.376
7.762
9.376
9.011
9.324
7.761
9.376
7.761
9.115
8.751
45.526
6.668
9.689
8.699
9.376
9.428
7.865
9.324
7.709
9.325
8.491
9.272
7.814
9.168
9.480
7.813
9.324
9.272
9.637
7.761
9.011
8.803
9.220
7.761
9.115
7.866
9.167
9.428
9.532
7.865
9.012
8.699
9.324
7.917
9.116
9.377
9.585
9.480
7.918
9.115
8.074
9.063
6.199
6.719
7.762
9.272
9.480
9.480
7.970
9.063
9.376
7.657
9.324
9.377
8.751
9.324
7.709
9.272
9.220
8.542
9.220
7.865
9.063
8.699
9.376
8.699
9.324
7.657
9.115
7.918
9.116
9.584
9.376
9.480
8.699
9.376
7.710
9.116
8.594
8.491
9.324
7.918
8.699
6.199
6.199
8.491
9.324
9.481
7.970
9.220
8.387
9.429
9.376
7.866
9.167
9.376
9.376
8.803
7.813
9.011
7.813
9.116
9.376
8.699
9.272
9.480
7.813
9.168
9.533
7.814
9.168
9.376
7.813
9.272
7.918
9.011
7.761
9.220
9.376
7.917
9.220
8.594
9.324
9.480
9.532
4.740
4.688
8.126
9.116
7.762
9.012
8.021
9.012
8.595
9.376
8.491
9.272
7.865
9.220
9.324
9.376
7.710
9.377
9.324
7.814
9.376
9.220
9.532
8.699
9.220
8.647
8.491
9.168
7.970
9.220
8.387
9.324
7.814
9.272
9.376
7.709
9.272
7.709
9.011
9.376
7.865
9.116
4.688
6.668
9.636
9.376
9.480
9.429
7.866
9.011
9.376
7.866
9.012
7.865
9.116
9.376
7.813
9.168
7.813
9.063
7.761
9.220
9.428
9.480
7.813
9.324
7.813
9.220
9.324
7.969
9.272
8.542
9.272
7.709
9.272
8.490
9.168
7.814
9.324
9.480
7.709
7.657
9.116
6.095
6.928
9.168
7.710
9.220
7.709
9.324
9.271
8.699
9.272
9.481
7.710
9.324
9.376
7.813
9.324
9.324
8.803
9.168
8.699
9.428
9.428
9.272
7.814
9.324
7.814
9.324
8.491
8.491
7.761
9.324
9.324
9.376
8.543
9.271
7.814
9.116
7.813
9.272
9.272
7.814
9.324
4.793
6.459
9.636
9.480
7.814
9.168
9.376
9.584
9.480
9.480
9.792
9.428
9.324
9.481
7.866
9.272
9.428
9.584
7.918
9.220
7.813
9.428
9.220
7.762
9.429
9.167
9.376
7.865
9.272
9.220
9.376
7.918
9.115
9.272
7.709
9.272
7.710
9.429
9.377
9.481
45.943
6.563
9.636
9.011
8.699
7.605
9.220
9.480
9.480
9.480
7.865
9.116
9.428
9.480
9.637
8.699
9.272
7.657
9.376
9.376
9.584
8.699
8.543
9.168
8.751
9.168
9.480
8.022
9.168
8.595
8.647
7.606
9.168
8.490
8.491
8.387
9.324
8.699
7.657
9.011
9.376
9.480
6.303
6.928
9.428
9.220
9.219
8.595
9.272
7.658
8.387
9.324
9.429
9.429
9.272
9.585
8.699
9.272
8.594
9.168
8.074
9.272
9.533
7.709
9.167
9.532
7.813
9.064
9.376
7.762
9.220
9.532
9.480
9.480
7.761
9.116
9.480
7.657
9.220
8.595
9.272
9.480
43.599
6.511
9.428
9.011
9.480
9.428
9.272
9.480
7.917
9.064
7.709
9.272
9.428
9.376
8.647
7.657
9.167
7.814
9.064
9.272
8.856
9.220
8.699
9.220
9.533
7.814
9.115
9.532
9.324
8.126
9.012
9.533
8.699
7.658
9.012
8.699
9.116
9.532
9.428
9.428
9.584
7.709
4.688
6.667
9.220
9.115
8.699
9.272
9.481
7.918
9.115
9.480
7.709
7.709
9.064
9.376
9.429
7.814
9.012
9.428
7.917
9.116
7.918
9.011
8.803
9.376
7.918
9.063
9.480
8.751
9.064
7.814
9.116
7.813
9.116
9.585
9.376
7.918
9.324
9.271
7.605
9.272
8.751
5.521
6.876
9.115
9.272
9.480
9.636
7.918
9.012
9.480
8.021
9.064
7.709
9.377
9.168
9.480
9.480
8.751
9.324
9.376
8.699
7.709
9.324
8.386
8.490
9.428
9.428
9.480
8.803
9.429
9.063
9.480
9.585
9.481
7.814
9.377
9.324
7.709
9.480
9.272
8.490
9.272
43.495
6.511
9.271
9.168
7.814
9.324
7.709
8.387
9.324
7.709
9.168
9.481
9.376
9.480
8.803
8.439
9.324
7.814
8.438
9.064
9.428
9.533
7.710
9.011
8.595
9.219
8.699
9.168
7.762
8.595
9.220
9.428
9.272
9.480
7.917
9.012
8.803
9.220
9.584
7.865
9.220
4.740
6.824
9.063
9.637
9.533
8.699
9.168
7.917
8.282
9.324
9.376
8.699
7.709
9.063
