10.209
9.689
9.168
9.532
12.293
9.688
9.532
9.532
9.585
9.584
9.585
9.740
9.637
9.636
9.584
9.376
9.897
9.637
9.636
9.480
9.532
4.688
4.740
5.209
4.688
9.585
9.376
9.480
9.480
9.689
9.272
9.636
9.637
9.688
9.481
9.480
9.689
9.584
9.585
9.584
9.637
9.793
9.532
9.585
9.688
9.585
9.584
9.480
9.376
9.689
9.481
9.584
9.637
9.480
9.636
9.689
9.636
9.584
9.636
9.584
9.584
9.637
9.637
9.584
9.741
9.532
9.689
5.209
6.876
9.532
9.532
9.793
9.584
9.585
9.584
9.585
9.584
9.533
9.532
9.584
9.533
9.532
9.585
9.324
9.480
9.689
9.636
9.689
9.584
9.480
9.585
9.689
9.480
9.689
9.584
9.637
9.688
9.585
9.688
9.585
9.480
9.689
9.584
9.481
9.584
9.689
9.636
9.481
9.584
39.536
6.511
6.250
8.855
9.480
9.637
9.584
9.585
9.688
9.689
9.584
9.585
8.907
9.637
9.480
9.480
9.533
9.480
9.480
9.532
9.741
9.532
9.532
9.741
9.428
9.637
9.532
9.689
9.584
9.585
9.584
9.585
9.480
9.585
9.584
9.793
9.532
9.481
9.480
9.689
9.584
9.637
9.636
9.637
9.376
43.911
6.512
4.688
9.116
9.376
9.689
9.428
9.585
9.585
9.689
9.585
9.532
9.584
8.803
9.481
9.376
9.480
9.637
9.480
9.584
9.637
9.584
9.585
9.688
9.637
9.688
9.533
9.480
9.585
9.584
9.532
9.584
9.481
9.480
9.376
9.688
9.481
9.480
9.689
9.584
9.689
9.480
9.585
9.584
38.338
6.564
4.688
9.689
9.532
9.481
9.584
9.741
9.480
9.585
8.908
9.532
9.585
9.480
9.584
9.585
9.688
9.585
9.532
9.636
9.324
9.272
9.637
9.636
9.689
9.428
9.637
9.584
9.584
9.585
9.584
9.585
9.271
9.324
9.533
9.480
9.637
9.689
9.585
9.637
9.480
9.428
9.324
9.585
9.480
45.526
6.511
9.584
9.533
9.429
9.428
9.324
9.688
9.481
9.584
9.585
9.688
9.533
9.532
9.584
9.689
9.584
9.689
9.584
9.585
9.740
9.585
9.480
9.689
8.230
9.272
9.480
9.741
9.480
9.584
9.585
9.584
9.689
9.481
9.428
9.428
9.533
9.688
9.585
9.584
9.741
9.636
9.428
9.480
6.303
6.563
6.303
7.813
9.533
9.532
9.585
9.584
9.585
9.480
9.689
9.480
9.688
9.533
9.636
9.584
9.584
9.689
9.584
9.637
9.741
9.584
9.584
9.689
9.584
9.585
9.688
9.689
9.532
9.532
9.585
9.585
9.532
9.637
9.532
9.585
9.688
9.741
9.480
9.428
9.636
9.480
9.688
9.584
9.428
42.401
4.740
4.792
7.813
9.376
9.481
9.584
9.480
9.532
9.637
9.480
9.481
9.584
9.689
9.376
9.584
9.637
9.584
9.585
9.636
9.480
9.480
9.585
9.688
9.585
9.688
9.481
9.688
9.637
9.636
9.689
9.532
9.480
9.480
9.585
9.584
9.584
9.428
9.480
9.324
9.480
9.428
9.689
9.637
4.741
6.407
4.688
9.584
5.208
4.688
9.480
9.688
9.637
9.584
9.637
9.636
9.585
9.584
9.689
9.480
9.584
9.585
9.793
9.480
9.636
9.481
9.636
9.481
8.855
9.376
9.376
9.585
9.688
9.637
9.584
9.637
9.584
9.637
9.636
9.429
9.584
9.689
9.585
9.636
9.585
8.230
9.376
9.480
9.428
9.481
6.355
6.511
9.689
9.532
9.689
9.636
8.856
9.532
9.584
9.637
9.480
9.481
9.480
9.689
9.689
9.532
9.585
9.584
9.584
9.584
9.481
9.480
9.741
9.532
9.481
9.584
9.585
9.636
9.480
9.480
9.688
9.637
9.584
9.585
9.584
9.689
9.584
9.481
9.584
9.585
9.533
9.376
9.480
9.637
6.094
7.032
9.481
9.376
9.532
9.584
9.585
9.688
9.637
9.688
9.637
9.532
9.689
9.636
9.637
9.480
9.741
9.532
9.637
9.584
9.584
9.428
9.480
9.428
9.324
9.585
9.636
9.585
9.584
8.959
9.533
9.793
9.584
9.480
9.480
9.637
9.584
9.480
9.689
9.480
9.689
9.636
9.585
9.636
9.793
4.740
6.459
6.146
9.220
9.376
9.637
9.480
9.689
9.584
9.741
9.584
9.637
8.907
9.480
9.533
8.804
9.480
9.428
9.481
9.688
9.585
9.584
9.689
9.741
9.637
9.584
8.230
9.689
9.480
9.480
9.480
9.792
9.533
9.688
9.481
9.480
9.428
9.637
9.636
9.585
9.532
9.585
9.689
9.689
9.636
6.198
6.771
9.689
9.428
9.376
9.480
9.584
9.689
9.637
9.480
9.636
8.908
9.792
9.377
9.428
9.689
9.429
8.907
9.428
9.636
9.584
9.480
9.689
9.689
9.532
9.585
9.376
9.688
9.689
9.584
8.960
9.480
9.428
9.636
8.283
9.844
9.533
9.376
9.376
9.376
9.480
9.637
9.585
9.584
9.532
4.740
6.980
9.533
7.292
9.532
9.585
9.688
9.428
9.376
9.376
9.688
9.689
9.637
9.689
9.636
9.533
9.584
9.584
9.793
9.584
9.688
9.532
9.480
9.584
9.585
9.688
9.637
9.584
9.585
9.636
9.481
9.688
9.481
9.689
9.637
9.636
9.689
9.532
9.689
9.584
9.636
9.689
9.689
9.637
9.584
4.740
6.355
4.688
9.480
9.636
9.533
9.480
9.689
9.689
9.584
9.585
9.689
9.585
9.480
9.689
9.584
9.585
9.584
9.481
9.584
9.637
9.480
9.689
9.584
8.907
9.429
9.480
9.636
9.689
9.584
9.741
9.480
9.585
9.584
9.585
9.740
9.585
9.584
9.637
9.689
9.584
9.689
9.689
9.480
4.688
6.407
4.688
9.428
9.584
9.481
9.584
9.481
9.532
8.907
9.376
9.741
9.480
9.480
9.584
9.689
9.688
8.908
9.481
9.636
9.481
9.636
9.533
9.688
9.689
9.584
9.689
9.636
9.585
9.584
9.741
9.584
9.480
8.960
9.272
9.532
9.741
9.480
9.585
9.688
9.585
9.584
9.585
9.740
9.429
43.182
6.668
4.688
9.688
9.637
9.376
9.428
9.584
9.637
9.689
9.637
9.637
9.585
9.585
9.584
9.689
9.636
8.908
9.532
9.480
9.689
9.584
9.480
9.689
9.585
9.741
9.637
9.584
9.637
9.584
9.636
9.636
9.585
9.584
9.584
9.585
9.741
9.637
9.689
9.584
9.689
9.637
9.532
9.584
5.990
6.615
9.533
9.533
9.636
9.584
9.376
9.793
9.584
9.376
9.689
9.584
9.689
9.637
9.689
9.376
9.741
9.584
9.637
9.688
9.533
9.480
9.741
9.584
9.585
9.688
9.689
9.584
8.907
9.376
9.637
9.584
9.689
9.532
9.480
9.740
9.480
9.688
9.585
9.584
9.689
9.584
9.741
9.584
9.637
37.765
4.689
6.720
9.689
9.584
9.689
9.584
9.585
9.688
9.585
9.688
9.793
9.480
9.689
9.480
9.793
8.803
9.585
9.376
8.126
9.428
9.480
9.533
9.637
9.480
9.689
8.907
9.428
9.533
9.480
9.636
9.689
9.637
9.480
9.584
9.585
9.688
9.637
9.585
9.532
9.480
9.585
9.740
9.637
46.203
6.303
6.823
8.959
9.585
9.480
9.793
9.480
9.481
9.741
9.637
9.532
9.532
9.689
9.584
9.689
9.689
9.636
9.533
9.585
8.959
9.428
9.481
8.907
9.480
9.481
9.584
9.428
8.803
9.481
9.480
9.689
9.585
9.480
9.480
9.584
9.637
9.584
9.689
9.584
9.689
9.480
9.741
9.636
9.793
9.532
5.626
6.772
9.637
9.376
9.637
9.584
9.585
9.584
9.689
9.688
9.377
9.636
9.637
9.688
9.532
9.532
9.376
9.481
9.636
9.585
9.688
9.793
9.480
9.689
9.637
8.907
9.481
9.480
9.584
9.481
9.584
9.637
9.480
9.741
9.480
9.689
9.688
9.585
9.532
9.584
9.741
9.584
9.585
44.432
6.667
9.689
9.376
9.584
9.481
9.377
9.428
9.532
9.585
9.689
9.480
9.585
9.636
9.585
9.740
9.637
9.480
9.585
9.792
9.585
9.584
8.907
9.428
9.481
9.689
9.480
8.907
9.272
9.585
9.480
9.636
9.636
9.533
9.689
9.637
9.584
9.533
9.480
9.741
9.376
9.011
9.428
