9.897
8.804
9.897
9.897
9.220
8.699
9.897
10.730
8.490
10.418
8.386
10.678
9.116
7.814
10.001
5.521
7.188
7.344
10.261
9.636
9.480
10.210
7.814
7.709
9.532
9.168
9.428
7.814
9.220
9.845
9.532
9.584
9.115
10.210
10.574
9.480
9.585
9.949
9.116
10.105
8.022
9.324
9.897
10.314
10.262
9.689
9.116
9.428
7.710
9.167
9.793
10.002
10.053
9.897
7.813
10.105
10.522
7.761
9.168
10.209
6.719
4.740
6.199
7.292
9.480
9.585
9.532
10.418
9.689
10.574
7.865
9.532
10.209
10.313
8.907
10.418
9.115
9.584
7.814
10.313
10.209
9.740
9.480
8.959
10.053
8.907
10.002
9.011
7.657
10.209
8.699
10.365
9.480
10.522
9.897
9.689
9.897
10.105
9.584
9.272
10.418
7.709
9.220
32.660
5.990
7.240
7.813
10.365
10.105
9.429
9.168
10.209
7.813
9.272
10.522
9.897
10.262
9.637
9.272
7.813
10.314
10.262
9.533
7.917
9.116
7.866
10.001
9.481
7.813
10.418
9.376
7.814
9.897
10.001
9.115
10.313
9.584
10.261
7.814
7.813
9.585
10.574
9.688
10.418
9.792
10.366
9.584
9.428
9.272
4.689
4.688
4.793
9.428
9.428
10.418
10.365
9.220
9.793
10.365
9.428
10.418
8.595
8.491
9.897
10.314
9.116
10.522
9.377
9.480
9.585
7.813
9.116
8.751
9.897
10.105
9.480
9.637
10.105
10.158
9.897
10.209
10.209
9.792
9.481
10.210
10.105
10.313
10.418
9.689
9.011
9.584
9.793
9.012
4.688
6.198
6.095
7.293
8.699
7.813
7.710
10.261
9.376
9.688
9.688
9.636
9.064
10.053
8.751
9.220
7.709
9.897
9.219
10.001
10.054
10.418
10.106
9.116
10.209
8.803
9.636
8.751
10.001
9.897
9.220
9.688
9.897
9.636
7.866
8.647
9.324
7.761
9.689
9.689
9.584
9.637
9.897
8.387
10.105
9.688
31.619
6.198
6.824
9.637
10.106
10.314
9.897
10.001
9.011
9.793
9.220
9.533
9.636
9.376
7.865
9.116
10.106
10.210
9.428
9.741
9.689
9.793
9.220
10.626
7.813
9.793
7.918
10.053
9.428
10.261
9.116
10.210
7.866
9.168
8.804
9.532
9.168
10.418
9.585
9.585
8.595
9.168
7.761
8.595
32.816
6.199
7.085
9.063
9.481
9.376
8.699
9.220
10.418
7.865
10.106
10.001
9.480
9.168
9.428
9.376
10.366
9.688
9.845
10.106
9.532
8.386
8.595
10.001
10.001
9.897
9.637
7.709
7.709
9.845
9.011
9.793
9.584
10.418
9.636
9.585
9.897
10.105
9.636
9.584
10.106
7.709
10.158
10.054
9.689
32.712
6.199
7.188
6.303
7.032
9.064
9.324
7.814
9.584
10.210
8.699
9.793
9.585
9.793
9.272
9.897
9.272
9.532
9.219
9.012
10.574
9.063
10.366
9.428
9.480
7.814
9.167
10.261
7.761
9.376
10.158
9.480
9.377
10.418
7.709
10.210
10.001
10.627
9.272
10.001
8.490
9.324
9.480
7.970
10.418
4.688
4.688
6.772
10.002
7.970
10.157
7.813
8.491
8.491
9.897
9.793
9.376
10.002
9.636
9.584
10.314
8.178
9.792
10.105
9.324
10.523
9.220
9.532
10.053
8.126
10.626
9.636
9.116
10.262
7.709
10.210
10.313
10.105
7.865
10.001
7.969
9.168
9.481
9.793
9.167
9.897
10.105
9.897
10.001
9.480
7.918
4.792
5.521
5.209
7.657
9.688
9.584
8.021
10.365
9.220
9.793
9.115
10.105
9.741
9.429
10.730
10.209
8.438
9.897
8.803
10.366
10.106
7.709
9.845
10.053
9.377
9.637
9.272
9.585
7.709
9.897
9.220
9.637
9.168
9.480
7.866
9.897
7.709
8.022
9.897
10.157
9.793
9.324
9.585
10.522
31.983
4.688
7.084
7.865
9.272
9.688
9.793
10.314
10.001
9.585
9.793
7.865
9.376
9.792
9.011
8.646
7.710
9.011
10.262
9.637
7.918
9.896
10.417
9.167
7.709
10.053
10.262
9.116
9.428
10.365
7.813
9.532
10.313
9.792
9.064
7.709
9.376
9.480
10.001
10.001
9.637
10.105
7.761
10.106
10.210
7.709
4.792
4.688
4.688
7.397
10.314
10.678
8.803
9.480
7.710
9.636
9.376
9.219
9.480
10.001
10.157
9.376
9.011
7.657
9.532
9.585
8.387
7.761
9.533
10.001
10.261
7.813
9.116
7.918
9.220
9.481
8.491
9.324
10.158
10.314
8.021
9.011
9.897
8.960
8.021
9.324
9.272
9.480
7.709
9.272
7.918
4.792
5.522
5.209
4.689
7.761
9.845
8.959
7.866
9.219
10.209
10.209
8.178
9.168
10.366
10.366
9.897
7.969
9.637
9.116
7.813
9.324
10.001
9.115
7.709
9.220
10.157
7.813
9.897
9.220
9.897
9.584
9.792
10.417
9.636
7.814
9.740
8.803
10.522
9.324
7.761
9.168
10.314
10.314
9.428
8.855
7.709
6.199
6.667
10.366
7.709
10.053
9.689
7.761
9.585
9.116
10.105
9.585
7.761
9.428
9.950
9.636
10.157
8.074
9.793
10.679
10.470
10.105
9.949
9.272
10.001
9.897
10.261
7.709
10.418
9.689
7.709
9.533
10.418
7.710
10.366
10.418
7.709
9.324
9.637
10.106
9.793
7.709
9.116
10.418
43.755
6.667
9.220
10.001
9.480
9.376
10.002
8.855
9.272
9.636
7.709
10.106
7.918
9.428
9.428
9.533
9.689
10.261
10.261
10.105
9.688
8.803
7.814
9.741
9.167
7.814
8.386
9.219
7.710
9.272
7.866
9.011
8.803
7.710
9.377
10.105
10.574
9.428
8.594
9.897
9.115
9.219
7.865
9.012
9.480
7.710
6.303
7.084
7.969
9.116
9.585
9.480
7.813
10.106
7.814
9.219
8.803
8.386
10.158
9.793
10.210
9.845
10.366
9.688
7.813
9.428
7.761
9.168
10.262
7.761
9.219
7.709
7.813
9.689
9.532
10.001
9.168
8.751
9.116
9.793
10.522
9.324
9.168
10.105
9.689
10.418
7.918
10.157
9.324
10.313
6.199
6.511
6.146
7.761
10.574
9.168
8.595
9.324
8.022
10.053
8.438
9.533
9.324
7.761
9.063
10.106
9.636
10.157
9.792
10.574
10.001
9.740
10.522
10.418
7.761
10.106
8.022
9.897
10.418
7.709
10.053
9.585
9.949
7.710
9.220
7.813
9.532
9.116
10.105
9.793
10.105
7.709
8.438
10.157
10.314
42.661
6.407
4.688
10.262
9.064
8.386
9.324
9.949
10.522
9.481
9.636
7.865
9.741
9.168
9.532
9.897
9.480
10.002
7.761
10.418
9.167
10.210
9.689
8.491
10.158
10.209
8.022
9.792
9.063
9.272
7.709
7.813
9.012
9.688
10.210
9.584
9.949
7.970
10.209
9.637
7.709
9.324
9.428
8.803
44.901
6.772
7.970
9.793
10.262
9.689
10.574
9.793
9.116
10.001
9.793
8.699
7.970
10.209
9.063
10.053
10.314
10.053
10.574
10.314
9.585
7.709
10.314
8.387
10.522
9.897
10.105
9.689
10.314
10.210
10.470
10.418
9.636
10.417
9.897
10.001
10.261
10.157
9.480
10.105
8.804
10.105
9.116
7.709
45.995
4.741
6.824
10.418
8.803
9.272
9.845
10.262
9.168
7.813
9.376
9.636
10.002
10.210
9.116
9.793
9.272
9.376
9.532
8.594
7.761
9.011
10.105
10.106
9.116
8.595
10.262
10.314
9.949
10.210
7.709
9.428
9.845
9.897
7.657
9.897
10.313
9.116
9.793
7.709
10.574
9.064
9.897
9.688
6.355
6.511
6.355
10.106
9.012
10.366
9.532
9.688
10.106
10.314
7.918
9.428
9.272
7.710
9.272
10.001
8.855
9.532
9.897
9.637
9.012
9.272
8.074
9.116
10.418
9.324
9.741
9.376
9.480
10.157
9.689
10.418
7.814
9.793
10.105
9.220
10.418
9.845
9.897
9.011
9.584
9.377
10.209
9.792
9.584
5.626
6.823
10.001
10.209
9.793
10.470
10.262
9.897
10.210
9.220
8.699
10.158
7.657
10.106
9.585
10.105
10.314
10.053
10.262
10.001
9.845
7.814
9.897
7.761
10.210
9.845
9.585
10.106
9.480
9.324
9.584
10.522
9.272
9.584
9.532
8.491
10.574
10.001
10.001
9.793
8.959
7.813
9.480
41.620
5.261
