31.931
4.740
6.095
6.198
7.241
7.292
9.168
9.115
7.813
7.865
7.917
7.813
7.917
7.865
7.917
7.917
7.917
8.490
7.761
7.865
7.813
7.761
7.866
7.814
7.813
7.865
7.813
8.907
7.917
7.813
7.969
7.813
7.918
7.814
7.918
7.865
7.865
7.917
7.918
7.970
7.866
7.918
7.866
9.376
7.865
9.011
7.761
7.813
7.865
35.160
4.688
5.261
4.740
9.116
9.064
7.813
7.918
7.814
9.011
7.917
7.917
7.813
7.865
7.865
7.865
7.709
8.907
7.865
7.813
7.761
7.813
9.012
7.918
7.814
9.012
7.866
7.813
7.813
8.907
7.918
7.813
7.813
7.866
7.814
7.866
8.907
8.907
9.012
7.814
7.918
7.866
7.762
7.813
7.865
7.813
9.116
6.199
6.823
7.761
7.865
7.813
9.167
9.011
8.855
8.907
8.907
9.011
7.814
7.918
7.918
7.918
7.814
7.918
7.813
7.918
7.813
7.814
9.116
7.814
9.011
8.803
9.116
7.814
7.813
9.115
7.709
7.865
8.907
9.116
7.814
8.959
7.969
7.761
8.856
9.012
7.813
9.063
7.918
7.969
7.814
7.814
9.116
7.866
7.918
5.470
6.980
7.292
8.386
7.865
7.918
7.814
9.012
7.918
7.709
9.168
7.917
7.710
9.116
7.970
7.814
7.917
8.907
8.908
7.814
8.907
8.907
9.116
7.814
9.116
7.866
7.865
8.907
8.908
8.907
8.907
9.116
7.814
9.011
8.907
9.011
7.865
7.813
8.907
9.115
7.917
7.813
7.813
9.116
7.918
7.866
7.866
7.814
6.198
7.344
7.865
7.813
7.917
7.814
9.012
9.011
7.813
7.969
7.813
9.064
7.814
7.761
8.907
8.907
7.970
7.918
7.918
7.814
7.918
8.855
8.908
9.012
7.918
7.813
7.865
7.917
7.761
7.918
7.918
7.918
7.866
7.918
7.866
8.022
7.918
7.918
7.813
7.865
7.761
7.918
7.917
7.917
7.814
7.918
7.813
42.609
6.459
4.688
7.344
8.490
7.917
7.813
8.855
9.011
7.813
8.960
7.814
9.115
7.709
9.011
9.012
7.813
7.814
8.907
8.907
9.116
7.918
7.814
9.115
7.865
8.022
7.970
7.918
7.918
7.761
7.710
8.907
9.115
7.813
9.116
7.918
7.814
9.115
9.011
7.813
9.012
9.011
8.907
8.907
8.908
8.907
8.959
7.813
7.866
4.741
6.875
7.918
9.168
9.168
7.918
7.970
7.917
8.594
7.761
7.865
8.908
8.907
7.917
7.917
7.813
9.063
7.814
7.970
7.814
7.813
9.115
7.865
7.813
7.918
9.012
7.970
7.814
7.814
8.803
9.116
7.918
7.814
9.012
8.907
9.011
7.918
7.918
8.907
8.907
7.761
8.908
8.907
8.907
9.116
7.865
7.866
4.688
6.928
7.292
7.761
7.865
7.813
7.814
9.116
8.907
7.865
9.011
8.908
7.710
8.803
9.115
7.813
9.116
7.970
7.814
7.813
9.115
7.865
7.865
7.813
7.918
7.866
7.814
7.761
9.011
7.761
7.813
7.970
9.012
8.907
9.063
7.813
7.918
7.865
7.970
7.814
7.970
7.918
7.918
7.814
7.865
7.917
7.917
7.865
7.865
4.688
4.792
7.240
9.220
9.012
7.866
7.814
7.970
7.866
7.866
7.917
7.813
9.116
7.814
8.907
8.907
9.116
7.865
8.908
7.866
7.813
9.115
7.917
8.907
9.012
7.814
8.907
7.917
7.813
7.814
8.960
9.063
7.813
9.012
9.012
7.970
7.709
9.115
7.865
7.813
7.865
7.813
7.866
7.762
8.959
7.917
7.813
44.433
6.303
6.876
7.188
7.813
9.220
9.011
8.907
8.960
7.866
9.011
7.918
7.918
7.813
7.865
8.908
8.907
7.866
7.813
9.168
7.814
9.012
7.814
7.918
7.814
7.813
9.115
7.865
9.116
7.761
7.866
7.814
7.762
7.813
9.115
8.908
8.907
8.907
9.011
7.813
7.969
7.761
7.918
7.814
7.865
7.865
8.907
8.960
7.866
6.199
6.615
9.116
8.960
7.970
9.220
7.865
7.865
7.865
7.814
7.814
7.970
7.814
7.814
7.918
7.814
7.917
7.865
7.917
7.917
7.813
7.814
9.115
7.917
7.917
7.813
9.116
7.918
7.814
7.761
7.865
8.907
8.908
7.866
8.907
7.865
7.813
7.917
8.804
9.012
8.907
7.761
7.813
8.908
9.012
7.866
7.813
38.650
5.209
6.719
7.188
7.813
8.959
7.813
7.761
7.866
9.012
7.761
7.761
9.116
7.813
7.866
8.907
8.907
7.917
8.959
7.814
7.918
7.970
7.710
7.918
7.866
7.813
9.063
7.813
7.865
7.814
7.866
7.814
8.855
7.865
9.012
8.022
7.813
7.866
8.907
8.907
7.969
8.907
8.908
8.907
9.063
7.709
9.064
7.813
7.813
4.688
6.615
5.209
7.189
7.813
7.917
7.918
7.814
7.762
7.917
7.761
7.813
7.761
7.814
7.970
7.761
7.865
7.865
7.813
9.116
7.918
8.907
8.907
8.907
9.012
7.814
7.918
7.813
7.813
8.907
7.918
7.814
8.907
8.907
7.813
7.866
7.866
7.814
9.011
7.866
7.813
7.918
7.761
7.813
7.917
7.813
7.814
9.011
5.521
6.876
7.397
8.907
7.917
7.917
7.761
7.813
9.116
7.918
8.907
8.959
7.865
7.814
9.116
7.813
9.063
7.813
7.865
7.813
7.866
9.116
7.866
7.813
9.116
7.761
8.908
8.907
7.865
8.907
7.866
9.116
7.814
9.116
7.813
7.917
9.012
8.907
7.865
7.917
7.813
7.865
9.116
7.866
7.709
9.115
7.813
9.116
43.860
6.719
8.022
7.814
7.918
9.220
8.907
7.761
8.491
7.709
9.011
9.011
7.865
7.814
8.907
8.907
7.865
9.012
8.908
8.907
9.011
7.866
7.866
7.710
9.011
7.970
7.918
7.918
9.272
9.063
9.063
8.907
7.918
7.918
7.761
7.814
7.918
9.011
7.761
7.866
7.814
7.814
8.959
8.907
7.865
7.917
7.918
6.199
6.511
4.740
7.605
9.220
7.813
7.865
7.813
7.917
7.813
7.814
8.907
8.855
9.116
7.814
8.907
8.907
8.908
8.908
8.803
9.116
7.814
8.803
9.115
7.865
7.813
7.761
7.762
7.970
7.814
7.814
7.813
9.115
8.907
7.865
7.710
8.907
9.011
7.865
8.907
8.907
9.011
7.761
7.761
8.907
9.116
7.762
7.918
7.918
4.688
4.689
6.199
7.293
9.011
9.011
8.907
8.908
8.803
7.814
8.074
7.814
7.814
9.063
7.813
7.709
8.907
9.012
7.814
7.709
8.907
8.907
9.116
7.814
7.866
7.866
7.813
7.865
8.960
7.814
8.959
8.959
9.011
7.813
7.918
8.907
7.865
9.116
7.865
7.814
7.814
8.907
8.907
7.866
9.012
9.011
7.917
6.407
6.407
4.688
7.345
7.761
7.865
7.865
7.865
7.761
7.813
7.866
7.918
7.813
8.959
7.865
9.012
7.762
7.866
9.011
7.866
7.917
7.865
7.813
7.918
7.814
9.116
8.907
8.907
9.116
7.761
7.865
7.917
7.918
7.918
7.865
9.011
7.917
7.814
7.918
7.813
9.115
7.761
7.813
7.814
7.866
7.814
7.814
8.907
9.011
41.359
4.688
6.667
9.116
9.012
7.293
7.709
9.011
7.813
7.813
7.865
8.490
7.813
7.814
9.064
9.011
7.865
7.813
7.813
9.012
7.866
7.918
7.814
7.814
7.761
9.063
7.813
7.917
8.908
7.918
7.918
9.011
7.917
7.865
7.917
7.865
7.813
7.814
9.011
9.011
7.917
7.865
7.918
7.918
7.866
8.907
7.865
7.761
5.469
6.511
6.199
7.605
7.761
7.865
7.814
7.866
7.866
7.813
9.011
7.814
8.908
8.907
7.865
9.011
7.761
7.866
7.866
7.814
7.761
9.011
7.917
7.813
8.908
7.866
9.011
7.970
7.970
7.813
7.865
7.813
8.021
7.761
7.813
7.814
9.115
7.813
9.116
7.814
9.116
7.918
7.813
7.917
7.970
7.917
7.709
9.168
7.814
4.740
4.741
6.824
7.137
8.959
7.865
8.907
8.960
8.907
8.907
9.116
7.918
7.918
7.814
7.918
7.709
9.012
7.814
9.063
7.813
8.959
7.813
7.866
8.960
8.959
8.907
7.918
7.813
9.012
8.907
9.011
7.865
7.761
7.762
9.012
7.814
7.865
7.865
7.865
