829.471
714.094
748.421
750.035
753.838
717.740
762.953
751.494
743.212
711.073
765.142
750.139
754.619
713.208
754.515
756.651
752.744
711.333
754.776
752.901
759.567
698.831
728.575
755.453
750.088
752.640
719.146
744.202
738.993
756.599
714.041
749.619
751.755
752.692
714.563
745.764
754.567
757.641
716.646
756.130
759.099
756.078
717.948
763.058
756.703
752.536
757.224
715.760
756.026
749.722
739.721
706.593
755.452
746.232
733.679
713.312
753.942
750.505
738.211
716.906
742.327
741.024
755.245
715.500
755.244
752.119
748.681
703.468
755.244
746.337
739.618
702.322
750.087
763.682
757.224
718.418
760.558
750.348
755.401
751.807
715.656
753.786
753.838
753.161
707.426
755.244
752.015
755.921
716.229
753.786
755.818
755.245
714.042
754.619
754.828
752.692
714.511
756.703
748.317
754.046
714.354
755.453
758.578
751.651
745.243
720.761
752.119
748.160
752.015
716.282
765.870
748.785
738.316
702.270
754.411
751.859
756.078
716.282
751.130
754.359
752.327
715.500
741.336
745.608
756.443
715.396
751.910
753.890
760.974
712.063
713.938
754.567
761.912
752.692
717.323
752.275
755.193
755.244
717.324
754.411
758.422
754.150
726.075
756.651
752.066
754.098
713.104
754.567
763.319
757.432
744.827
719.354
749.670
753.317
751.858
702.894
756.651
753.160
755.452
718.313
755.297
752.275
754.255
716.125
755.349
758.005
748.890
702.269
750.661
752.119
759.256
719.146
756.286
754.255
751.963
716.490
718.209
738.993
754.671
746.597
712.687
751.910
754.827
745.921
714.823
754.775
756.442
751.963
715.969
749.879
753.994
756.599
702.529
746.910
751.806
753.213
717.219
752.484
752.483
754.879
716.230
755.869
740.764
749.775
713.208
716.177
747.015
740.555
752.327
718.834
756.443
749.358
736.023
713.157
759.255
756.286
748.108
717.271
744.775
756.130
752.432
713.677
740.451
753.526
751.442
715.344
755.245
755.452
744.514
721.021
754.568
758.421
754.515
718.313
755.661
740.816
750.973
753.369
719.824
756.599
758.786
753.994
717.324
749.202
737.898
755.088
714.666
752.380
749.775
737.846
700.707
753.161
754.567
754.672
714.979
752.692
747.640
757.953
718.261
756.703
752.952
752.171
717.636
716.177
753.213
744.774
746.597
718.521
758.161
752.901
754.724
715.916
742.431
754.307
757.640
717.010
753.160
744.358
755.453
714.458
764.985
736.753
754.619
715.605
748.368
758.683
757.953
718.521
748.369
756.287
750.139
747.118
716.125
750.244
762.120
749.254
712.479
754.880
756.078
754.880
699.925
752.588
757.068
752.796
720.970
753.317
755.036
749.723
715.761
747.015
754.254
755.296
715.188
754.880
745.035
745.139
707.010
756.911
751.755
759.724
746.546
716.021
756.703
755.297
751.442
714.719
750.921
757.223
755.713
719.824
752.744
746.181
759.881
720.501
759.619
763.318
745.764
707.739
755.349
752.796
756.651
751.233
714.615
754.098
745.712
744.774
715.448
740.451
750.348
750.557
719.199
754.203
751.963
756.807
717.897
746.493
754.880
756.026
718.521
745.087
756.182
754.359
715.292
751.910
748.890
753.473
719.876
752.223
754.776
758.370
749.775
719.928
750.869
756.390
756.390
716.594
752.171
758.682
751.754
714.719
735.346
743.211
756.650
721.022
750.140
747.223
740.347
702.009
749.827
754.099
757.172
715.760
750.505
749.618
749.619
749.046
717.271
741.754
748.941
749.984
716.386
742.899
742.483
752.327
718.208
755.818
751.338
744.201
713.990
755.244
743.264
755.140
720.448
753.942
756.494
750.348
717.688
756.807
756.234
751.598
718.157
757.380
752.067
747.223
700.082
762.641
762.485
757.901
756.287
717.740
738.524
752.692
749.463
699.404
753.317
753.265
756.755
715.449
753.057
758.891
754.255
713.104
759.151
754.880
753.578
714.927
760.609
753.942
751.650
705.082
749.411
745.712
752.275
752.223
716.386
747.067
750.035
754.515
714.667
765.298
754.047
754.620
716.073
738.055
756.807
753.161
717.376
755.140
755.088
764.203
717.010
751.754
756.495
754.359
748.837
715.501
753.577
761.912
750.244
712.687
749.984
746.858
753.317
715.656
743.629
759.411
753.734
712.427
739.097
753.526
753.942
707.999
751.182
753.473
752.172
716.489
756.911
757.536
749.463
717.479
752.796
748.733
752.640
757.119
716.490
755.088
752.535
748.682
715.604
740.243
755.505
752.796
719.616
756.912
753.213
749.046
712.844
741.961
746.337
753.369
716.855
750.609
755.036
756.912
716.646
764.516
749.827
754.775
702.062
713.104
751.911
752.223
752.015
717.687
755.296
753.160
746.911
714.979
748.160
755.974
752.067
716.646
740.087
760.245
741.128
713.677
742.795
754.619
760.818
717.897
755.870
757.901
749.358
716.751
764.307
754.671
751.390
746.493
715.188
753.109
747.900
752.588
721.074
744.097
756.078
752.171
712.479
758.370
750.036
755.348
716.438
750.557
754.515
751.390
715.136
754.567
759.620
754.046
715.812
760.766
755.817
751.182
743.733
718.000
752.380
753.056
755.453
713.572
750.609
755.973
751.286
715.605
755.244
752.067
753.630
719.198
746.285
753.994
754.568
714.979
754.984
744.722
733.418
718.053
757.953
748.108
755.088
750.712
716.906
755.505
755.974
748.785
712.896
757.849
755.869
758.891
718.157
759.620
745.712
747.900
703.728
755.088
753.838
759.672
716.073
755.349
756.442
757.068
717.323
748.733
754.359
749.931
754.672
716.282
751.911
750.817
749.619
718.730
749.567
753.943
753.577
701.280
757.015
756.078
737.951
702.113
753.109
761.182
750.712
705.030
750.765
746.598
752.796
717.792
742.483
743.681
753.213
716.490
749.098
756.755
756.859
718.469
715.344
757.796
757.744
749.514
715.448
752.119
757.901
753.421
716.073
756.911
753.318
751.077
717.740
742.691
751.546
747.483
717.271
751.650
749.983
740.451
700.759
754.515
753.057
753.161
713.729
748.525
756.807
752.067
714.354
721.751
754.463
744.670
748.786
716.386
750.817
754.203
754.463
712.531
768.058
755.921
754.671
716.594
751.599
755.452
753.890
715.552
753.734
758.109
753.681
714.771
749.515
738.680
752.796
720.657
713.157
753.369
754.411
753.422
698.519
752.380
751.546
748.525
719.042
747.274
753.473
756.078
713.781
738.837
752.536
751.389
715.084
744.462
753.109
756.234
713.990
752.848
752.067
754.098
719.667
761.495
757.015
752.276
748.421
711.854
752.119
750.608
747.795
715.500
753.265
748.525
756.286
716.542
744.723
753.109
753.786
719.459
755.504
756.911
750.244
714.563
764.465
754.984
757.484
713.990
748.993
753.786
751.130
713.156
715.083
753.265
750.036
747.952
715.917
762.276
738.992
751.025
712.063
741.388
752.952
750.296
719.303
752.327
754.984
753.785
719.303
746.076
753.682
754.567
715.812
755.609
754.358
756.807
713.729
712.896
755.505
755.036
752.953
719.667
752.223
749.150
740.764
699.665
739.670
754.672
756.859
715.396
755.609
755.922
753.734
719.771
747.275
753.109
750.192
702.894
749.931
752.380
753.578
715.552
753.681
749.254
753.786
715.240
749.619
754.515
757.485
755.765
718.469
753.526
754.150
751.182
715.188
754.775
753.838
750.348
711.021
752.275
753.994
751.025
716.802
765.350
747.327
742.951
716.281
754.359
753.995
746.911
720.397
752.900
756.391
753.369
714.146
724.407
743.211
739.669
743.159
715.188
750.816
755.348
753.161
717.062
739.670
750.348
755.817
702.998
749.202
751.807
750.660
701.853
754.723
752.224
756.651
718.209
752.588
753.630
750.713
714.406
758.787
755.192
749.202
716.647
717.428
742.587
754.515
752.014
712.687
754.827
754.151
754.932
701.332
745.035
744.045
750.452
716.126
739.200
755.661
753.630
714.823
753.421
753.265
751.911
702.113
754.516
754.202
750.035
719.667
753.473
755.453
752.796
716.646
755.036
748.993
736.805
704.196
751.494
752.327
753.890
750.035
717.480
753.786
759.047
754.463
717.167
751.806
752.953
754.047
715.916
756.130
753.317
753.525
715.188
751.442
754.254
752.275
706.072
756.442
743.316
743.993
719.719
748.421
753.161
753.942
751.494
716.177
754.724
751.181
751.078
716.907
755.296
752.535
755.088
717.167
754.307
760.557
758.110
719.511
737.325
752.953
753.890
707.322
752.276
760.453
751.546
720.814
760.193
752.431
752.692
748.056
719.199
755.713
754.568
752.119
712.531
753.213
752.171
753.369
717.167
752.952
750.191
761.652
715.448
752.015
756.494
752.483
717.740
760.870
741.858
738.472
713.156
713.781
751.442
748.369
744.618
717.219
763.631
747.170
734.877
702.843
753.473
