3263.509
3201.522
3219.233
3233.557
3255.383
3238.349
3259.550
3217.826
3227.671
3208.190
3204.595
3220.952
3208.554
3217.670
3245.850
3189.334
3199.959
3273.041
3209.023
3237.777
3217.098
3222.879
3214.962
3195.011
3234.182
3293.825
3248.663
3227.828
3231.213
3246.163
3252.153
3222.150
3222.046
3264.967
3233.140
3229.703
3225.744
3264.811
3197.459
3203.293
3228.400
3266.270
3203.867
3240.641
3225.171
3240.954
3186.834
3210.430
3198.710
3242.413
3168.394
3188.188
3203.606
3242.152
3216.107
3251.112
3197.564
3183.655
3296.065
3234.808
3223.140
3173.394
3259.237
3193.605
3202.252
3201.522
3245.069
3270.489
3212.253
3206.367
3222.775
3256.112
3226.005
3230.641
3187.145
3234.547
3230.953
3241.318
3222.254
3271.583
3199.491
3194.021
3193.761
3234.130
3200.533
3215.326
3221.994
3242.985
3225.171
3213.034
3210.586
3230.224
3210.846
3206.836
3220.275
3221.681
3245.173
3190.844
3219.493
3213.712
3251.424
3217.670
3201.209
3223.609
3211.993
3257.206
3225.587
3198.970
3239.808
3269.447
3185.323
3227.723
3226.421
3239.912
3251.737
3216.316
3236.996
3211.159
3232.411
3188.344
3234.130
3249.028
3257.779
3232.620
3212.878
3247.518
3209.805
3179.697
3195.115
3230.172
3231.839
3197.615
3224.911
3208.971
3201.262
3191.573
3240.120
3201.731
3238.974
3220.639
3207.200
3197.199
3236.839
3251.111
3223.608
3189.750
3148.756
3243.611
3189.021
3240.225
3201.522
3190.115
3255.227
3229.286
3202.252
3209.596
3259.081
3212.670
3208.033
3227.202
3275.125
3214.076
3189.230
3221.108
3244.653
3208.710
3189.230
3276.687
3299.503
3226.890
3245.434
3190.635
3223.140
3222.931
3247.048
3214.701
3166.154
3225.588
3236.839
3188.239
3200.845
3225.901
3256.581
3231.058
3174.801
3235.954
3219.910
3211.888
3232.880
3196.782
3231.265
3231.682
3233.609
3202.981
3246.424
3203.866
3244.809
3234.704
3262.155
3203.553
3206.679
3260.071
3281.063
3217.774
3223.243
3231.370
3227.776
3215.378
3204.752
3209.597
3286.688
3219.181
3190.167
3191.938
3172.405
3192.250
3220.483
3205.741
3225.484
3234.026
3207.148
3203.346
3176.988
3259.185
3221.160
3176.467
3216.889
3221.734
3255.696
3210.794
3210.482
3234.391
3241.319
3245.277
3190.688
3222.671
3243.090
3218.191
3214.961
3214.753
3268.144
3223.556
3181.781
3202.304
3285.282
3189.281
3206.888
3200.689
3231.786
3274.135
3157.403
3221.525
3208.190
3193.813
3206.471
3207.357
3215.586
3236.527
3215.587
3196.209
3197.355
3224.442
3251.633
3204.439
3231.995
3193.552
3246.580
3193.032
3219.337
3194.230
3291.794
3208.606
3224.025
3239.287
3239.912
3212.826
3253.299
3244.132
3276.427
3236.735
3267.468
3241.006
3255.800
3220.274
3198.866
3201.887
3243.037
3216.055
3196.470
3225.223
3223.296
3247.935
3209.128
3206.210
3223.400
3241.215
3194.855
3253.195
3227.099
3215.483
3210.846
3224.285
3209.388
3243.350
3210.846
3193.293
3230.380
3203.762
3276.218
3221.109
3234.756
3288.877
3232.203
3248.976
3214.805
3194.490
3189.750
3252.466
3194.803
3256.581
3285.074
3187.094
3217.618
3222.983
3261.477
3239.027
3211.003
3214.753
3287.939
3227.098
3225.067
3172.508
3245.590
3236.839
3213.347
3220.014
3198.918
3172.092
3212.409
3227.151
3228.713
3253.976
3208.190
3222.983
3193.449
3280.438
3195.376
3226.994
3206.731
3204.492
3173.446
3242.881
3226.629
3177.041
3281.636
3236.995
3223.400
3286.740
3235.641
3160.893
3231.422
3191.730
3258.977
3197.824
3181.989
3191.365
3251.945
3209.804
3227.672
3247.518
3228.609
3217.879
3216.525
3225.119
3182.978
3240.694
3197.043
3191.105
3213.711
3244.027
3208.086
3219.494
3202.044
3262.311
3178.134
3193.813
3249.080
3178.915
3232.464
3195.792
3221.629
3248.976
3260.592
3216.732
3236.422
3209.961
3231.005
3219.128
3252.049
3198.658
3244.705
3239.808
3213.034
3187.041
3252.414
3230.588
3204.648
3208.346
3232.568
3215.847
3210.638
3188.553
3204.231
3207.095
3236.162
3230.796
3196.678
3194.177
3248.716
3211.263
3230.015
3219.024
3239.809
3203.137
3223.920
3237.985
3248.403
3225.015
3202.929
3254.185
3300.649
3231.682
3247.049
3192.980
3265.332
3187.094
3232.984
3226.890
3246.111
3198.293
3194.490
3213.347
3248.819
3228.349
3217.982
3201.627
3236.475
3201.053
3202.148
3194.803
3197.199
3289.709
3238.923
3216.056
3215.117
3250.070
3224.181
3242.934
3214.545
3273.197
3250.643
3169.487
3215.743
3240.330
3245.330
3231.161
3191.834
3259.654
3223.140
3183.291
3223.192
3223.713
3220.067
3201.574
3203.241
3215.639
3250.174
3248.715
3215.535
3252.258
3234.495
3213.451
3217.462
3223.868
3256.581
3211.680
3215.169
3227.775
3251.737
3216.368
3224.234
3221.003
3266.739
3214.909
3235.485
3256.477
3259.134
3241.839
3201.574
3219.806
3270.125
3150.631
3192.771
3186.156
3251.007
3256.945
3225.848
3207.513
3214.805
3223.192
3209.179
3219.441
3189.021
3262.623
3208.920
3205.845
3174.228
3159.747
3270.124
3212.566
3230.172
3234.911
3229.963
3255.591
3246.632
3216.316
3277.000
3236.787
3205.325
3240.850
3233.141
3191.312
3237.569
3182.094
3241.475
3185.531
3222.566
3223.139
3270.124
3222.254
3209.753
3237.881
3185.583
3230.119
3243.142
3223.192
3273.353
3276.479
3220.483
3232.151
3220.015
3244.653
3224.233
3215.899
3227.150
3232.307
3231.839
3247.518
3245.590
3218.764
3168.029
3220.744
3197.772
3226.734
3216.420
3227.515
3187.042
3223.816
3227.723
3242.933
3227.828
3238.714
3207.773
3197.876
3219.754
3187.042
3245.069
3195.949
3185.843
3175.269
3264.811
3209.701
3214.545
3182.874
3206.888
3251.893
3183.500
3233.192
3241.840
3259.966
3248.143
3214.076
3220.692
3260.801
3214.962
3272.469
3204.857
3254.028
3216.837
3234.391
3242.152
3274.083
3217.357
3197.668
3199.700
3251.997
3215.222
3249.236
3226.317
3221.524
3217.775
3233.037
3185.375
3212.931
3249.548
3222.932
3221.942
3189.177
3253.560
3216.733
3195.948
3234.912
3217.774
3178.812
3234.391
3260.956
3256.373
3231.630
3192.355
3227.411
3238.350
3193.188
3222.567
3237.151
3255.071
3243.976
3215.327
3221.890
3304.711
3268.041
3218.191
3224.077
3276.323
3246.684
3238.506
3202.460
3254.497
3213.191
3214.597
3188.865
3247.413
3173.654
3170.633
3207.982
3207.825
3278.927
3231.162
3189.958
3195.272
3243.610
3201.262
3229.443
3230.744
3258.404
3239.756
3191.469
3200.949
3185.271
3259.759
3170.477
3208.294
3188.292
3230.120
3213.503
3196.782
3228.557
3203.294
3257.310
3195.324
3227.879
3194.439
3232.828
3241.319
3166.206
3208.503
3258.508
3252.622
3221.213
3243.819
3245.955
3193.189
3217.201
3256.738
3200.324
3245.538
3240.121
3238.662
3199.022
3257.571
3215.847
3187.928
3195.637
3268.353
3211.315
3178.759
3222.358
3203.710
3248.715
3197.563
3215.013
3206.523
3206.731
3199.960
3237.464
3212.200
3205.794
3204.335
3228.192
3266.843
3246.163
3220.379
3232.412
3203.189
3265.592
3219.962
3210.951
3235.798
3241.267
3193.709
3202.408
3215.326
3195.532
3291.741
3167.195
3228.036
3177.248
3248.820
3203.815
3220.430
3186.729
3286.949
3226.890
3186.000
3247.674
3198.188
3252.935
3204.022
3178.291
3175.009
3171.258
3216.993
3217.410
3196.939
3222.202
3249.184
3224.337
3206.106
3192.147
3294.451
3238.245
3217.410
3189.385
3245.538
3216.108
3232.724
3209.856
3257.102
3238.922
3252.831
3205.898
3217.045
3248.715
3226.525
3214.128
3257.831
3222.410
3199.230
3236.579
3213.295
3206.002
3231.213
3209.492
3237.256
3277.157
3211.055
3174.436
3181.676
3252.101
3229.443
3218.243
3172.300
3174.384
3219.129
3242.100
3212.305
3208.242
3304.555
3226.890
3192.094
3218.764
3217.930
3199.699
3217.097
3251.841
3270.645
3214.753
3201.835
3221.577
3279.344
3274.447
3235.277
3202.668
3277.000
3238.558
3238.610
3239.547
3265.749
3247.830
3276.740
3252.205
3225.848
3273.353
3233.193
3269.343
3223.661
3239.860
3180.686
3250.903
3211.940
3186.781
3252.414
3206.731
3269.499
3254.133
3206.314
3172.300
3252.049
3236.943
3239.652
3195.845
3256.112
3194.491
3212.096
3209.701
3221.733
3211.263
3232.516
3234.391
3242.204
3226.526
3214.753
3187.615
3234.860
3209.700
3216.368
3217.670
3221.004
3258.196
3200.012
3208.086
3144.797
3184.489
3247.986
3212.566
3229.755
3187.354
3272.937
3183.760
3209.596
3221.733
3225.380
3213.867
3239.495
3200.376
3220.223
3271.114
3259.289
3211.107
3195.949
3245.381
3211.524
3248.194
3207.877
3289.970
3213.503
3201.730
3226.369
3282.522
3183.603
3216.941
3226.838
3219.753
3237.412
3205.898
3200.324
3295.961
3235.277
3201.106
3199.700
3253.091
3211.576
3203.241
3232.203
3243.038
3200.324
3226.057
3141.203
3232.828
3264.446
3224.755
3219.702
3173.238
3267.363
3213.139
3227.254
3215.743
3238.037
3227.463
3237.412
3215.900
3246.996
3210.274
3216.784
3208.607
3211.523
3256.998
3244.548
3176.102
3200.429
3253.091
3218.556
3222.567
3235.224
3266.842
3219.337
3199.856
3212.618
3228.505
3223.764
3220.952
3184.645
3221.525
3223.817
3230.953
3193.709
3209.909
3232.880
3180.739
3193.814
3232.881
3193.657
3209.180
3237.724
3192.772
3215.639
3222.618
3189.750
3208.554
3203.502
3204.231
3243.715
3213.138
3191.052
3261.217
3209.388
3217.462
3194.230
3207.774
3237.255
3201.158
3212.409
3223.817
3244.444
3216.212
3213.503
3212.148
3246.215
3181.103
3209.544
3208.242
3257.154
3267.467
3217.878
3246.476
3216.211
3256.164
3203.971
3185.739
3204.596
3260.852
3191.834
3225.536
3192.146
3280.855
3182.041
3191.105
3182.926
3200.377
3254.497
3209.075
