588.194
838.380
825.774
436.979
566.056
436.405
539.803
800.772
463.544
770.872
797.698
566.264
436.718
770.456
465.940
436.406
539.387
800.042
804.314
805.512
436.614
804.990
804.678
470.732
804.678
436.197
470.629
539.231
539.595
804.939
465.576
436.614
469.743
436.562
806.137
470.784
539.334
804.469
470.055
436.510
804.626
804.469
804.574
465.628
436.405
804.522
804.574
436.562
537.251
469.274
436.666
471.827
436.509
471.097
568.452
436.718
469.795
436.197
470.733
436.926
470.784
805.772
436.562
572.307
805.251
436.405
770.768
471.774
568.140
436.562
572.984
804.626
436.561
571.682
538.970
770.404
470.368
804.574
804.469
539.230
771.341
805.407
804.366
468.857
803.636
770.455
539.178
803.740
571.630
797.281
770.351
436.458
804.522
572.776
436.718
806.084
804.887
436.249
770.715
804.782
570.796
436.666
536.521
471.254
436.666
806.397
803.793
806.553
806.240
436.354
770.611
804.001
805.094
471.045
436.562
804.469
468.753
804.626
436.249
804.001
573.141
436.301
571.109
807.595
436.614
470.420
436.353
770.560
469.742
436.510
539.490
470.367
539.282
470.472
802.543
804.730
539.334
470.784
436.301
436.770
804.365
573.193
770.404
770.351
804.469
471.305
539.543
539.439
470.680
539.282
470.316
804.157
539.230
770.820
470.472
572.255
539.022
803.637
469.951
804.470
770.611
770.455
471.306
804.417
436.249
470.107
573.713
536.209
472.659
436.458
470.784
572.254
436.562
805.199
468.961
539.387
804.678
470.732
805.720
539.438
805.720
574.234
436.770
470.784
804.366
539.386
770.351
468.545
573.453
805.928
539.543
803.792
471.722
799.886
770.403
770.819
804.730
804.418
805.459
572.047
436.509
471.826
436.510
804.210
804.782
804.886
803.115
437.083
436.406
804.313
574.807
539.282
804.522
571.109
436.562
570.431
804.730
573.713
770.664
436.561
804.834
572.567
803.844
539.282
470.107
802.699
800.459
770.508
540.012
685.184
819.054
539.438
787.176
804.157
804.001
804.782
804.522
573.453
436.353
572.203
436.301
470.993
436.875
770.663
573.192
470.784
539.387
573.348
573.349
538.449
470.576
539.231
436.666
550.273
805.355
436.510
802.750
466.409
770.559
436.875
573.193
436.354
571.369
804.573
436.510
804.730
471.878
804.991
436.250
805.981
572.307
804.574
805.407
539.490
572.567
436.510
437.135
464.274
770.872
770.767
571.213
572.984
540.168
804.834
1357.764
800.198
538.969
571.890
804.470
539.386
571.733
804.626
471.045
436.457
573.036
436.458
805.042
471.097
539.439
804.730
470.263
804.522
804.782
539.334
804.730
803.063
804.835
804.261
436.145
432.655
466.878
436.562
573.140
539.490
770.924
471.306
570.484
536.469
804.730
804.938
804.469
436.510
436.562
804.626
575.433
436.197
572.723
536.261
771.080
470.316
806.188
436.509
574.078
573.297
805.199
436.718
573.453
804.626
802.387
436.614
470.628
805.824
539.386
806.397
469.951
436.302
470.889
539.490
770.924
470.576
571.630
770.456
436.562
572.828
806.970
770.351
770.403
573.141
804.522
436.613
539.126
802.907
573.349
436.457
471.983
436.614
804.730
472.868
539.386
770.716
470.420
436.614
436.719
573.037
436.613
573.661
573.453
539.230
470.628
436.301
804.418
803.271
804.678
802.907
436.614
770.403
572.724
470.004
806.293
436.666
805.147
803.948
569.859
436.406
804.105
464.482
436.353
470.993
436.249
805.563
471.357
803.480
770.455
436.771
463.284
539.490
470.836
539.230
802.855
468.701
576.057
770.767
771.028
804.001
572.515
436.510
770.612
805.147
470.628
802.438
805.511
770.351
539.803
803.167
802.699
572.671
436.562
468.753
539.335
804.001
469.743
539.282
436.770
804.158
853.746
571.369
770.663
436.771
469.534
770.768
539.699
573.765
539.543
770.768
804.887
804.887
802.594
574.651
804.730
770.560
770.507
470.837
572.775
770.872
539.959
805.981
802.387
805.251
436.614
804.574
804.730
805.719
573.036
434.478
804.469
575.432
568.036
770.872
771.288
471.202
436.301
436.613
468.806
770.403
771.080
806.137
471.306
804.990
804.365
436.666
470.576
436.510
804.105
803.792
574.911
539.230
805.615
573.452
805.355
436.718
805.303
805.043
805.616
806.710
469.535
770.611
437.604
465.368
539.282
572.880
804.261
436.301
804.262
470.524
804.574
436.301
805.459
572.828
436.562
572.516
573.401
436.562
805.563
470.993
436.822
805.147
804.313
806.189
436.666
771.028
470.316
802.594
803.480
802.594
539.282
471.201
539.387
539.542
469.899
804.313
436.301
572.463
436.457
803.793
572.568
571.370
770.507
770.924
572.255
470.524
457.450
471.305
806.918
539.126
572.984
802.699
804.314
436.301
469.795
539.438
436.250
469.795
770.768
770.872
806.657
470.941
436.562
574.547
571.421
804.261
770.664
436.562
803.845
804.157
436.562
537.198
470.524
797.542
539.334
804.053
803.584
803.167
803.897
539.179
436.979
803.324
804.521
803.063
436.509
571.005
804.261
436.302
803.220
570.848
804.886
804.470
803.167
436.666
573.089
539.387
771.185
470.107
804.522
539.178
436.509
469.899
436.457
470.367
539.387
470.316
803.948
804.574
436.666
572.411
568.660
770.403
436.926
467.971
539.490
804.001
804.574
469.222
771.914
770.716
803.897
804.573
804.731
804.209
804.939
803.375
436.666
572.568
805.147
802.907
805.199
539.542
572.880
573.870
436.510
571.317
567.359
770.820
436.875
805.303
436.666
539.386
804.105
806.032
804.678
804.365
805.356
770.404
770.716
804.522
572.984
436.353
770.455
574.651
468.805
436.302
573.036
436.353
470.576
436.250
539.282
575.223
496.413
539.595
683.778
802.490
436.823
571.317
436.562
539.335
468.753
804.782
539.334
804.678
572.984
539.335
436.561
805.043
573.296
539.387
472.139
539.282
539.490
805.095
470.889
770.560
436.301
470.524
539.334
571.838
435.207
436.770
803.948
574.391
770.559
770.872
804.157
469.170
804.574
436.458
471.045
805.251
436.406
804.834
573.714
806.502
806.762
539.386
571.317
468.128
770.508
770.508
572.984
465.888
436.874
470.212
539.334
572.620
436.614
539.542
469.378
436.353
470.732
435.364
470.628
804.522
539.282
539.490
804.678
470.368
770.768
436.509
573.557
805.980
436.353
804.626
804.626
436.613
770.507
436.979
806.189
804.835
804.470
436.666
470.680
804.678
436.406
471.253
539.334
771.080
572.047
471.201
770.351
770.820
804.313
804.782
573.141
1310.103
468.909
436.458
470.993
572.671
770.820
770.560
470.315
436.354
436.405
470.524
436.249
572.619
436.406
804.001
805.147
804.782
804.834
802.907
436.458
572.619
470.628
770.559
770.559
804.991
470.628
804.522
436.457
571.056
436.562
539.439
804.626
571.265
804.887
799.469
539.282
470.680
539.386
570.119
470.472
474.587
468.441
805.824
539.335
470.576
436.145
803.428
805.459
572.932
435.833
538.709
804.991
574.338
799.000
539.387
571.265
805.668
539.439
469.951
436.406
539.595
573.558
436.614
572.723
468.753
770.403
436.822
470.003
436.561
805.303
572.932
805.511
436.614
472.191
804.886
539.178
468.701
539.439
770.768
803.741
804.053
805.824
471.566
799.626
770.716
771.184
804.053
470.003
804.782
436.406
803.532
804.365
570.901
803.792
539.334
803.845
571.474
539.230
436.614
803.793
805.824
539.490
770.455
573.505
469.639
807.543
436.302
803.116
802.647
436.301
539.595
470.055
801.605
539.334
803.845
470.577
436.562
573.088
436.301
573.609
469.639
436.406
571.786
803.949
805.928
539.283
804.939
804.418
572.098
804.261
539.438
469.326
436.354
469.795
804.157
436.562
539.282
572.567
802.491
539.438
570.848
805.042
539.230
770.351
470.837
804.209
436.562
805.511
470.212
436.249
539.491
805.876
804.834
806.241
436.510
804.470
804.574
469.430
539.491
804.053
806.658
571.838
436.354
573.088
802.490
571.682
770.455
436.562
572.255
436.405
473.232
539.074
770.872
470.576
436.509
539.438
573.037
804.366
539.178
571.630
803.428
804.834
436.406
470.420
436.458
770.820
573.140
467.086
770.664
770.507
804.678
573.141
804.782
436.406
804.678
804.991
804.678
470.472
436.353
570.015
436.406
574.651
471.305
770.663
539.283
572.932
436.666
470.107
436.614
770.715
470.732
806.241
804.365
805.147
436.249
804.262
470.159
800.250
436.718
571.526
539.282
804.313
470.159
436.302
437.186
572.985
539.178
471.045
436.562
803.792
470.889
539.386
538.761
572.776
539.282
770.768
570.223
804.209
803.272
539.386
770.456
804.886
803.323
574.495
539.386
786.499
786.915
572.098
820.774
