160.853
156.320
156.268
156.529
156.321
156.164
156.320
184.709
156.268
156.269
156.372
156.269
182.209
156.320
156.372
156.216
183.511
156.164
156.372
156.321
156.320
184.292
156.372
156.373
156.321
181.532
156.477
156.320
156.321
156.372
186.011
156.373
156.268
156.372
180.438
156.269
156.321
156.216
156.268
184.553
156.216
156.216
156.737
181.219
156.269
156.268
156.217
156.268
184.761
156.268
156.112
156.216
181.688
156.164
156.216
156.165
156.216
189.970
156.216
156.269
156.217
188.095
156.425
156.268
156.164
156.164
189.866
156.164
156.268
156.165
186.376
156.321
156.216
156.112
156.268
189.814
156.269
156.268
156.216
190.387
156.373
156.425
156.268
156.165
156.580
156.268
156.164
156.217
189.761
156.164
156.164
156.216
156.164
156.112
156.216
156.268
156.320
189.345
156.216
156.269
156.269
156.268
156.112
156.216
156.216
156.268
189.188
156.164
156.268
156.216
192.158
156.217
156.216
156.165
156.216
189.554
156.216
156.268
156.268
184.762
156.268
156.112
156.164
156.268
189.450
156.373
156.216
156.216
187.106
156.216
156.216
156.164
156.268
189.553
156.425
156.269
156.320
184.970
156.268
156.321
156.216
156.164
189.814
156.216
156.217
156.164
187.834
156.269
156.164
156.164
156.321
189.710
156.217
156.112
156.164
187.157
156.269
156.216
156.269
156.268
189.606
156.164
156.216
156.216
186.897
156.216
156.216
156.269
156.217
189.605
156.269
156.164
156.373
188.876
156.216
156.217
156.321
156.165
156.373
156.320
156.216
156.268
191.324
156.216
156.269
156.217
156.216
156.373
156.217
156.216
156.216
189.397
156.164
156.217
156.216
156.268
156.269
156.268
156.216
156.164
189.345
156.321
156.268
156.320
156.269
156.320
156.373
156.268
156.269
187.574
156.216
156.216
156.268
156.269
156.112
156.216
156.217
156.216
191.273
156.216
156.321
156.216
156.320
156.216
156.216
156.164
156.269
187.574
156.164
156.268
156.216
156.268
156.372
156.269
156.268
156.164
190.960
156.216
156.217
156.217
156.216
156.477
156.216
156.164
156.269
189.241
156.216
156.164
156.268
156.165
156.216
156.216
156.217
156.269
187.469
156.268
156.268
156.269
156.268
156.476
156.216
156.217
156.268
189.345
156.268
156.216
156.216
181.323
156.217
156.165
156.216
156.164
189.293
156.164
156.268
156.216
185.074
156.425
156.112
156.268
156.321
189.293
156.216
156.216
156.216
185.543
156.164
156.216
156.268
156.216
189.085
156.164
156.268
156.216
184.241
156.320
156.217
156.268
156.268
190.231
156.321
156.737
156.216
186.585
156.268
156.217
156.164
156.112
188.981
156.165
156.112
156.268
188.564
156.320
156.216
156.216
156.268
189.189
156.216
156.217
156.165
185.073
156.268
156.216
156.216
156.216
189.084
156.269
156.164
156.268
183.094
156.372
156.268
156.217
156.164
189.397
156.217
156.321
156.320
184.553
156.164
156.216
156.216
156.268
188.564
156.216
156.321
156.216
189.345
156.269
156.216
156.268
156.269
156.321
156.268
156.269
156.164
188.981
156.217
156.268
156.268
156.217
156.269
156.217
156.216
156.321
187.887
156.269
156.217
156.268
156.164
156.425
156.216
156.164
156.269
189.449
156.216
156.217
156.268
156.164
156.372
156.217
156.216
156.268
183.303
156.320
156.217
156.217
156.216
156.216
156.165
156.165
156.372
190.022
156.112
156.268
156.164
156.269
156.216
156.217
156.268
156.164
182.678
156.216
156.216
156.165
156.216
156.321
156.164
156.216
156.164
189.085
156.268
156.268
156.112
156.165
156.268
156.217
156.216
156.216
188.929
156.217
156.216
156.268
156.164
156.268
156.216
156.269
156.217
188.980
156.373
156.320
156.268
183.459
156.320
156.320
156.164
156.217
189.345
156.268
156.321
156.216
183.407
156.217
156.165
156.269
156.165
188.147
156.165
156.320
156.217
184.449
156.216
156.320
156.216
156.164
189.293
156.217
156.216
156.216
183.147
156.216
156.164
156.164
156.269
188.407
156.165
156.268
156.268
183.147
156.216
156.164
156.216
156.320
187.730
156.268
156.268
156.269
184.240
156.216
156.268
156.269
156.268
187.418
156.321
156.268
156.216
183.407
156.164
156.164
156.268
156.216
189.606
156.269
156.164
156.164
185.543
156.217
156.216
156.216
156.216
188.564
156.216
156.216
156.321
185.595
156.165
156.216
156.216
156.269
187.626
156.217
156.321
156.321
186.792
156.216
156.217
156.217
156.216
189.033
156.217
156.268
156.217
189.137
156.164
156.320
156.216
156.217
156.476
156.217
156.217
156.268
189.449
156.321
156.269
156.164
156.216
156.268
156.269
156.268
156.268
187.939
156.268
156.165
156.216
156.216
156.373
156.164
156.164
156.268
188.720
156.268
156.268
156.216
156.268
156.372
156.268
156.216
156.216
188.460
156.321
156.372
156.216
156.321
156.216
156.112
156.269
156.320
188.303
156.216
156.164
156.216
156.217
156.268
156.321
156.321
156.216
189.293
156.268
156.268
156.269
156.164
156.268
156.268
156.269
156.321
191.481
156.164
156.373
156.216
156.269
156.425
156.164
156.217
156.216
190.126
156.165
156.216
156.320
156.269
156.268
156.269
156.269
156.269
189.293
156.373
156.216
156.425
156.269
156.060
156.112
156.164
156.320
191.376
156.216
156.268
156.217
156.217
156.268
156.269
156.268
156.268
188.877
156.268
156.216
156.216
187.627
156.321
156.216
156.216
156.216
189.814
156.216
156.164
156.216
187.990
156.320
156.269
156.372
156.164
187.679
156.216
156.216
156.269
184.761
156.217
156.217
156.216
156.268
189.867
156.373
156.269
156.268
185.490
156.529
156.164
156.269
156.216
189.189
156.268
156.216
156.268
188.252
156.164
156.164
156.216
156.269
189.032
156.320
156.268
156.372
188.668
156.269
156.268
156.164
156.164
190.439
156.269
156.268
156.216
184.136
156.165
156.164
156.216
156.268
190.127
156.216
156.217
156.216
187.209
156.321
156.216
156.217
156.269
156.216
156.268
156.216
156.321
190.179
156.320
156.321
156.372
156.269
156.320
156.164
156.321
156.216
189.397
156.269
156.165
156.217
156.164
156.425
156.217
156.217
156.216
190.439
156.268
156.217
156.268
156.268
156.425
156.216
156.269
156.217
186.532
156.164
156.268
156.217
156.164
156.528
156.217
156.217
156.164
189.449
156.216
156.217
156.164
156.216
156.373
156.216
156.320
156.216
189.970
156.268
156.164
156.165
156.165
156.269
156.268
156.217
156.112
189.762
156.217
156.216
156.216
156.321
156.216
156.268
156.217
156.216
189.554
156.216
156.269
156.268
156.216
156.269
156.216
156.321
156.216
187.782
156.164
156.217
156.165
156.165
156.425
156.216
156.216
156.216
188.720
156.320
156.164
156.269
186.584
156.216
156.216
156.216
156.216
188.147
156.268
156.217
156.268
183.251
156.268
156.268
156.164
156.269
187.418
156.320
156.216
156.112
186.429
156.216
156.164
156.165
156.216
187.470
156.321
156.269
156.321
184.500
156.269
156.217
156.216
156.165
188.460
156.269
156.217
156.164
187.209
156.268
156.164
156.113
156.268
188.043
156.268
156.217
156.373
185.335
156.216
156.164
156.217
156.216
188.928
156.217
156.216
156.217
182.366
156.164
156.268
156.217
156.164
187.626
156.268
156.164
156.164
185.856
156.164
156.164
156.217
156.164
188.928
156.164
156.216
156.373
186.689
156.320
156.164
156.164
156.269
187.366
156.216
156.216
156.216
188.304
156.164
156.216
156.268
156.217
156.581
156.217
156.321
156.268
189.814
156.216
156.320
156.269
156.164
156.424
156.165
156.269
156.268
189.970
156.269
156.321
156.216
156.112
156.373
156.217
156.269
156.268
189.293
156.217
156.164
156.268
156.164
156.320
156.216
156.216
156.216
189.606
156.217
156.216
156.216
156.216
156.112
156.269
156.216
156.164
188.720
156.269
156.216
156.269
156.165
156.477
156.268
156.216
156.217
189.814
156.165
156.320
156.217
156.268
156.372
156.320
156.216
156.269
188.460
156.165
156.216
156.216
156.269
156.268
156.216
156.216
156.269
189.814
156.321
156.216
156.164
156.216
156.372
156.269
156.216
156.164
191.898
156.164
156.216
156.321
156.216
156.113
156.216
156.268
156.216
189.605
156.217
156.216
156.216
186.220
156.425
156.269
156.216
156.320
190.699
156.216
156.216
156.164
186.324
156.269
156.269
156.268
156.320
189.502
156.216
156.268
156.217
188.615
156.321
156.216
156.113
156.268
189.762
156.216
156.268
156.268
188.876
156.217
156.268
156.321
156.216
189.501
156.216
156.216
156.216
189.189
156.216
156.164
156.269
156.216
188.564
