2138.481
2116.812
2116.603
2115.301
2141.502
2116.343
2149.941
2115.874
2115.457
2116.707
2115.718
2115.770
2116.551
2116.343
2115.510
2115.821
2115.301
2149.055
2115.301
2114.728
2117.280
2117.749
2115.718
2115.301
2116.082
2116.343
2116.864
2115.874
2147.023
2115.562
2149.940
2116.759
2113.582
2115.145
2116.760
2115.978
2115.614
2115.457
2115.665
2152.233
2115.613
2148.118
2115.561
2113.530
2115.353
2115.614
2113.478
2112.227
2114.207
2113.061
2115.353
2112.644
2146.555
2116.239
2116.135
2118.530
2116.291
2115.509
2115.093
2116.343
2115.926
2116.604
2115.301
2147.180
2115.874
2149.003
2116.655
2116.811
2114.780
2115.770
2115.405
2117.384
2115.666
2114.988
2116.291
2116.343
2146.138
2114.728
2115.249
2113.061
2116.343
2115.822
2118.479
2117.801
2114.989
2116.343
2115.614
2149.263
2116.186
2115.249
2113.738
2116.394
2114.571
2113.738
2116.343
2114.416
2116.134
2114.936
2145.878
2115.249
2146.346
2115.510
2117.488
2115.301
2115.457
2116.082
2115.041
2116.134
2115.196
2117.384
2116.239
2147.596
2116.291
2114.260
2114.884
2113.635
2115.248
2112.593
2113.217
2114.155
2113.582
2113.582
2144.054
2115.926
2147.440
2115.353
2113.999
2114.936
2114.728
2115.144
2116.395
2114.936
2113.113
2115.301
2115.249
2149.941
2113.165
2113.947
2115.874
2116.812
2116.031
2116.447
2115.665
2115.613
2114.988
2118.270
2146.242
2117.019
2149.524
2114.572
2114.884
2113.999
2112.280
2114.832
2115.301
2116.239
2113.947
2114.415
2113.113
2146.867
2114.519
2116.082
2116.551
2114.051
2116.604
2114.102
2114.415
2115.093
2115.197
2117.176
2146.867
2116.342
2116.395
2114.832
2115.510
2116.603
2116.811
2114.937
2115.926
2115.978
2113.687
2144.002
2115.978
2151.971
2115.406
2116.083
2117.280
2116.707
2116.030
2116.082
2116.655
2114.780
2117.437
2115.509
2148.274
2115.718
2115.874
2116.603
2115.145
2115.770
2115.822
2115.822
2116.134
2112.801
2114.363
2147.441
2115.822
2148.847
2115.301
2115.562
2114.780
2113.947
2115.874
2118.010
2115.770
2116.447
2116.759
2117.697
2146.034
2118.739
2115.926
2113.895
2114.520
2115.301
2114.989
2116.134
2115.978
2115.978
2114.884
2146.607
2115.926
2117.072
2115.092
2114.988
2115.457
2111.863
2113.843
2114.676
2114.780
2115.144
2113.894
2116.291
2149.055
2115.248
2115.978
2116.134
2115.562
2115.978
2117.957
2116.291
2117.333
2115.145
2115.301
2147.805
2115.353
2115.926
2114.520
2113.322
2116.290
2115.301
2117.332
2115.665
2115.144
2117.749
2149.940
2114.936
2115.822
2115.509
2115.874
2115.718
2115.613
2116.239
2116.186
2115.301
2116.915
2146.138
2115.613
2149.107
2115.718
2115.354
2115.874
2115.614
2115.405
2116.499
2115.353
2114.833
2115.821
2115.458
2152.284
2116.135
2116.499
2115.927
2115.926
2116.499
2114.884
2114.780
2114.363
2114.937
2114.989
2146.971
2114.467
2148.170
2113.425
2116.343
2114.259
2113.269
2114.676
2116.083
2117.280
2115.926
2116.239
2116.290
2148.014
2115.405
2116.030
2114.885
2115.978
2115.249
2116.395
2117.228
2115.822
2116.186
2117.072
2147.856
2115.979
2115.561
2115.822
2115.926
2115.874
2117.228
2116.499
2115.093
2115.614
2116.551
2143.429
2116.239
2148.690
2116.708
2115.822
2115.405
2115.666
2115.770
2114.989
2115.978
2116.343
2115.978
2116.134
2146.398
2115.145
2116.395
2117.124
2115.614
2116.551
2114.676
2115.666
2115.926
2114.728
2114.624
2144.315
2115.145
2115.249
2115.457
2115.093
2115.717
2113.947
2115.040
2115.509
2115.978
2117.229
2144.523
2116.760
2150.826
2113.999
2117.072
2115.457
2113.842
2116.655
2115.718
2115.770
2115.614
2114.780
2115.666
2149.211
2114.416
2114.311
2116.030
2117.229
2115.822
2115.405
2115.874
2116.031
2114.676
2115.978
2146.346
2114.832
2149.524
2115.666
2117.228
2116.395
2116.708
2117.645
2117.072
2114.884
2112.175
2115.301
2112.904
2148.482
2113.634
2116.708
2114.936
2112.957
2114.676
2113.426
2114.467
2116.811
2114.519
2114.051
2145.408
2117.020
2147.336
2114.624
2116.864
2115.822
2116.708
2115.301
2116.916
2116.603
2114.468
2117.697
2116.812
2149.159
2116.343
2115.665
2114.572
2113.269
2115.196
2114.624
2116.499
2113.946
2117.333
2115.249
2148.639
2116.134
2116.760
2115.301
2116.447
2115.145
2116.291
2113.947
2117.541
2116.603
2115.197
2146.450
2115.718
2149.055
2114.781
2116.031
2114.103
2116.864
2117.593
2117.177
2116.342
2114.675
2150.774
2116.656
2149.472
2114.832
2116.447
2116.603
2113.895
2115.613
2115.041
2117.436
2115.822
2114.988
2112.801
2147.284
2112.696
2115.197
2114.936
2117.957
2115.353
2112.957
2117.019
2115.613
2116.811
2114.989
2145.252
2116.915
2149.420
2114.937
2116.552
2115.301
2115.926
2115.718
2115.926
2116.134
2115.822
2114.519
2115.145
2149.888
2117.697
2114.832
2116.395
2114.259
2115.301
2115.770
2114.936
2116.083
2115.874
2115.093
2144.106
2117.384
2148.118
2114.103
2115.145
2116.186
2113.686
2114.571
2113.947
2114.832
2113.687
2151.138
2114.624
2149.836
2116.655
2115.457
2114.415
2115.301
2114.989
2116.916
2115.770
2116.968
2115.510
2114.988
2145.617
2115.249
2116.604
2116.655
2118.322
2116.394
2116.134
2115.405
2115.718
2115.613
2113.790
2146.711
2114.259
2146.867
2113.791
2116.499
2114.311
2113.895
2114.676
2114.155
2115.405
2115.145
2115.041
2117.332
2147.284
2115.874
2113.425
2116.447
2115.718
2115.301
2114.624
2116.447
2116.864
2116.030
2115.457
2142.596
2115.666
2148.274
2115.249
2116.291
2115.353
2117.176
2116.291
2114.468
2117.905
2115.718
2115.353
2115.197
2148.274
2114.364
2116.916
2113.687
2113.582
2114.624
2114.728
2114.311
2117.489
2114.988
2113.373
2139.002
2115.978
2149.367
2113.426
2115.718
2115.613
2113.114
2116.655
2115.301
2113.634
2115.406
2116.759
2114.623
2148.222
2115.457
2116.082
2115.249
2116.187
2115.821
2117.749
2115.145
2115.509
2115.196
2115.509
2149.888
2114.884
2115.510
2114.832
2114.468
2114.676
2116.707
2114.728
2115.248
2115.458
2117.593
2144.679
2114.832
2145.356
2114.780
2114.676
2114.572
2114.832
2113.739
2116.395
2114.780
2115.822
2115.874
2115.249
2146.503
2116.031
2114.259
2117.177
2116.655
2115.353
2116.394
2116.395
2117.020
2116.238
2115.040
2140.616
2116.394
2147.909
2116.551
2116.291
2116.238
2115.613
2115.666
2116.707
2116.864
2113.477
2116.239
2115.926
2148.898
2116.604
2118.738
2115.092
2115.666
2115.145
2114.728
2115.613
2114.415
2116.812
2115.509
2146.659
2115.770
2149.941
2115.613
2115.717
2116.811
2115.458
2116.707
2115.822
2115.822
2115.874
2114.155
2115.666
2146.659
2113.790
2116.135
2116.603
2116.291
2116.239
2116.551
2116.916
2116.447
2116.811
2116.031
2150.565
2116.707
2116.603
2116.030
2113.426
2115.353
2116.290
2115.770
2113.738
2115.561
2116.499
2148.430
2115.927
2116.135
2115.562
2115.406
2116.134
2114.207
2115.613
2116.343
2115.145
2115.613
2143.689
2115.561
2150.879
2114.936
2114.468
2114.103
2114.207
2114.467
2113.530
2114.937
2113.947
2115.926
2116.812
2146.607
2115.040
2117.593
2115.353
2112.957
2115.197
2113.062
2116.186
2116.447
2113.895
2115.926
2114.989
2116.604
2149.055
2117.020
2114.832
2115.822
2115.926
2115.249
2115.665
2117.957
2116.030
2116.447
2116.603
2148.273
2115.509
2112.072
2117.020
2113.426
2113.946
2113.166
2112.332
2113.842
2115.406
2114.728
2112.853
2114.207
2147.544
2115.040
2114.936
2114.155
2113.321
2114.103
2113.165
2115.666
2115.145
2115.822
2117.177
2148.534
2116.187
2115.665
2116.499
2116.447
2115.509
2114.103
2115.353
2115.405
2117.333
2116.030
2146.815
2115.822
2149.160
2115.926
2115.041
2113.582
2113.530
2114.207
2113.530
2114.311
2114.363
2113.634
2114.676
2146.347
2113.478
2113.894
2113.530
2112.749
2115.353
2113.165
2116.395
2116.707
2114.156
2114.728
2143.065
2115.717
2151.764
2116.135
2113.321
2115.197
2115.509
2116.238
2115.770
2116.656
2116.186
2115.718
2114.572
2149.263
2115.145
2116.499
2115.405
2114.988
2113.582
2117.072
2113.321
2114.780
2116.395
2116.238
2141.814
2114.363
2148.899
2115.249
2115.197
2116.290
2115.145
2114.676
2114.676
2115.509
2112.019
2113.999
2115.926
2146.607
2116.031
2115.613
2116.135
2115.822
2113.791
2116.186
2115.249
2115.718
2115.874
2114.467
2143.273
2116.030
2148.013
2117.333
2115.978
2116.134
2112.123
2115.092
2113.530
2113.009
2115.093
2114.103
2113.010
2148.117
2117.489
2113.322
2113.165
2113.009
2114.885
2113.895
2114.155
2115.197
2114.728
2117.072
2144.888
2115.301
2149.992
2116.083
2115.770
2116.551
2114.728
2115.509
2113.999
2115.613
2115.874
2115.769
2115.353
2147.753
2115.301
2115.301
2114.884
2113.946
2112.592
2114.311
2114.155
2113.269
2115.665
2115.354
2142.752
2114.051
2148.066
2115.145
2115.249
2115.666
2116.030
2116.030
2115.926
2115.822
2115.353
2113.998
2113.686
2148.065
2115.718
2115.926
2115.145
2116.499
2115.822
2115.979
2115.561
2115.040
2114.937
2115.301
2143.117
2115.510
2148.586
2114.884
2114.520
2116.239
2113.270
2116.082
2115.561
2114.676
2113.686
2113.842
2113.113
2141.606
2114.780
2115.197
2115.874
2115.926
2115.509
2114.572
2112.957
2114.676
2113.009
2112.280
2142.804
2114.988
2148.118
2119.311
2115.822
2116.239
2116.239
2115.718
2116.655
2116.395
2117.385
2116.655
2116.395
2147.701
2115.874
2116.395
2115.197
2114.833
2114.415
2116.759
2115.874
2117.280
2116.186
2115.197
2148.534
2117.697
2116.238
2115.457
2117.540
2116.135
2115.145
2115.666
2113.843
2117.749
2115.510
2145.096
2114.937
