2836.063
2622.601
2564.051
2615.933
2668.127
2645.624
2634.007
2655.313
2628.018
2644.061
2590.513
2589.054
2574.001
2628.799
2571.970
2638.904
2592.180
2569.000
2642.759
2640.675
2573.324
2586.659
2588.794
2582.909
2552.332
2591.867
2630.987
2650.469
2553.113
2569.052
2679.065
2579.939
2586.189
2580.199
2584.575
2592.545
2592.128
2589.993
2593.170
2552.071
2542.383
2581.241
2613.746
2564.676
2573.949
2610.203
2655.834
2615.412
2556.135
2569.574
2560.249
2556.916
2589.471
2583.221
2694.953
2597.389
2635.883
2580.043
2578.741
2587.284
2555.457
2554.311
2642.186
2617.183
2650.364
2583.168
2598.587
2583.273
2589.940
2573.532
2603.223
2612.287
2599.680
2572.542
2582.596
2612.495
2620.517
2601.140
2593.118
2637.394
2571.657
2563.323
2580.616
2573.427
2572.751
2596.400
2618.121
2584.731
2586.450
2572.490
2565.823
2538.268
2640.571
2549.623
2601.296
2583.533
2621.819
2600.515
2586.815
2586.711
2600.619
2582.179
2590.201
2556.239
2594.108
2614.110
2592.753
2596.139
2653.072
2631.351
2625.726
2552.384
2573.532
2693.806
2582.231
2623.903
2581.085
2622.236
2660.313
2668.647
2612.912
2606.661
2572.125
2588.013
2560.562
2599.317
2605.776
2574.678
2572.177
2662.918
2654.531
2595.202
2590.357
2650.104
2592.389
2580.252
2568.324
2591.607
2565.615
2615.568
2635.362
2647.708
2605.046
2586.450
2620.048
2601.973
2639.998
2700.162
2613.120
2581.502
2562.281
2656.875
2619.736
2580.824
2545.508
2663.386
2643.436
2605.515
2583.533
2669.741
2688.754
2615.308
2635.414
2666.355
2579.314
2612.963
2625.830
2622.860
2562.542
2584.523
2571.396
2608.589
2603.276
2617.287
2580.929
2581.815
2581.762
2613.120
2603.743
2589.055
2564.573
2585.929
2553.998
2639.425
2583.689
2656.614
2604.942
2591.920
2598.587
2633.070
2612.286
2553.842
2662.761
2578.637
2592.858
2555.405
2621.975
2605.515
2653.698
2645.155
2610.724
2600.306
2644.687
2604.942
2589.315
2587.179
2548.685
2569.989
2639.894
2585.461
2617.860
2583.273
2587.701
2593.221
2571.032
2594.472
2544.414
2553.321
2589.107
2587.284
2582.804
2602.442
2661.251
2636.248
2591.034
2574.991
2566.969
2565.198
2575.511
2628.174
2634.893
2621.610
2582.387
2590.878
2582.595
2629.737
2553.633
2583.637
2561.239
2567.751
2555.926
2608.536
2651.093
2611.870
2586.711
2590.409
2631.560
2605.203
2662.032
2570.980
2611.140
2589.732
2587.336
2641.873
2613.537
2622.080
2560.301
2649.635
2578.168
2624.371
2651.771
2607.911
2572.438
2551.810
2574.990
2617.339
2555.978
2553.999
2571.969
2622.340
2607.599
2581.397
2621.559
2554.988
2556.968
2568.583
2598.014
2560.561
2597.545
2594.681
2599.525
2623.747
2577.126
2589.003
2554.259
2561.968
2616.089
2594.420
2672.502
2609.578
2608.953
2576.761
2571.396
2585.669
2551.706
2596.451
2552.905
2609.682
2582.752
2631.195
2614.474
2620.152
2584.106
2582.856
2697.036
2548.268
2541.758
2563.010
2550.612
2639.842
2592.337
2585.981
2650.676
2606.192
2569.469
2657.188
2610.880
2646.405
2558.582
2548.634
2608.068
2548.946
2614.630
2611.454
2589.680
2579.991
2593.273
2587.596
2566.500
2621.507
2609.943
2614.006
2572.386
2556.238
2571.396
2621.767
2640.154
2579.783
2600.827
2585.930
2618.329
2576.709
2568.011
2569.521
2621.194
2571.552
2668.751
2717.403
2652.343
2588.326
2667.294
2647.239
2647.968
2657.917
2588.065
2580.720
2561.499
2552.800
2542.539
2578.377
2657.552
2700.735
2642.602
2585.513
2570.615
2584.159
2617.026
2550.717
2619.006
2624.997
2586.450
2588.012
2623.538
2599.056
2585.460
2625.726
2602.181
2611.453
2590.357
2614.839
2587.961
2615.412
2579.678
2550.248
2544.466
2615.360
2615.672
2575.668
2604.942
2580.459
2602.546
2609.631
2573.845
2545.612
2625.621
2623.226
2649.948
2568.063
2593.118
2614.214
2606.088
2629.580
2624.423
2554.363
2554.519
2640.624
2663.960
2627.549
2594.993
2632.185
2573.167
2666.408
2605.047
2644.947
2601.191
2613.537
2579.731
2619.110
2545.612
2625.570
2661.251
2600.149
2596.139
2558.999
2576.866
2634.373
2588.638
2614.214
2661.042
2607.598
2680.785
2600.983
2593.795
2564.885
2563.844
2555.718
2639.686
2621.402
2608.901
2602.389
2626.195
2626.664
2590.825
2598.848
2581.762
2542.643
2607.130
2650.364
2594.160
2589.419
2591.972
2577.074
2566.240
2570.199
2577.960
2587.544
2648.332
2621.454
2666.773
2601.244
2648.385
2612.964
2612.807
2604.577
2573.115
2559.155
2654.427
2632.966
2600.463
2565.614
2572.021
2588.951
2587.909
2581.294
2596.711
2557.748
2587.180
2596.972
2599.368
2574.835
2545.508
2585.252
2574.210
2604.890
2573.740
2550.717
2568.897
2607.807
2569.365
2540.924
2657.292
2573.844
2629.008
2614.214
2610.463
2667.449
2584.263
2580.408
2610.672
2552.436
2596.139
2571.397
2654.687
2590.410
2576.709
2581.658
2595.045
2725.945
2620.413
2600.358
2617.964
2610.412
2578.741
2575.303
2624.892
2604.942
2626.559
2661.615
2604.995
2628.643
2604.682
2579.575
2579.470
2548.686
2542.018
2591.659
2625.048
2598.483
2637.133
2616.037
2574.209
2562.697
2591.608
2557.489
2573.740
2628.695
2617.652
2657.448
2673.856
2644.061
2575.615
2613.693
2591.660
2585.721
2615.725
2556.551
2596.087
2608.380
2571.969
2613.433
2613.537
2576.658
2595.305
2589.628
2594.836
2638.279
2565.407
2562.958
2567.021
2593.899
2628.799
2618.225
2633.904
2587.283
2594.576
2584.002
2569.678
2627.601
2580.877
2625.778
2585.252
2600.983
2586.867
2671.982
2608.432
2582.648
2577.230
2586.190
2606.713
2574.522
2594.264
2577.282
2622.132
2696.619
2655.208
2638.175
2600.149
2598.744
2600.566
2582.231
2559.051
2586.398
2555.145
2604.578
2630.206
2639.269
2628.279
2593.482
2584.002
2613.328
2639.321
2669.169
2653.437
2661.927
2576.188
2565.927
2593.482
2612.495
2648.176
2644.374
2603.171
2596.868
2638.487
2700.266
2630.049
2582.127
2609.683
2542.643
2600.827
2579.991
2584.783
2591.191
4146.009
2569.677
2591.450
2614.214
2590.253
2562.802
2624.320
2611.454
2662.865
2611.453
2608.797
2620.881
2605.567
2633.019
2580.252
2575.303
2620.257
2608.432
2568.896
2640.675
2581.710
2609.422
2644.842
2578.585
2594.107
2661.146
2597.494
2619.318
2584.888
2590.045
2549.571
2579.679
2635.310
2658.802
2594.107
2598.066
2608.119
2614.057
2606.765
2592.962
2564.625
2572.803
2613.537
2595.045
2579.157
2587.752
2622.861
2574.001
2596.243
2590.721
2550.873
2569.208
2557.749
2576.189
2597.337
2619.267
2633.175
2612.600
2619.839
2617.808
2609.317
2610.880
2656.407
2692.192
2584.158
2540.924
2577.804
2545.300
2638.539
2664.897
2715.840
2655.937
2706.464
2655.573
2709.017
2610.307
2587.284
2618.120
2591.138
2585.044
2572.282
2636.508
2546.289
2589.054
2589.784
2647.395
2607.598
2675.524
2657.657
2675.315
2621.923
2598.587
2650.103
2673.231
2603.327
2550.665
2600.983
2588.326
2599.421
2541.914
2595.931
2628.018
2652.344
2632.862
2598.900
2668.491
2607.338
2559.260
2579.262
2557.645
2556.707
2606.609
2603.796
2698.807
2632.602
2606.192
2609.057
2597.389
2597.129
2577.960
2568.739
2554.154
2589.054
2581.970
2631.195
2591.555
2617.391
2580.877
2575.616
2618.902
2610.985
2640.051
2578.793
2629.893
2553.894
2615.255
2656.198
2600.931
2687.504
2692.192
2585.304
2608.327
2604.629
2643.436
2583.377
2593.326
2572.646
2621.299
2556.030
2617.183
2592.492
2602.442
2600.359
2670.262
2583.064
2621.193
2576.605
2578.168
2586.502
2605.775
2627.705
2606.192
2599.785
2646.770
2616.089
2622.027
2578.741
2637.706
2590.722
2619.839
2603.640
2621.662
2549.884
2619.371
2650.468
2661.147
2708.131
2658.490
2673.439
2608.537
2634.321
2587.857
2606.036
2577.439
2589.679
2568.219
2571.188
2607.130
2635.936
2721.310
2630.622
2589.419
2660.730
2664.741
2613.328
2646.353
2582.908
2563.479
2547.540
2555.353
2637.342
2636.404
2644.843
2594.784
2595.201
2580.980
2596.816
2552.280
2546.914
2577.335
2656.355
2589.472
2582.856
2617.756
2576.762
2604.005
2590.409
2594.629
2565.093
2609.005
2563.896
2575.668
2581.397
2579.158
2627.549
2613.276
2571.970
2673.596
2604.630
2591.347
2590.566
2555.248
2545.091
2567.229
2587.648
2610.828
2613.693
2665.782
2610.672
2633.851
2668.856
2661.668
2696.619
2592.544
2563.010
2641.665
2605.411
2595.722
2631.768
2562.698
2548.737
2619.944
2575.355
2612.339
2597.545
2597.910
2536.497
2553.217
2605.046
2566.552
2619.007
2584.471
2623.017
2587.440
2609.109
2635.102
2605.619
2609.734
2576.085
2558.061
2560.613
2574.730
2553.478
2608.953
2587.648
2723.706
2638.227
2658.698
2598.014
2609.942
2586.346
2563.531
2574.000
2556.082
2546.341
2574.730
2602.754
2597.493
2599.785
2590.877
2688.754
2603.379
2585.096
2572.594
2551.237
2554.467
2629.945
2661.094
2657.188
2551.342
2660.261
2636.352
2621.611
2574.938
2560.614
2571.136
2589.472
2624.163
2621.090
2593.639
2604.942
2582.804
2606.401
2617.027
2552.071
2570.407
2551.081
2560.457
2644.217
2665.626
2614.266
2575.772
2593.743
2611.974
2606.400
2555.822
2545.872
2559.728
2637.967
2649.271
2640.311
2596.920
2621.506
2571.344
2589.889
2624.059
2603.171
2627.028
2560.354
2618.850
2560.458
2627.132
2580.251
2597.858
2609.942
2575.407
2560.093
2558.739
2563.271
2545.873
2642.967
2599.160
2669.273
2599.369
2655.677
2624.423
2587.336
2568.896
2550.040
2594.212
2648.281
2619.058
2615.412
2633.644
2618.277
2658.074
2665.782
2611.662
2592.076
2585.252
2530.818
2614.110
2610.516
2649.114
2562.229
2582.388
2608.484
2601.504
