163.092
115.795
122.670
89.698
134.495
139.548
121.264
45.630
137.099
117.202
104.752
131.787
137.672
95.428
120.744
135.068
155.122
128.922
100.429
118.347
128.661
123.348
123.921
123.608
114.076
120.274
134.443
125.067
128.401
164.134
128.140
92.563
116.107
139.131
103.554
110.743
122.775
120.379
131.995
131.995
125.015
124.077
132.932
106.992
120.015
175.490
121.577
127.411
124.077
94.855
160.696
121.368
121.629
137.829
113.451
137.308
120.170
128.244
157.623
133.661
108.138
127.411
116.055
167.676
107.148
136.943
121.994
119.389
129.546
76.207
133.974
114.805
130.901
103.970
89.959
123.087
99.856
93.084
127.359
121.993
69.175
139.443
137.307
121.994
127.307
131.839
130.901
148.247
112.670
121.420
140.016
137.516
163.874
117.046
118.712
136.995
134.026
115.430
119.546
122.619
167.207
124.077
126.474
110.013
124.025
126.109
132.099
117.722
136.162
123.452
130.015
120.327
101.834
134.755
128.765
79.228
156.998
125.119
116.629
137.724
117.410
117.357
117.879
128.713
148.194
107.304
133.297
134.183
116.004
137.933
132.151
120.431
119.858
120.222
123.713
87.250
107.304
94.855
135.120
121.890
77.718
134.963
106.575
135.276
112.878
125.275
101.366
129.859
158.039
135.849
117.826
93.605
136.787
128.661
84.333
139.443
159.134
83.812
134.808
133.766
56.361
139.287
128.088
136.735
157.258
120.692
83.812
122.202
131.735
63.914
124.598
136.058
119.285
124.702
121.369
117.723
116.055
103.970
132.046
118.764
115.378
121.264
41.516
106.576
125.328
137.985
69.279
91.313
172.781
128.036
115.430
104.648
122.150
133.141
121.941
112.305
163.092
93.136
130.015
136.682
133.610
130.901
90.688
136.787
167.103
94.281
102.720
114.597
133.922
84.384
122.202
131.057
78.342
101.991
107.356
166.373
112.149
121.890
126.056
102.825
126.421
123.348
109.804
171.114
113.971
69.487
100.064
53.236
131.110
119.389
102.824
137.985
132.672
124.859
95.584
118.712
41.619
81.989
110.899
81.103
113.295
114.544
118.555
113.920
86.052
148.768
131.526
120.952
92.407
136.683
133.401
130.901
116.837
155.799
110.117
101.366
126.109
124.650
125.953
109.336
131.526
157.154
130.067
133.661
125.327
129.182
156.165
100.429
106.523
163.040
126.421
97.304
128.609
114.024
128.661
63.966
139.444
162.102
135.380
132.203
108.554
97.355
82.510
110.795
130.171
177.156
135.433
135.172
118.555
134.130
135.173
93.031
122.827
127.463
135.485
109.388
71.259
78.551
126.005
117.358
137.569
86.729
111.732
112.305
134.912
120.796
136.891
110.638
118.139
163.561
104.387
143.402
137.412
110.065
126.785
107.305
104.648
157.623
99.804
129.443
138.454
134.183
169.811
100.272
135.276
119.910
126.526
130.328
97.980
129.130
153.507
126.108
132.203
126.161
128.817
173.042
131.578
133.401
132.724
135.536
117.306
131.214
130.797
53.704
131.318
133.922
129.286
137.621
107.512
116.941
127.515
108.919
119.284
129.495
113.347
57.455
137.047
133.401
118.816
156.477
120.639
126.473
115.847
135.328
101.158
130.276
125.067
94.334
116.577
119.962
137.672
137.933
161.165
118.452
130.797
134.026
116.733
116.160
135.536
129.547
167.780
129.599
126.109
118.086
132.829
171.062
127.880
130.953
83.655
130.276
122.149
124.129
85.166
104.596
136.891
119.493
135.015
102.095
89.230
120.639
123.920
146.528
101.314
132.151
110.482
122.671
116.003
120.587
69.591
104.804
114.909
81.468
156.893
106.887
85.479
117.253
111.524
136.110
83.864
107.877
158.977
68.862
45.109
166.322
122.983
121.056
131.630
93.188
129.182
131.109
130.380
108.346
105.273
124.025
135.381
132.203
108.711
105.220
93.813
166.582
124.337
132.672
96.522
134.338
131.891
131.890
120.379
153.247
119.806
122.150
117.409
117.514
140.746
120.744
107.304
167.468
129.911
131.058
102.043
129.182
116.524
135.016
107.930
128.452
131.369
131.474
138.037
137.725
141.110
81.936
141.839
120.223
107.408
137.881
108.710
131.630
140.069
132.880
126.994
135.433
125.223
120.691
118.660
132.151
169.239
53.600
107.357
108.971
117.931
100.220
132.463
118.660
138.871
109.336
133.036
125.431
112.774
126.838
89.125
118.816
150.538
137.308
133.558
134.964
136.683
154.862
131.942
114.910
131.370
115.535
98.189
114.180
121.264
153.821
133.818
98.137
128.140
128.765
133.402
107.460
95.324
122.514
134.547
98.397
43.234
131.422
117.878
129.703
136.110
132.933
110.013
130.693
131.369
116.681
123.868
101.261
108.085
92.302
132.151
86.104
151.320
133.714
107.356
120.118
123.608
137.517
138.089
119.441
153.143
126.005
133.661
120.275
116.160
106.835
124.025
122.619
131.630
93.136
108.190
114.076
98.606
124.390
111.263
133.870
151.215
123.660
108.086
115.326
135.120
130.900
86.938
119.702
160.227
119.077
134.703
80.374
110.378
126.265
127.984
112.825
164.498
134.808
116.315
137.464
110.065
111.211
126.733
124.598
129.651
111.940
102.043
93.293
109.388
89.802
108.033
135.380
157.154
92.094
107.356
109.700
55.006
143.975
134.600
122.723
152.153
128.817
127.255
92.772
128.453
131.786
119.910
117.618
147.100
123.817
133.401
131.422
118.660
87.354
114.024
132.412
145.278
105.534
134.286
114.597
105.481
100.429
129.963
137.412
100.637
133.297
109.283
165.852
133.713
103.554
118.556
135.120
156.217
100.220
116.836
129.963
104.179
121.681
129.547
120.535
170.489
132.098
128.817
131.266
92.563
142.621
135.433
122.932
93.084
126.421
117.931
130.380
129.234
163.457
87.250
93.448
143.715
103.189
131.578
99.752
136.839
135.693
123.452
117.149
131.891
116.889
119.545
114.962
120.899
149.393
125.639
133.401
116.680
130.484
128.192
122.046
102.564
136.891
136.839
104.439
124.859
95.428
107.512
111.888
121.681
150.591
100.272
113.815
140.277
116.264
114.388
136.996
117.409
163.040
103.189
95.480
145.173
131.786
120.639
116.316
125.223
125.275
121.681
106.627
141.006
86.989
117.149
132.099
108.450
138.089
122.984
101.002
138.506
120.015
137.985
117.409
120.743
163.613
98.553
102.044
161.529
133.349
88.813
97.251
119.597
134.234
127.568
131.318
150.538
130.171
122.306
120.222
116.472
179.500
137.100
107.513
96.261
124.077
130.953
121.213
125.431
149.809
118.920
127.411
129.859
108.710
124.598
95.116
131.943
154.080
125.119
121.524
93.448
129.755
105.429
134.912
106.002
150.331
121.316
135.433
122.098
126.161
167.103
115.847
125.379
117.722
91.678
123.140
85.948
86.989
137.985
141.475
135.954
113.399
126.317
132.151
129.807
123.504
161.581
109.179
132.724
117.566
83.134
107.460
109.075
137.308
161.738
132.307
114.649
131.734
133.922
110.013
95.740
126.004
152.153
100.793
131.942
90.688
107.252
118.712
131.891
123.399
170.124
120.430
68.498
135.537
100.741
107.252
133.297
79.124
113.347
128.296
112.825
140.329
136.839
137.568
130.015
129.807
149.601
127.515
105.325
132.203
113.295
129.807
141.475
132.828
104.752
101.470
133.401
123.921
123.296
134.338
118.921
130.901
95.272
121.994
53.131
124.911
116.889
75.999
135.432
136.057
110.742
121.577
126.473
132.724
104.127
125.067
124.858
104.335
146.736
133.505
134.964
134.130
124.598
83.708
125.901
124.806
152.101
103.606
134.339
136.683
134.182
52.402
122.775
123.452
154.446
110.326
92.042
137.464
116.941
132.464
126.369
89.542
151.997
127.046
116.160
136.526
87.771
164.603
120.430
122.671
122.098
134.964
115.430
131.995
135.328
166.582
138.037
100.428
124.338
128.088
100.898
93.293
122.046
126.109
101.575
136.318
129.807
137.047
126.733
107.981
132.829
120.327
134.131
128.035
133.089
106.627
145.330
132.985
91.625
137.516
134.026
120.587
118.556
121.472
163.145
139.495
138.350
132.204
131.057
131.683
141.996
65.164
129.546
132.880
68.758
138.662
129.963
161.373
136.370
125.119
122.722
132.047
116.003
125.015
130.692
170.437
125.223
128.713
129.442
93.031
163.666
124.441
100.221
73.342
119.493
116.108
111.472
94.751
127.410
133.974
108.086
167.572
43.443
127.619
84.905
64.956
120.848
83.343
123.556
125.744
139.548
120.014
130.171
93.344
104.492
156.998
60.736
114.128
126.890
121.941
81.625
130.693
133.974
161.530
132.672
137.360
130.015
118.816
133.713
129.286
133.193
114.910
135.798
137.152
112.045
121.421
152.570
137.568
87.979
132.776
131.995
124.337
110.274
127.411
