312.902
308.057
269.042
270.188
307.068
270.813
266.594
301.285
269.198
258.572
302.171
265.865
266.855
294.774
270.083
270.292
295.087
267.323
277.012
268.261
277.585
268.417
274.615
267.740
266.542
260.604
309.515
274.094
270.552
299.827
276.960
277.064
327.747
274.980
262.583
300.036
288.888
260.812
305.244
277.220
274.877
297.014
272.116
274.356
334.571
270.397
273.991
297.951
275.709
259.041
312.328
259.457
260.083
304.151
265.865
265.083
261.957
271.334
262.635
259.093
307.275
267.479
267.427
298.942
267.115
257.999
297.639
264.615
269.094
309.516
277.116
264.406
297.222
264.354
278.991
305.140
260.186
265.656
294.826
260.760
271.490
309.984
274.668
275.449
273.105
277.324
267.375
267.792
298.733
271.907
262.271
300.713
273.314
280.293
290.451
276.543
258.937
317.329
266.177
263.937
311.703
267.479
274.042
306.859
260.656
267.688
306.807
269.980
279.668
306.546
277.585
285.659
288.471
273.626
284.252
261.229
265.291
272.740
268.625
307.953
272.948
263.781
311.391
264.614
271.647
306.702
266.229
268.625
289.617
263.104
263.729
300.036
268.365
262.166
308.474
295.399
270.083
310.818
265.552
272.740
291.805
259.562
275.553
312.589
268.104
280.189
268.730
280.137
262.270
275.918
298.941
274.512
260.708
295.139
263.573
264.093
295.555
264.250
270.396
315.349
267.845
262.843
322.382
257.322
276.179
302.171
271.021
282.481
305.557
280.450
269.563
302.900
260.291
267.324
297.951
264.250
263.521
278.419
275.085
277.533
277.793
270.500
278.157
263.416
306.078
262.739
265.916
316.131
269.146
257.895
304.671
262.792
267.896
307.849
273.053
268.365
295.816
270.240
274.355
300.140
271.646
262.114
324.986
280.867
273.626
292.118
255.707
260.082
269.979
261.281
265.343
269.303
296.233
269.772
264.562
327.070
263.416
274.981
297.639
265.657
270.240
300.295
275.658
286.336
295.139
270.866
266.646
303.682
268.834
274.564
302.483
273.314
306.234
307.797
262.791
283.002
300.713
262.687
278.314
291.649
280.763
263.885
267.063
274.616
272.688
263.364
303.577
262.583
266.073
294.566
270.917
276.595
306.755
277.220
282.377
309.568
282.533
270.866
297.379
279.408
271.178
320.403
263.520
265.708
305.973
269.667
273.522
332.487
276.438
277.845
297.066
287.638
264.198
296.337
275.605
268.417
292.274
268.157
264.615
322.121
266.802
262.687
285.294
256.749
265.084
265.812
310.453
257.426
267.167
305.817
280.866
263.104
328.008
270.136
263.781
302.119
262.166
275.865
304.984
283.471
260.812
305.193
268.052
254.769
292.795
268.105
272.949
261.541
267.010
271.438
271.960
303.890
258.155
265.917
297.535
268.052
262.843
306.860
265.917
269.355
304.932
261.541
276.126
306.234
270.605
268.937
297.431
273.053
263.833
298.213
294.253
270.604
299.514
270.084
277.325
294.566
273.574
277.168
263.781
264.927
276.752
269.094
302.171
269.406
287.482
305.922
267.167
263.312
298.889
263.313
262.791
309.828
276.491
269.147
307.016
264.458
274.355
300.453
257.218
263.573
324.100
282.429
269.250
311.235
270.084
283.784
310.922
270.604
273.626
322.590
284.669
257.009
294.045
290.920
288.784
295.295
267.271
269.511
270.293
264.927
259.718
265.447
301.338
278.314
268.312
308.578
269.354
270.292
302.327
271.803
267.949
306.078
260.968
261.281
317.120
267.375
287.170
320.402
270.396
287.378
308.943
271.542
268.001
304.515
280.085
293.264
308.369
264.198
272.793
304.203
264.562
260.395
308.057
260.500
264.927
252.217
304.151
262.479
264.250
296.337
280.502
270.031
301.181
276.126
265.865
308.943
268.677
268.781
296.754
276.491
265.136
299.098
276.335
271.386
316.392
266.594
271.178
297.535
264.979
268.105
308.474
280.502
273.001
278.887
271.438
271.751
271.803
275.033
275.241
276.178
313.422
260.500
264.198
307.328
285.294
273.470
293.160
279.043
280.658
296.129
263.885
266.021
297.951
267.740
267.167
312.276
268.677
267.480
298.681
272.844
268.313
317.434
262.219
281.491
315.923
273.209
269.928
301.911
279.720
278.731
299.046
266.490
262.427
268.885
268.782
260.291
266.177
299.618
261.281
277.325
306.026
277.845
276.959
312.537
279.929
259.718
298.629
275.605
276.387
304.671
275.553
269.928
310.141
274.668
273.938
299.827
272.220
277.637
303.786
266.802
279.616
295.139
263.729
278.001
304.984
272.793
273.678
268.313
261.072
274.824
264.354
291.180
270.969
266.021
298.369
272.480
270.292
314.725
269.199
276.960
311.391
263.833
297.691
300.868
276.282
263.624
297.587
282.429
276.543
315.246
268.782
264.614
308.630
269.146
270.918
300.348
265.396
277.116
267.323
274.043
261.906
264.875
274.771
266.229
267.219
315.975
270.605
270.084
300.243
263.833
270.553
299.775
278.210
276.334
303.578
267.427
267.115
300.972
268.834
265.291
297.691
281.648
264.927
308.057
270.292
271.074
291.806
276.282
264.093
306.651
272.949
261.124
273.417
273.418
270.136
277.428
318.214
260.864
266.802
294.357
282.533
265.291
297.274
271.542
266.698
317.069
273.053
288.628
314.516
278.106
264.511
296.962
285.659
273.262
312.172
264.094
261.906
303.786
261.229
267.844
290.138
282.169
261.437
260.031
272.584
270.396
263.260
302.952
263.365
260.551
296.545
276.074
273.835
295.295
261.333
269.355
302.744
266.490
275.397
301.390
265.344
270.709
310.974
261.541
275.085
301.077
263.938
261.281
311.756
279.199
268.000
267.062
266.125
265.761
267.948
300.452
283.002
262.635
293.837
282.533
266.959
296.128
264.146
261.020
307.067
272.844
271.802
307.171
263.103
290.815
305.296
260.239
271.855
300.399
263.833
271.647
301.181
277.637
261.229
260.031
279.043
286.335
270.292
271.490
296.701
270.553
275.293
264.458
267.845
307.484
278.940
284.721
303.473
262.844
267.167
293.525
268.990
266.229
299.566
268.209
276.334
298.525
257.374
259.822
303.474
282.950
272.115
296.597
262.270
272.532
267.427
268.365
268.886
269.094
306.442
262.895
259.927
310.766
262.010
264.563
311.026
261.697
265.396
304.984
281.231
267.583
297.483
262.218
268.261
293.628
263.573
271.959
306.964
292.430
269.147
316.495
268.470
278.210
298.942
257.791
262.948
257.061
278.783
268.104
269.042
300.712
276.960
268.677
292.117
266.906
276.751
297.952
282.794
267.427
300.452
284.409
268.625
301.650
272.427
267.323
292.587
268.625
269.459
302.848
267.792
270.396
299.932
271.907
274.147
280.033
265.552
265.969
269.354
303.942
272.011
270.969
304.671
258.728
280.814
296.494
277.480
287.170
313.474
272.375
274.042
297.483
258.520
268.678
296.336
266.073
272.584
315.663
278.522
286.336
290.764
271.803
257.062
297.848
257.582
265.448
306.911
276.179
261.489
267.949
267.114
270.553
274.980
297.640
273.053
276.595
291.597
269.875
271.177
304.515
265.344
270.761
304.515
269.303
269.771
324.987
265.760
277.741
316.079
270.292
266.020
306.546
263.677
287.273
302.744
262.896
266.177
302.796
278.678
268.261
269.355
261.802
268.990
263.625
304.151
277.533
275.918
296.389
262.323
267.011
309.984
270.396
269.720
300.400
276.231
275.866
312.433
265.813
293.108
315.766
266.854
266.542
300.244
274.772
269.667
304.828
275.397
264.458
300.036
265.969
272.011
296.962
258.520
271.126
258.468
318.631
271.699
274.199
297.014
268.365
269.772
299.306
261.228
265.083
320.819
274.563
268.522
297.326
262.687
279.773
295.347
272.792
271.334
297.483
267.219
281.804
301.129
272.427
266.021
293.420
265.604
258.988
260.499
275.918
284.409
273.365
294.410
261.489
265.135
305.765
276.074
271.178
301.650
266.230
252.999
299.723
272.376
273.417
303.422
276.699
268.469
312.276
265.500
267.323
306.390
273.209
269.198
294.097
267.271
277.689
282.742
269.563
264.354
262.896
288.003
271.543
278.001
296.545
268.730
270.032
295.973
278.678
275.189
307.068
278.210
271.751
305.817
281.595
267.479
318.475
264.563
273.001
303.994
292.482
267.949
311.026
268.937
268.000
292.586
276.075
262.635
307.171
268.208
279.616
302.379
278.783
255.343
274.251
270.345
288.836
263.625
263.729
276.335
274.563
304.620
264.041
265.760
307.640
282.013
267.375
297.378
276.700
272.063
312.328
264.458
279.616
290.242
275.449
261.802
299.983
262.687
286.596
315.141
265.291
276.387
322.226
281.231
263.104
301.962
266.490
267.010
266.750
263.572
274.511
267.844
300.452
274.564
268.313
311.704
262.948
267.844
301.546
252.322
268.938
303.578
275.762
