29.222
46.568
21.878
21.773
21.930
21.930
21.982
21.669
21.774
21.930
42.036
21.773
21.930
21.826
21.982
21.825
21.981
21.722
21.877
24.795
21.773
21.774
21.721
21.618
21.878
21.617
21.774
21.669
22.034
21.929
21.930
21.773
21.929
21.825
21.878
21.930
21.930
21.253
21.877
21.825
21.930
22.347
21.982
21.878
22.034
21.826
21.826
21.878
21.982
21.826
21.878
21.877
21.929
21.877
21.878
21.773
21.930
21.826
21.930
21.773
22.034
21.826
21.982
43.443
21.773
21.669
21.930
21.878
21.826
21.773
21.930
21.878
45.631
21.721
21.930
21.930
21.878
21.721
21.722
21.877
21.930
17.137
15.887
21.981
21.669
21.773
21.774
22.190
20.992
16.721
17.711
21.721
21.929
21.929
21.982
21.773
21.825
21.773
21.721
21.877
21.669
21.669
21.878
21.877
21.981
21.877
21.929
21.721
21.774
21.878
21.617
21.773
21.877
21.878
21.878
21.930
47.610
21.773
21.721
21.930
21.930
21.930
21.878
21.721
21.878
17.346
21.982
21.930
21.826
21.877
21.773
21.930
21.930
21.878
22.138
22.034
21.930
21.982
21.878
21.982
22.034
21.930
21.982
21.669
21.930
21.826
21.930
21.878
21.929
21.825
21.930
21.826
21.669
21.877
21.825
21.878
21.930
21.878
21.930
21.773
57.246
21.774
21.722
21.825
21.773
21.826
21.878
21.774
21.878
16.096
21.877
21.981
21.929
21.929
21.930
21.877
21.773
21.721
16.982
21.929
21.826
21.878
21.878
21.929
21.929
21.617
21.878
21.252
21.929
21.929
21.929
22.034
21.826
21.878
21.877
21.877
21.721
21.774
21.774
21.721
21.669
21.826
21.982
21.929
53.808
21.826
21.878
21.670
21.721
21.826
21.722
21.773
21.929
17.711
21.981
21.825
21.670
21.617
21.721
21.929
21.877
21.981
21.513
21.878
21.930
21.877
21.825
21.774
21.982
21.982
21.826
21.826
21.878
21.930
21.930
21.825
21.982
21.930
21.878
21.930
21.513
21.877
21.877
21.878
21.878
21.930
21.930
21.878
57.976
21.669
21.773
21.982
21.826
21.982
21.825
21.877
21.825
16.929
21.825
21.669
21.774
21.929
21.929
21.981
21.826
21.878
20.784
21.930
21.826
21.773
21.981
21.981
21.877
21.982
21.826
21.877
21.878
21.617
21.670
21.930
21.929
21.981
21.929
21.877
21.721
21.773
21.721
21.982
21.929
21.825
21.878
21.826
59.122
21.773
21.877
21.878
21.826
21.825
21.669
21.669
21.617
21.357
21.982
21.930
21.930
22.034
21.929
21.721
21.774
21.878
17.137
21.722
21.878
22.086
21.878
21.930
21.773
21.774
21.773
21.721
21.929
21.877
21.981
21.877
21.929
21.930
21.774
56.100
21.929
21.825
21.877
21.930
21.878
21.826
21.878
21.930
15.939
21.826
21.982
21.878
22.034
21.878
21.930
21.878
22.086
21.930
21.981
21.877
21.825
21.930
21.930
21.877
21.929
21.878
21.305
21.877
21.930
21.929
21.669
21.774
21.773
21.877
21.878
21.773
21.825
21.825
21.878
21.878
21.826
21.878
21.825
21.877
21.773
21.878
21.878
21.930
21.878
21.721
21.669
21.982
48.912
21.774
21.878
21.930
22.034
21.618
21.878
21.878
21.930
18.700
21.930
21.930
21.878
21.878
21.982
21.930
21.982
21.773
21.826
21.721
21.929
21.721
21.721
21.826
21.930
21.878
21.930
21.774
21.669
21.929
21.825
21.722
21.878
21.878
21.929
17.502
21.722
21.773
21.825
21.929
21.878
21.930
21.929
21.825
15.627
21.930
21.878
21.981
21.929
21.982
21.826
21.982
21.825
21.305
21.981
21.877
21.929
21.929
21.825
21.930
21.930
21.982
21.774
21.878
21.930
21.878
21.930
21.877
21.877
21.929
21.877
21.773
21.877
21.825
21.877
21.877
22.034
21.825
21.774
51.100
21.825
21.721
21.982
21.826
21.826
21.930
21.825
21.929
20.055
21.722
21.669
21.722
21.773
21.721
21.878
21.669
21.773
18.075
21.774
21.825
21.877
21.929
21.981
21.877
21.825
21.618
22.190
21.930
21.930
21.774
21.878
21.982
21.878
21.878
21.930
21.825
21.825
21.774
21.669
21.670
21.877
21.982
21.825
17.190
21.721
21.669
21.617
21.774
21.669
21.722
21.669
21.721
17.918
21.930
21.930
21.878
21.773
21.722
21.826
21.877
21.877
22.295
22.085
21.877
21.929
21.825
21.930
21.878
21.878
21.982
21.774
21.774
21.930
21.929
21.981
21.877
21.929
21.929
21.929
21.670
21.930
21.825
21.878
21.930
21.930
21.930
21.982
49.641
21.826
21.774
21.878
21.877
21.929
21.825
21.878
21.878
17.658
21.878
21.722
21.722
21.825
21.929
21.981
21.825
21.982
21.826
21.878
21.877
21.825
21.981
21.877
22.033
21.930
21.930
21.670
21.930
21.878
21.669
21.669
21.982
22.033
21.982
21.878
21.721
21.930
21.669
21.878
21.878
21.826
21.878
21.878
58.288
21.825
21.669
21.878
21.878
21.930
21.773
21.981
21.617
22.138
21.721
21.878
21.878
21.878
21.930
21.930
21.721
21.930
21.826
21.669
21.774
21.929
21.930
21.982
21.930
21.722
21.721
21.721
21.877
21.877
21.929
21.669
21.930
21.982
21.826
50.058
21.878
21.826
21.930
21.825
21.877
21.929
21.929
21.877
18.857
21.722
21.878
21.877
21.981
21.981
21.825
21.877
21.878
21.825
21.930
21.982
21.878
21.878
21.825
21.878
21.930
21.982
21.825
21.773
21.878
21.930
21.826
21.669
21.721
21.878
21.930
21.877
21.982
21.825
21.825
21.878
21.878
21.877
21.825
48.860
21.825
21.721
21.877
21.981
21.929
21.825
21.773
21.721
18.700
21.774
21.878
21.774
21.877
21.877
21.721
21.982
21.930
22.450
21.877
21.878
21.878
21.877
21.877
21.878
21.878
21.669
22.242
21.722
21.721
21.669
21.982
21.930
21.930
21.878
57.246
21.773
21.722
21.877
21.877
21.773
21.826
21.877
21.825
15.887
21.721
21.773
21.826
21.878
21.878
21.877
21.825
21.826
21.981
21.982
21.773
21.774
21.982
21.982
21.878
21.930
21.930
21.825
21.826
21.930
21.982
21.878
21.878
21.825
21.981
21.981
21.825
21.982
21.982
21.878
21.929
21.929
21.878
21.982
56.830
21.878
21.774
21.930
21.930
21.982
21.878
21.930
21.930
17.554
21.930
21.825
21.826
21.878
21.930
21.982
21.826
21.877
21.826
21.981
22.346
21.878
21.878
21.878
21.930
21.826
21.877
21.826
21.981
21.721
21.982
21.930
21.878
21.826
21.929
21.877
21.825
21.878
21.877
21.877
21.929
21.929
21.930
21.981
53.079
21.669
21.774
21.825
21.825
21.877
21.722
21.982
21.982
21.826
21.929
21.929
21.877
21.670
21.721
21.825
21.877
21.722
21.825
21.877
21.878
21.878
21.982
21.617
21.774
21.877
21.929
21.669
21.774
21.669
21.982
21.878
21.773
21.721
21.878
53.079
21.878
21.878
22.034
21.981
21.981
21.929
21.825
21.929
21.877
22.034
21.826
21.930
21.773
21.929
21.878
21.878
21.930
21.513
21.877
21.930
21.826
21.878
21.878
21.929
21.773
21.773
21.826
21.930
21.930
21.826
21.721
21.877
21.877
21.877
21.825
21.773
21.878
21.825
21.981
21.982
21.878
21.878
21.982
52.506
21.773
21.670
21.773
21.721
21.774
21.826
21.669
21.721
19.794
21.773
22.086
21.877
21.774
21.878
21.982
21.878
21.930
21.252
21.878
21.929
21.982
21.981
21.877
21.722
21.669
21.669
21.669
21.825
21.825
21.930
21.773
22.033
21.929
21.774
50.892
21.877
21.721
21.722
21.877
21.929
21.982
21.877
21.877
17.346
21.825
21.930
21.826
21.929
21.930
21.877
21.825
21.930
21.096
21.878
21.825
21.929
21.825
21.774
21.930
21.930
21.930
21.825
21.929
21.877
21.930
21.878
21.982
21.982
21.930
21.930
21.304
21.877
21.929
21.825
21.930
21.930
21.982
21.982
57.507
21.774
21.774
21.826
21.877
21.825
21.929
21.773
21.669
17.554
21.721
21.929
21.773
21.982
21.826
21.930
21.826
21.930
21.877
21.877
21.930
21.982
21.930
21.929
21.825
21.930
21.669
21.930
21.877
21.877
21.878
21.930
21.878
21.721
21.877
21.929
21.669
21.878
21.878
21.982
21.930
21.877
21.877
21.930
58.497
21.826
21.721
21.722
21.773
