875.103
11182.462
2852.992
6330.485
31859.740
43.651
126.057
600.019
6455.968
19813.374
16285.928
23863.018
45166.099
81048.761
4390.100
6423.829
2416.014
586.475
23444.167
3937.442
3084.634
51581.385
1106.276
25788.401
2468.312
32791.465
15242.524
9909.708
22684.441
1512.834
3342.320
26395.556
21280.214
1684.625
25225.469
23673.829
3134.901
9461.010
44770.844
14961.657
17059.873
19974.070
2954.306
21527.743
11545.057
1008.973
3871.706
15576.001
10777.623
8241.231
12426.099
56824.816
19311.389
1288.069
7680.331
9472.261
27034.902
2778.243
7574.017
9698.173
24791.409
13471.274
10531.501
9467.938
15916.717
5783.702
8528.400
1120.705
18320.646
17026.223
9145.503
19651.845
11761.229
3579.536
2575.564
2756.106
6661.565
16872.299
17751.517
6398.409
14441.388
9645.510
6600.620
3254.341
11214.289
29663.336
12316.033
18027.592
18144.793
23211.118
8078.347
11724.505
34490.051
21115.247
13302.973
3587.819
4412.134
20317.444
92.302
12505.952
17250.416
8199.715
6577.753
4544.962
3291.534
14225.842
3872.331
17370.795
7945.936
12234.878
3454.001
6967.592
18234.960
18632.090
19699.351
14471.287
1979.921
54318.479
29437.737
15940.523
23434.114
10873.364
4543.712
895.470
24463.454
2096.237
1527.680
17060.342
1395.737
1760.051
13208.430
51.099
52.245
21257.347
7847.903
26879.206
19184.029
1157.480
2293.135
3066.455
536.834
25987.331
11444.681
20585.445
17625.253
14588.802
14016.494
1758.280
18022.279
28528.880
9812.301
793.114
5547.997
49166.257
24873.502
29242.610
128.661
2415.388
1132.737
280.606
25119.051
6136.816
10811.690
3254.707
3054.526
3910.148
31361.297
4074.386
21761.156
5201.602
26289.242
24154.719
6373.406
9938.514
42091.988
10252.353
18207.665
23682.060
19925.159
7101.773
6964.205
10220.005
1946.687
37531.608
1427.512
3315.547
21098.370
28671.710
11105.944
8250.607
15832.437
50146.478
11589.230
18183.548
10337.311
1608.575
2089.621
11080.941
4408.853
19030.991
7763.622
9509.245
13115.138
17450.128
14666.779
7726.847
14349.867
17338.865
16052.828
35142.419
8490.583
13362.146
8890.579
51432.254
15885.881
1886.785
13835.640
11203.402
29110.407
17470.703
10728.347
16969.654
3531.092
1235.458
14066.135
3127.764
4581.946
16762.026
818.951
26761.537
21999.622
13575.870
2018.623
22543.697
27282.536
11694.086
8012.767
7460.722
12973.819
27288.109
10945.716
6207.241
6551.969
10492.538
8680.814
3241.684
20902.670
15660.334
2327.514
5506.795
4145.280
6604.059
17974.356
6385.179
7847.122
2324.858
302.275
21722.194
11248.929
17506.280
24756.769
13989.043
12659.772
28472.937
14744.080
21480.967
5919.395
10231.674
5343.025
3364.094
11439.889
11255.753
12596.118
11753.936
50941.572
23906.669
4366.608
15589.024
16699.936
28553.050
31983.194
8772.335
24120.601
1670.353
46.359
1113.777
5908.352
13223.744
1504.084
1940.697
2775.587
2317.617
3932.182
36094.094
6140.202
6396.275
28222.282
1885.014
243.935
3385.295
6975.665
5806.413
40458.359
54149.502
2835.490
3720.178
10827.890
15119.176
5957.837
23145.226
9081.955
14959.574
284.148
5029.759
1378.131
40475.548
6084.727
8485.062
5407.408
9943.567
4654.350
1774.011
23364.158
6417.162
23056.986
1990.911
13776.154
2145.044
10365.492
50969.700
3606.466
9291.823
700.447
1104.974
4362.128
7094.117
19552.459
4130.330
3519.842
7896.972
5802.819
2170.048
9828.553
6065.663
2424.035
3505.517
463.700
16103.771
17296.725
6666.046
16142.734
1362.035
1544.088
4460.786
30747.527
6678.703
19280.969
9026.584
7942.029
30640.223
14017.641
5842.042
11041.196
7882.751
3592.454
11532.296
32646.658
18807.840
2850.805
4346.450
401.193
3380.763
10697.822
16572.473
3904.939
7126.464
16995.283
58339.423
26127.035
25706.881
2222.501
4587.988
13468.045
13201.295
31425.056
19168.560
10072.385
8195.705
22528.903
6857.162
498.653
18260.432
29135.099
6951.600
4828.225
50508.865
13432.623
9194.833
10763.456
17379.599
8896.360
5157.534
5529.245
31401.771
5956.691
3782.737
11815.871
5963.515
43560.287
7013.170
36398.298
10840.756
7674.915
6625.051
2848.512
353.635
18017.331
5421.733
9509.297
26896.397
18986.976
5646.759
2943.211
34124.280
39404.172
9873.038
11643.558
9650.564
34371.861
16830.159
15147.096
2302.302
16179.353
5302.864
1619.722
6939.984
6327.464
1701.503
8659.926
3554.898
18951.972
61267.112
4580.957
2731.103
9648.063
1500.593
18689.962
41775.649
10124.578
7090.210
4199.036
34058.594
3098.803
15915.364
4387.965
12452.664
329.778
4953.135
11807.536
12642.531
6008.520
15399.157
42536.260
8720.611
470.108
10583.746
21375.070
22643.812
1732.548
24623.213
8544.548
22528.696
1578.363
74390.741
992.201
16691.080
19588.037
14101.140
11103.183
29029.982
33970.460
52980.512
6949.881
27400.623
2241.357
8753.791
20922.620
4710.346
8376.143
6302.305
46704.668
933.287
13273.907
17149.051
2013.935
78563.473
3441.604
8424.534
10570.151
13039.661
30853.635
765.872
11274.922
450.782
14701.211
21167.754
27712.692
31236.908
9286.667
2522.224
202.576
39147.007
549.596
27700.034
5223.116
8569.655
14782.366
7436.292
1178.732
44680.627
9154.151
5381.624
12550.541
30864.781
7078.125
11219.499
16007.042
2854.451
2235.367
333.893
8689.357
10489.777
24438.920
5037.155
37412.480
8121.426
15018.488
19240.756
30090.160
5922.365
4579.862
40287.819
18733.092
3024.940
2301.886
7449.210
8186.538
1771.615
25783.559
6395.024
16135.234
11790.608
25174.528
9376.053
15106.832
6349.914
8211.853
2789.756
10992.702
44913.260
17990.505
1018.297
2688.077
2233.336
5002.516
42505.684
48023.522
16031.733
14849.041
3271.635
3967.863
152487.755
815.773
9664.628
4539.024
176.427
2981.133
14546.714
5038.770
598.351
20663.996
31902.508
423.539
51252.391
1001.212
37304.447
5965.234
27006.931
4396.924
13850.798
5215.666
19753.316
15253.568
37936.239
8067.044
12610.548
11039.009
8282.850
17349.231
2749.178
4876.564
1535.546
46671.593
3073.227
4762.541
5655.093
13192.388
16284.054
4866.719
3030.773
13010.595
27334.210
11584.907
1780.522
878.333
39973.198
5855.846
7656.943
6096.447
20944.551
18090.882
4738.788
5579.564
7514.948
12151.744
20680.769
14601.824
6595.673
6631.146
46561.319
3861.913
789.208
6224.640
45575.891
1712.806
43849.437
13065.549
8967.932
4122.725
2627.080
9514.767
35927.097
19964.071
16572.265
2910.499
7996.515
16691.706
1972.003
8674.824
10642.504
43825.788
1274.837
15267.319
47.610
13794.437
5584.460
1291.767
11903.121
1909.652
14720.223
40046.957
14202.975
8329.731
10356.429
20896.941
15460.779
1205.715
36171.658
22927.441
11423.533
9176.497
3894.626
7766.905
14065.094
12573.252
8126.530
8284.726
432.968
12203.417
11696.221
16212.796
23946.936
10748.402
9580.295
42475.681
49.589
10475.088
10201.618
6473.523
27342.857
10888.991
363.011
12856.879
2047.585
35351.873
1498.093
18704.495
3387.326
5426.629
10227.768
16892.720
9433.612
19060.371
1113.048
76296.229
1371.411
7920.725
30072.189
11164.909
7708.721
11228.563
1618.419
44917.323
80.009
27493.240
12096.686
2308.449
65745.663
1223.217
6092.853
9675.723
2769.389
85662.436
4356.659
8938.084
27036.988
7898.587
22330.964
333.320
86515.662
4574.289
14553.851
18529.631
1689.157
14623.389
4964.127
43232.958
9808.603
13627.074
9510.027
1162.689
39250.145
1171.180
2614.891
8149.866
15652.730
35079.342
4152.416
3590.840
8643.518
17655.674
45092.709
29189.377
26860.249
2998.791
3406.287
9151.026
19882.812
6312.306
38666.431
8598.773
6360.228
5466.738
32238.486
21167.338
15892.550
1420.793
14119.111
5901.477
846.819
27411.511
700.291
12514.599
6432.216
19673.255
8303.218
391.765
6560.878
26050.205
39629.826
20273.847
4383.641
18993.905
18609.954
47126.074
28428.142
4545.171
2869.713
71611.250
43887.411
2374.654
17570.768
4395.778
3915.045
13236.976
2794.028
31941.941
1515.908
2688.859
957.301
10436.490
3421.289
27671.646
22194.073
4093.764
62629.724
5736.093
55036.798
15311.492
16786.145
78937.895
8362.391
13460.232
4513.292
26783.573
5692.233
8295.508
2163.640
23867.968
10571.610
16340.051
11571.051
2705.996
40205.571
7687.625
9237.860
42269.304
28571.127
17676.927
20400.269
8333.222
46093.818
463.492
4465.683
3433.998
523.395
9109.042
26796.335
39633.473
32100.449
42825.932
10219.486
19472.451
769.154
1493.665
23880.626
2261.308
68467.807
2924.511
14327.157
1779.011
33520.877
14406.958
2321.679
33285.172
9930.806
13155.144
14276.266
11911.143
9731.459
12452.249
14963.326
12138.409
38659.504
1442.775
1131.956
1504.449
11623.349
9483.462
532.615
5183.631
13262.344
783.998
12605.809
1018.141
23448.180
10293.193
7355.659
4975.795
4847.446
3944.840
172.468
24826.885
581.266
21052.533
14717.672
5344.224
2555.822
11511.721
4550.744
3671.526
11132.510
12117.158
1933.666
4221.539
7517.761
9728.594
16735.774
5062.003
11364.881
3975.729
12307.179
9715.676
2358.976
47371.259
5046.793
16561.587
4964.960
20570.341
18230.533
22563.284
23919.068
4240.344
3367.949
32722.710
7090.054
7974.638
31263.840
8006.412
20869.959
6112.439
14802.682
38472.242
1230.405
6084.675
41803.311
1326.771
31717.592
4133.455
93920.079
29017.951
4532.670
51318.548
25510.246
3215.066
13749.537
14473.633
3218.921
16580.444
5021.582
2902.322
213.671
38239.143
2122.229
21177.913
4065.427
10127.860
7145.061
23817.651
12318.222
33044.519
33441.493
5758.075
1821.048
7731.016
18314.919
6955.819
30718.204
22693.508
959.800
1917.466
31389.950
835.880
62343.494
4990.379
40746.677
498.132
18792.684
940.424
12924.649
34271.123
59544.361
11583.240
12478.086
8557.415
23414.790
4420.208
3301.327
716.074
8926.573
13734.795
8502.617
2243.858
35082.260
57642.002
6828.201
28697.237
19221.380
4360.045
3291.742
4924.643
8111.946
1123.726
33.858
5599.514
5681.242
21222.397
23789.679
19703.207
43069.972
