175.177
27.504
291.701
231.434
320.090
291.545
291.544
228.621
171.218
291.596
261.593
290.295
291.649
291.544
285.606
261.749
261.437
291.544
259.666
291.545
231.486
261.593
319.621
261.385
201.483
289.305
231.381
291.493
261.437
320.089
291.441
231.381
289.513
260.239
291.597
291.545
288.732
291.544
261.437
319.829
261.385
291.493
288.159
291.753
201.430
261.385
289.722
291.597
291.545
285.242
291.649
291.441
291.545
289.201
261.489
291.597
319.464
231.434
261.489
291.389
318.214
261.489
261.489
259.510
201.274
261.437
261.489
290.191
291.545
261.593
254.978
291.701
261.489
261.437
319.621
291.545
291.441
259.405
261.437
291.493
261.437
294.462
261.489
291.544
294.410
261.437
261.385
291.493
261.490
291.649
261.333
294.722
231.381
291.493
290.451
291.805
201.378
261.542
234.611
261.437
261.489
231.433
323.684
291.649
231.329
324.777
291.493
261.489
326.862
291.597
291.440
261.645
326.080
231.382
291.441
292.534
261.541
261.541
261.489
324.413
261.489
261.437
325.403
261.490
291.545
231.381
324.882
261.437
291.441
263.468
261.542
291.493
231.329
294.409
291.493
231.330
294.305
291.545
291.493
323.475
291.545
291.440
261.437
323.997
291.492
261.437
295.035
261.489
291.597
324.413
291.441
291.649
325.611
231.486
261.437
291.545
263.156
291.544
291.493
292.690
291.492
261.593
261.437
324.100
291.493
261.489
294.462
291.493
291.545
261.437
291.649
261.437
261.490
294.774
261.542
291.545
290.294
291.545
261.489
291.649
325.142
261.489
291.492
324.361
291.597
261.489
295.087
291.492
291.441
261.437
294.879
291.596
291.545
324.725
291.545
231.381
323.788
231.485
291.545
291.493
294.722
291.440
261.437
295.764
261.489
261.489
323.007
291.753
291.596
291.493
324.570
261.437
291.597
294.462
261.541
291.597
231.382
261.698
291.493
291.596
324.830
291.493
261.437
323.788
291.492
291.493
324.257
291.493
291.441
319.621
261.697
291.545
261.489
323.997
291.597
291.545
292.222
261.437
291.545
320.820
291.753
291.545
261.490
325.612
291.493
261.385
294.202
291.545
261.489
319.412
261.698
261.490
201.326
294.149
291.597
261.542
291.493
261.906
291.597
261.437
324.205
261.541
261.437
293.368
291.909
291.597
291.440
323.736
201.325
261.541
257.426
261.593
261.593
261.489
294.097
291.492
291.493
324.153
261.490
261.385
261.489
293.784
201.274
291.493
293.056
261.385
291.545
291.544
324.101
291.440
261.437
322.694
291.493
291.493
324.049
291.492
261.541
268.156
291.649
261.437
261.489
322.382
291.544
261.489
227.996
291.753
291.493
231.434
292.378
261.385
261.437
292.378
291.545
291.440
291.545
294.097
291.493
261.437
294.201
291.597
261.489
323.684
291.701
291.493
291.492
323.632
261.489
261.437
233.934
291.545
261.490
261.437
323.215
291.545
291.544
294.150
291.441
291.492
293.003
261.437
261.593
261.541
322.746
261.489
291.493
263.990
261.541
291.441
231.382
323.475
261.437
291.492
324.309
291.493
261.437
292.587
201.430
291.545
261.385
324.726
291.545
261.489
287.273
291.649
201.274
291.545
322.799
291.492
291.597
293.472
261.489
291.493
325.559
291.753
231.485
291.493
324.049
291.545
291.493
324.413
291.493
231.330
322.277
291.648
291.545
231.381
293.107
261.489
291.545
324.621
291.545
261.489
261.437
324.465
291.492
261.541
264.459
291.597
261.541
294.879
261.489
291.545
291.493
295.607
261.489
261.593
294.618
291.545
291.492
261.437
261.697
291.649
261.438
294.618
231.434
291.597
296.337
291.597
291.597
291.545
264.510
231.486
261.437
291.805
291.597
291.493
291.597
264.354
231.381
291.597
293.993
261.541
261.594
261.437
264.563
261.437
261.541
261.385
261.593
291.597
261.437
293.941
291.545
261.541
292.014
291.544
291.545
261.541
265.135
291.545
261.437
263.729
291.492
231.486
291.441
294.409
291.493
291.493
294.826
231.381
261.333
261.385
264.198
261.438
291.545
324.673
291.597
291.701
294.202
291.545
261.437
291.597
324.986
291.544
291.545
264.354
261.385
261.541
291.492
231.694
261.490
231.330
294.254
291.440
291.493
201.326
293.837
291.596
261.437
294.149
291.493
291.493
261.541
262.895
291.493
261.437
324.257
291.544
291.441
322.434
261.489
231.381
291.493
324.257
291.545
261.541
322.381
291.493
261.489
324.466
291.597
291.493
201.378
295.764
261.489
261.385
141.162
324.101
261.489
171.166
325.299
231.381
291.440
261.437
324.413
291.597
261.542
292.795
231.329
291.545
291.544
293.733
261.438
231.382
323.893
261.490
291.545
231.433
263.833
171.166
231.381
291.493
294.253
291.440
291.441
294.201
291.545
291.441
325.819
231.330
291.492
261.489
324.309
261.593
261.489
294.462
261.490
261.490
291.493
261.698
291.492
291.597
324.569
231.434
261.489
171.270
293.264
291.544
261.489
293.993
231.434
291.545
231.381
264.406
231.381
231.433
291.441
291.858
291.544
231.433
233.153
291.597
291.493
297.535
231.642
291.493
261.437
198.669
261.645
291.493
291.441
294.305
261.541
291.492
293.472
261.541
291.544
231.485
293.993
261.437
261.437
294.462
261.541
291.649
231.434
294.410
291.545
261.438
324.518
261.541
261.437
261.542
231.641
261.437
231.381
324.778
291.544
231.329
231.434
295.191
291.597
261.489
294.254
261.593
291.597
231.277
325.142
291.492
291.597
294.514
231.329
261.437
261.437
324.465
261.385
291.545
293.941
261.437
201.326
201.326
324.517
261.385
261.437
289.514
231.434
291.493
261.385
294.723
261.541
261.333
292.952
261.594
261.490
261.437
324.465
231.486
261.437
318.475
231.485
291.545
291.544
294.618
261.489
291.545
293.368
291.701
261.489
291.493
294.827
261.437
261.333
265.760
231.486
291.441
261.541
296.181
261.437
231.330
293.004
231.590
231.537
231.434
201.274
324.725
291.493
261.437
324.309
261.437
261.489
171.218
294.618
261.385
261.333
293.107
261.385
201.378
231.381
324.882
291.701
291.545
292.534
261.489
291.493
261.489
323.945
291.597
291.545
293.941
291.545
261.490
323.007
291.493
291.545
289.148
261.645
261.385
261.489
325.872
291.649
261.489
294.253
261.698
291.545
231.382
294.149
261.437
231.382
318.788
261.437
291.493
291.493
294.305
291.545
291.493
325.299
231.433
261.437
321.444
231.538
291.545
261.489
294.566
291.493
231.433
261.489
231.799
261.489
291.597
324.309
261.489
231.381
261.593
324.830
291.544
261.489
264.354
261.489
261.541
261.541
264.510
291.701
231.381
287.690
291.545
231.329
231.433
326.288
291.597
231.433
325.768
291.545
291.597
295.921
291.701
291.544
231.382
232.424
261.437
291.545
261.437
294.879
231.381
261.489
231.538
291.753
291.493
291.649
292.534
261.489
261.489
324.048
261.489
291.597
261.489
261.698
261.385
291.492
324.101
291.545
231.485
324.778
231.485
291.441
291.545
324.621
261.541
291.441
295.504
261.385
261.385
323.945
261.490
291.597
291.545
324.570
261.437
261.490
292.535
291.597
261.385
322.538
261.437
261.437
291.545
294.306
291.492
291.493
264.822
291.493
291.544
322.017
291.493
261.541
291.544
324.465
291.545
291.492
294.357
291.545
261.437
291.544
261.750
261.489
231.538
294.045
261.437
261.437
261.594
324.205
261.333
291.649
325.924
261.437
291.492
324.413
261.437
201.273
261.385
324.257
291.545
291.596
294.097
291.545
291.544
325.976
231.329
261.489
261.489
264.198
261.542
261.489
231.486
294.253
261.489
261.437
261.177
201.274
261.437
261.437
323.841
291.492
261.437
141.371
294.254
231.485
291.545
325.142
261.437
261.333
261.385
324.205
291.545
261.489
323.944
291.545
291.545
292.535
231.330
261.490
261.385
295.712
291.649
261.489
324.309
291.701
231.433
261.437
324.621
261.541
261.437
293.941
291.492
261.541
261.437
324.517
231.382
261.490
292.899
291.493
291.544
231.381
324.205
261.437
231.329
322.486
291.545
291.492
320.455
261.437
201.274
261.541
294.097
231.381
291.493
318.163
231.642
261.541
291.440
294.305
291.597
291.544
324.674
291.545
261.437
291.545
231.642
261.438
201.378
268.104
291.701
261.490
261.489
293.003
291.493
291.441
322.382
261.542
291.493
231.381
294.983
291.545
261.385
294.097
291.440
261.489
321.340
261.645
261.541
291.493
324.673
261.542
291.545
322.954
261.489
291.493
321.444
201.378
291.597
261.542
324.674
291.597
261.489
267.219
261.593
261.489
291.545
294.098
261.437
261.489
317.069
291.544
291.597
291.597
292.378
261.385
291.441
203.983
291.545
261.489
261.437
