4615.909
4610.908
4588.510
4576.894
4541.368
4564.965
4611.013
4596.479
4667.946
4596.011
4574.862
4622.003
4695.450
4585.020
4640.078
4629.139
4538.139
4582.572
4623.826
4579.341
4642.266
4615.544
4536.837
4620.232
4578.352
4668.988
4638.047
4557.047
4674.353
4588.197
4573.039
4617.471
4648.465
4614.502
4641.849
4592.729
4559.548
4636.276
4628.671
4538.712
4562.778
4600.907
4569.706
4606.064
4537.201
4652.736
4603.511
4619.398
4602.105
4530.899
4589.812
4662.789
4455.838
4554.547
4476.413
4616.012
4582.623
4569.080
4542.202
4669.508
4638.151
4636.953
4596.114
4594.344
4594.448
4563.872
4618.201
4610.387
4553.141
4592.104
4597.730
4542.880
4628.045
4565.434
4545.379
4580.279
4615.388
4593.198
4654.612
4587.416
4608.981
4552.724
4612.158
4599.084
4635.547
4603.356
4568.247
4582.415
4504.802
4621.587
4579.655
4580.175
4550.380
4623.566
4595.750
4569.288
4604.813
4592.364
4543.244
4616.065
4643.204
4592.468
4523.606
4564.913
4607.575
4566.215
4582.519
4582.676
4592.104
4627.837
4608.564
4639.401
4545.796
4635.494
4603.199
4630.233
4613.721
4646.224
4531.211
4626.639
4630.650
4548.401
4619.554
4603.147
4657.945
4625.285
4599.709
4624.659
4584.342
4551.682
4613.669
4621.586
4559.809
4543.869
4584.238
4634.452
4579.446
4599.657
4609.398
4596.896
4562.049
4630.650
4600.854
4587.468
4609.919
4666.071
4632.629
4572.675
4589.969
4690.761
4581.269
4583.873
4673.519
4672.738
4569.602
4616.117
4569.081
4582.519
4595.750
4611.429
4550.849
4565.642
4578.300
4602.261
4605.179
4558.350
4573.508
4580.019
4574.394
4627.316
4606.741
4534.754
4589.916
4504.594
4605.908
4594.344
4611.116
4587.260
4601.063
4595.229
4573.820
4678.103
4579.603
4620.753
4548.557
4587.155
4632.369
4617.471
4634.713
4601.896
4560.954
4622.160
4641.484
4534.649
4616.638
4626.847
4613.356
4660.498
4605.387
4615.492
4603.303
4665.602
4572.831
4588.926
4539.442
4620.805
4574.966
4539.598
4623.566
4645.965
4604.136
4569.185
4578.717
4609.241
4639.557
4586.479
4598.719
4646.172
4603.511
4539.233
4571.633
4606.533
4649.194
4642.058
4568.663
4555.485
4575.696
4637.839
4571.685
4607.783
4591.531
4567.570
4576.165
4610.283
4627.629
4627.889
4627.524
4579.498
4568.872
4615.440
4631.380
4563.454
4552.359
4494.280
4584.759
4646.745
4537.774
4627.733
4602.158
4648.048
4592.677
4518.554
4603.198
4539.546
4597.885
4647.318
4553.401
4558.297
4606.480
4598.407
4644.037
4592.677
4588.093
4634.869
4575.799
4629.556
4621.170
4588.197
4577.467
4580.488
4602.678
4583.770
4577.675
4552.516
4573.612
4611.482
4515.168
4689.564
4531.784
4545.380
4645.496
4554.756
4608.252
4585.436
4566.320
4581.686
4535.639
4571.841
4576.945
4668.519
4645.131
4636.536
4627.890
4576.946
4613.616
4605.855
4633.098
4612.836
4533.868
4606.689
4569.550
4546.317
4645.443
4558.142
4625.077
4677.895
4667.478
4579.186
4690.605
4544.285
4592.833
4606.533
4605.230
4600.491
4627.942
4575.748
4587.572
4638.880
4556.526
4612.471
4657.059
4552.151
4605.543
4574.863
4524.909
4628.358
4604.710
4604.866
4606.064
4618.566
4577.779
4610.179
4615.492
4604.658
4663.467
4586.895
4655.810
4591.739
4599.761
4532.461
4607.574
4547.515
4663.362
4595.542
4628.827
4623.566
4585.176
4562.152
4647.110
4556.058
4568.663
4617.055
4561.215
4648.204
4564.444
4592.000
4648.361
4514.960
4613.617
4639.817
4591.166
4624.920
4616.221
4529.128
4667.790
4651.225
4606.376
4600.490
4559.079
4549.651
4673.468
4584.290
4626.743
4629.661
4586.218
4628.150
4607.470
4519.647
4643.308
4595.854
4584.603
4584.707
4545.796
4569.185
4570.331
4618.513
4567.101
4607.158
4546.265
4609.293
4614.450
4627.942
4581.842
4573.039
4637.213
4646.589
4550.641
4612.314
4586.374
4552.360
4567.309
4670.967
4541.212
4648.725
4598.459
4596.063
4577.102
4525.273
4598.927
4584.863
4555.849
4583.821
4617.211
4585.228
4633.098
4568.872
4635.651
4626.431
4596.427
4621.586
4611.116
4603.147
4567.413
4594.239
4545.588
4581.582
4574.081
4572.518
4582.884
4620.753
4568.768
4651.122
4561.528
4628.254
4585.905
4653.100
4605.543
4519.804
4679.562
4622.732
4615.596
4609.658
4632.525
4585.593
4602.834
4645.495
4591.166
4635.078
4615.232
4570.695
4620.753
4524.231
4613.096
4595.438
4592.052
4548.401
4590.593
4605.127
4607.314
4634.713
4575.019
4636.432
4593.562
4563.142
4622.525
4599.032
4577.415
4592.417
4593.458
4589.604
4593.041
4598.250
4577.259
4633.255
4609.919
4578.665
4677.531
4622.941
4593.667
4645.026
4606.793
4555.694
4540.223
4590.333
4625.702
4544.026
4627.264
4569.653
4546.109
4565.747
4562.517
4460.890
4632.421
4608.669
4626.223
4612.054
4510.740
4601.897
4533.191
4680.240
4638.984
4630.441
4504.333
4610.908
4608.356
4613.252
4607.158
4592.261
4604.449
4575.799
4574.863
4617.732
4537.254
4639.349
4648.360
4604.344
4527.617
4649.507
4586.895
4595.386
4604.345
4614.137
4619.711
4646.746
4597.312
4646.225
4644.194
4564.601
4613.669
4576.008
4617.680
4590.593
4564.236
4642.266
4565.695
4524.961
4646.121
4535.691
4596.948
4618.409
4565.642
4560.902
4612.679
4590.177
4628.931
4640.495
4557.673
4595.125
4673.155
4547.307
4591.166
4608.721
4551.109
4581.113
4626.900
4656.955
4631.796
4681.906
4642.214
4581.217
4549.859
4646.902
4621.587
4539.285
4596.011
4690.449
4542.932
4519.127
4644.142
4608.252
4616.795
4634.557
4586.895
4579.342
4554.027
4594.864
4621.899
4570.227
4669.144
4550.224
4589.239
4566.944
4593.771
4594.031
4593.250
4580.644
4621.847
4605.959
4592.364
4582.623
4602.313
4588.875
4580.853
4575.071
4554.079
4565.903
4570.799
4550.068
4574.446
4585.645
4658.727
4653.153
4580.279
4612.940
4557.569
4624.191
4653.986
4585.437
4613.096
4629.400
4550.276
4663.779
4583.249
4554.287
4577.206
4651.902
4595.073
4595.281
4576.217
4582.623
4676.124
4548.453
4640.652
4577.831
4554.704
4631.484
4595.490
4576.685
4625.128
4596.062
4579.967
4656.226
4505.219
4580.957
4658.362
4559.340
4634.922
4619.659
4557.569
4627.577
4639.506
4598.719
4653.101
4612.002
4676.541
4614.242
4615.388
4621.795
4617.784
4608.304
4535.066
4622.577
4648.934
4563.403
4575.539
4566.580
4615.961
4580.123
4515.064
4640.808
4550.172
4583.874
4580.696
4580.592
4609.919
4642.214
4558.402
4613.721
4549.703
4580.540
4581.113
4540.119
4604.866
4645.704
4583.197
4605.126
4616.377
4582.884
4605.647
4604.188
4547.307
4642.527
4500.010
4661.331
4622.628
4517.251
4675.290
4615.075
4629.504
4677.270
4637.787
4580.175
4577.883
4579.967
4587.624
4585.436
4557.724
4520.949
4613.096
4556.631
4649.715
4661.800
4635.286
4642.735
4662.477
4606.220
4608.356
4602.678
4581.478
4626.796
4603.928
4573.769
4679.562
4564.757
4610.283
4581.582
4570.382
4512.772
4692.116
4601.689
4643.829
4598.303
4535.274
4660.289
4660.758
4558.298
4598.199
4559.340
4564.236
4598.563
4599.970
4624.556
4597.521
4606.012
4593.822
4576.841
4585.020
4587.781
4601.740
4544.182
4649.923
4658.310
4603.719
4609.762
4621.326
4537.931
4629.505
4576.008
4576.633
4616.169
4577.206
4580.800
4639.610
4532.357
4589.708
4586.166
4606.272
4590.750
4598.667
4547.359
4548.193
4576.893
4682.635
4560.799
4616.534
4651.538
4592.990
4587.000
4563.611
4565.642
4633.619
4584.395
4543.244
4606.585
4614.971
4556.058
4614.242
4578.769
4640.912
4572.727
4581.634
4590.958
4636.172
4628.567
4570.331
4627.056
4581.113
4661.904
4682.063
4604.553
4588.978
4566.997
4589.239
4586.166
4593.458
4565.382
4662.008
4554.495
4639.193
4630.702
4533.243
4598.042
4589.708
4612.731
4623.045
4520.898
4554.234
4630.858
4558.923
4577.415
4577.519
4535.118
4550.433
4567.518
4582.207
4686.229
4505.062
4566.267
4532.618
4585.957
4575.852
4523.138
4565.122
4535.795
4697.637
4618.149
4533.399
4670.499
4578.612
4627.681
4561.892
4560.590
4608.044
4573.039
4680.552
4593.146
4583.926
4588.510
4655.184
4672.634
4618.983
4597.365
4668.728
4523.502
4606.637
4601.688
4603.094
4575.539
4622.367
4576.477
4630.546
4586.686
4604.866
4589.500
4622.993
4546.369
4646.902
4622.420
4621.014
4615.388
4542.202
4598.771
4616.118
4560.173
4641.745
4640.443
4537.566
4634.557
4609.294
4574.029
4591.583
4562.257
4636.588
4583.717
4586.479
4614.190
4561.007
4559.443
4638.515
4624.295
4513.814
4631.640
4572.101
4638.880
4644.767
4604.137
4668.780
4636.432
4550.328
4625.754
4608.356
4521.732
4601.896
4642.214
4564.080
4581.634
4524.283
4601.793
4611.065
4545.483
4605.126
4580.540
4592.572
4643.360
4670.811
4484.747
4595.437
4576.164
4594.239
4577.831
4528.763
4591.999
4548.036
4564.184
4591.583
4560.538
4607.366
4547.411
4531.160
4643.672
4633.359
4603.876
4559.601
4567.570
4631.015
4540.952
4572.779
4644.402
4559.444
4544.233
4628.827
4566.111
4603.564
4595.594
4627.837
4636.797
4612.055
4582.571
4622.837
4653.778
4596.688
4604.814
4535.900
4606.012
4616.274
4561.632
4639.818
4618.096
4606.220
4598.823
4645.548
4622.211
4678.364
4608.148
4586.843
4612.523
4601.480
4597.990
4615.805
4575.695
4531.524
4643.620
4638.620
4587.936
4598.563
4610.648
4591.844
4667.895
4584.603
4606.273
4614.919
4570.487
4600.595
4627.629
4607.419
4574.810
4608.877
4591.896
4618.566
4541.890
4592.729
4599.656
4587.155
4601.167
4613.252
4566.736
4670.290
4494.176
4613.617
4601.532
4578.144
4619.607
4625.232
4549.911
4585.071
4629.400
4534.180
4667.634
4628.931
4598.511
