19293.629
15461.146
15364.989
15319.410
15304.149
15250.496
15128.295
15124.439
15111.626
15109.021
15079.799
15060.839
15066.412
15009.791
15043.701
15046.409
15079.799
15041.565
15039.690
15014.426
15019.063
15043.388
15016.354
15055.733
15004.477
15004.581
14999.216
15009.062
15081.414
15006.144
15032.919
15022.448
15014.114
15030.782
15048.597
15001.769
14999.581
15020.365
15000.363
15030.002
15036.878
15019.427
15036.617
15019.687
15025.678
15005.624
15061.724
15027.554
15049.535
15023.126
15003.696
15043.701
15001.769
15012.656
15014.531
15058.860
15050.577
14995.466
15038.336
15027.814
15037.502
15026.720
15031.928
15018.489
14971.974
15014.948
15008.437
15013.853
14989.736
15036.252
14998.123
15005.416
15038.648
15033.283
15005.103
15020.938
15055.994
15055.786
15019.687
15027.345
15043.440
15056.620
15011.458
15018.021
15035.991
15021.772
15025.782
15034.377
15011.666
14992.810
14984.423
14958.222
15020.261
15020.260
15023.438
15055.786
15040.420
15032.919
15017.240
15050.941
15026.512
15048.806
15007.707
15027.449
15014.114
15018.750
15028.335
15028.907
15041.826
15034.690
15046.514
15027.085
15059.120
15037.346
15017.657
15012.343
15030.679
15017.553
15032.815
15039.065
15000.207
14979.006
15040.628
15020.886
15017.552
15011.823
15004.738
15024.949
15023.959
15026.356
15021.199
15031.304
15009.530
15036.148
15005.572
15008.436
14983.277
14985.361
15001.665
15022.970
15023.699
15030.471
15048.754
15046.462
15054.119
15032.971
15032.137
15034.169
15029.064
15036.461
15014.739
15010.156
15026.095
15047.608
15014.635
15024.585
15031.668
15018.437
15054.640
14994.320
15072.038
15002.498
15009.634
15025.261
15023.855
15011.562
15016.094
15034.690
15045.316
15085.738
15032.814
15025.054
15032.086
15025.678
15014.375
15018.490
15034.534
15007.603
15025.626
15066.933
15061.411
15053.182
15059.849
15036.201
15008.853
15025.834
15008.698
15051.932
15023.335
15023.647
15006.770
15000.832
15010.364
15019.897
15015.468
15009.739
14990.206
15045.837
15007.291
15021.563
15020.261
15032.867
15030.992
15009.635
14999.790
15005.520
15013.802
14999.842
14999.269
15010.780
15022.553
15039.222
15043.180
15000.623
15058.078
15002.811
15074.747
15018.022
15064.224
15000.311
15046.619
15053.078
15043.858
15008.280
15042.034
15033.440
15012.708
15015.105
14991.091
15027.293
15025.730
15007.603
15038.075
15010.103
15027.032
15004.634
15018.542
15031.669
15015.001
14982.861
15001.874
15021.824
15025.678
15027.919
15012.656
14999.634
15027.866
15025.783
15025.834
15030.419
15036.930
15050.213
15034.847
15018.438
14992.133
15013.385
15020.053
15028.648
15003.280
14982.445
14986.976
15028.960
15016.355
15030.523
15010.417
15036.461
14998.384
15005.572
15004.895
15009.948
15002.290
15018.022
15013.802
15006.041
15021.980
15015.261
15010.624
15032.346
14994.216
15042.242
14994.893
15038.180
15004.270
15003.384
15059.224
15042.451
15027.450
15034.638
15034.638
15025.679
14997.915
15033.857
15007.760
15031.773
15030.263
15024.689
15013.177
15013.855
15004.322
15026.460
15007.708
15010.572
15033.544
15025.002
15021.771
15012.448
15021.981
15031.982
15007.968
15009.843
15050.161
15033.128
15027.710
15028.283
15025.574
15011.666
15015.417
15039.222
15023.075
15054.588
15010.573
15053.859
15014.531
15039.014
15035.367
15033.127
15011.041
15037.763
15050.525
15020.886
15052.245
15076.153
15031.877
15059.537
15055.370
15040.732
15042.296
15032.711
15000.311
15019.584
15057.818
15044.952
15062.350
15031.617
15043.233
15013.229
15015.990
15047.608
15017.292
15043.962
14994.581
15025.783
15024.584
15050.630
15011.615
14972.704
15018.438
15025.887
15020.782
15014.531
15032.450
15022.709
15045.890
15012.187
15019.897
15032.033
15035.211
15020.261
15018.594
15031.617
15016.199
15059.693
15067.194
15069.799
15042.504
15033.492
15009.792
14975.673
15037.191
15005.677
15032.971
15028.179
15000.259
15027.919
15010.677
15026.773
14982.757
14991.300
14996.665
15011.615
15036.357
15033.336
15044.171
15067.559
15056.099
15054.068
15041.462
15029.377
15037.711
14992.445
15041.358
15023.543
15029.325
15050.838
15022.241
15025.523
15042.139
15013.698
14999.947
15025.887
15023.752
15013.282
14990.831
15029.534
15031.408
15057.193
15052.140
15046.045
15015.677
15047.608
15002.499
15084.175
15010.468
15023.699
15018.543
15061.985
15017.970
15032.034
15066.309
15022.449
15020.522
15029.169
15007.343
15026.773
15036.618
15031.878
15020.053
14996.561
15045.421
14986.352
14975.621
15007.083
14970.673
15024.272
15011.979
15009.636
15020.678
15025.574
15020.575
15006.666
15021.929
15012.188
15012.813
15008.020
14997.029
15042.972
15061.360
15078.498
15048.963
15033.701
15020.783
14962.703
14998.072
15028.596
15018.022
15045.317
15002.916
15014.897
15031.617
15033.545
15026.616
15014.844
15042.660
15014.063
15012.031
15003.853
15032.867
15017.137
15044.067
15040.681
15052.661
15058.807
15028.023
15026.148
15014.532
15055.683
15005.417
15013.646
14979.841
15025.783
15023.752
15015.053
14974.266
15003.645
15016.823
14989.581
15015.470
15006.823
15025.366
15028.804
15054.693
15031.721
15053.912
15043.858
15012.969
15027.138
15019.428
15016.198
15020.678
15009.896
14988.956
15032.398
15007.135
15032.815
15022.919
15044.691
15016.459
15009.427
15018.126
14999.635
15001.770
15024.585
15013.177
15037.555
15050.370
15024.273
15033.909
15019.115
15010.312
14996.093
15059.486
15052.140
15057.454
14996.926
15033.909
15018.699
15007.604
14997.812
15031.513
15047.608
15098.864
15029.950
15015.418
15008.594
14995.363
15013.438
15052.141
15033.858
15006.666
15029.898
14989.477
15010.157
15012.866
15047.921
15039.431
15001.926
15034.118
15073.497
15023.439
15010.989
15072.455
15043.285
15022.085
15029.377
15015.991
15022.241
15003.906
15027.138
15027.867
15015.418
15002.395
15027.555
15040.890
14982.237
15037.243
14988.175
15031.982
15061.048
15039.222
15016.563
15056.152
15041.046
15037.347
15039.430
15038.285
15024.377
15028.544
15022.814
15042.087
15020.835
15047.297
15097.459
15010.677
15020.991
14995.102
14988.487
15016.511
14973.902
15009.166
15046.619
15026.617
14961.141
15032.399
15026.043
14989.112
15028.336
15034.795
15016.042
15012.188
15037.920
15046.515
14994.738
15016.668
15002.604
15030.992
15031.253
14996.145
15016.511
15028.804
15034.222
15028.440
15054.693
14995.259
15037.869
15008.906
15070.998
14998.541
15019.428
15021.981
15008.751
15008.646
15012.292
15034.847
15037.660
15053.495
15023.908
15003.698
15011.563
15013.855
15036.930
14995.833
15031.670
14977.444
15046.776
15040.525
15019.689
14994.999
15024.429
14996.249
15007.708
15019.376
15030.732
15036.931
15028.076
15021.825
15034.899
15035.160
15027.034
15061.934
15061.204
15053.704
15020.366
14986.769
15009.479
15006.875
15034.117
15031.149
15018.179
15040.161
15025.679
15054.276
15023.023
15037.347
15026.149
15019.949
15036.514
15009.167
14992.029
15017.710
15050.318
15034.014
15062.037
15016.095
15022.762
15014.272
15023.127
15025.627
14989.582
15011.094
15016.460
15020.053
14989.946
15005.625
15017.866
14984.008
15059.485
15019.169
15023.179
15027.034
15061.361
15017.189
15049.224
15013.646
15035.159
15043.859
15045.943
15076.571
15038.129
15045.682
15025.002
15024.898
15012.553
15033.649
15039.640
15068.705
15017.189
15012.866
15018.752
15029.274
15015.157
15000.624
14948.535
15008.751
15032.764
15023.492
15042.921
14999.999
14983.175
15009.011
15004.843
14993.852
15038.337
15013.543
15060.110
14990.935
15038.546
15030.784
14996.770
15060.006
15022.294
15027.659
15029.795
15004.167
15014.220
15000.312
15048.495
15028.648
15018.543
15029.430
15008.490
14972.340
15013.751
15009.428
15029.117
15035.108
15069.123
15017.658
15038.441
15057.715
15040.994
15020.054
15025.367
15020.783
15007.031
15029.899
14980.413
15065.371
15038.494
15021.252
15005.678
15045.369
14974.580
15018.127
15009.063
14994.999
15029.795
15009.063
15017.033
15025.159
15022.919
15017.137
15045.526
15057.975
15035.003
15058.808
15019.428
15005.000
15030.420
15006.354
15025.315
15030.889
15006.250
14994.947
15028.753
15034.223
15016.980
15066.102
15022.554
15045.786
15018.075
15004.791
15063.080
15004.375
15012.188
14993.437
15030.680
15029.222
15010.417
15027.607
15039.744
15014.950
15033.128
14982.133
15012.761
15025.680
15027.815
15045.161
15028.441
15026.930
15024.899
15020.367
15054.745
15006.354
15032.139
15031.982
15030.837
15045.057
15023.127
15036.984
15015.522
15024.273
15010.261
15018.075
15062.194
15041.358
15012.084
15015.731
15012.084
15031.357
15020.991
15003.489
15011.094
15007.500
15025.784
15013.751
15029.534
14986.091
15028.336
15030.003
15046.776
15040.369
14987.289
15034.691
15041.723
15027.450
15075.425
15050.995
15051.881
15021.669
15005.157
15042.193
15035.472
15024.534
15032.399
15024.065
15010.313
15030.784
15050.996
15022.971
14986.769
15011.824
15029.326
15040.317
15039.744
15017.241
15062.247
15053.131
15053.496
15016.460
15058.913
15033.076
15057.558
15028.180
15015.418
15019.950
15033.962
15022.919
15015.991
14986.404
15039.535
15072.977
15039.431
15027.711
15044.901
14996.875
15058.600
15043.859
15073.289
15020.054
15003.906
15046.308
15062.195
15029.118
15050.787
15024.274
15038.390
15000.729
15017.085
15035.785
15000.417
15032.556
15017.815
15037.400
15014.011
14995.624
14980.310
15014.898
15027.086
15032.243
15022.190
14999.531
15008.802
14995.468
15018.908
15008.230
15007.500
14987.499
15018.857
15008.230
15057.142
15042.921
15007.553
15042.504
15014.949
15056.986
15045.578
15032.452
15033.910
15015.679
14985.780
15014.325
15030.629
15095.219
15018.232
15033.389
15060.111
15021.357
15035.837
15022.816
14989.009
15006.459
15029.222
15026.825
15039.588
15008.751
15007.970
15001.041
15022.033
15055.788
15036.932
15020.836
15033.962
15016.564
15012.345
15019.586
15026.722
15030.889
15016.043
15005.886
15008.490
15037.087
15034.795
15033.598
15030.681
15017.085
15016.148
15019.429
15014.741
14995.989
15017.241
15026.930
15044.640
15039.535
15008.751
15031.774
15004.011
14995.781
15000.104
15012.188
15063.705
15024.742
15029.222
15033.702
15029.847
15023.440
15011.772
15021.774
15011.147
15040.004
14976.663
