114.441
133.610
107.773
107.565
108.659
107.357
106.679
107.200
135.172
106.991
106.575
107.461
106.836
107.356
107.408
134.599
106.940
106.783
106.836
106.367
106.210
106.002
132.307
105.116
105.638
104.699
105.377
106.992
105.794
106.523
104.179
106.054
105.533
105.689
106.315
105.586
105.169
104.856
105.481
104.699
105.637
106.107
106.471
104.856
105.272
105.533
105.273
104.127
103.815
105.168
105.325
106.158
104.022
105.013
105.586
104.440
104.960
104.804
104.856
104.648
105.064
104.908
105.377
139.287
104.335
104.439
104.491
104.908
105.325
105.272
132.516
104.387
105.794
105.533
103.501
104.179
105.221
132.047
105.221
104.647
105.377
104.335
103.866
105.116
135.745
105.429
105.637
104.335
104.596
105.742
104.960
135.797
106.002
105.430
105.169
105.221
104.543
105.325
137.464
104.283
104.596
105.116
105.221
105.377
105.637
138.245
104.961
104.283
104.231
105.325
105.742
105.378
105.377
105.534
106.002
105.638
104.231
104.908
104.856
105.533
103.710
105.638
105.430
104.752
105.585
104.179
103.971
104.856
105.220
104.804
104.908
104.231
139.548
104.388
103.918
104.804
105.012
104.648
105.377
133.662
104.283
104.335
104.647
104.960
105.273
105.117
132.828
105.950
104.440
106.263
104.439
104.752
104.075
131.839
104.804
104.595
105.533
105.377
105.325
104.804
131.526
104.857
104.336
104.179
104.960
105.846
105.169
132.984
105.117
104.335
104.387
105.585
104.804
104.751
136.943
104.596
104.595
104.283
104.961
104.648
104.856
131.526
104.595
104.648
105.586
105.169
105.168
104.283
137.047
104.752
104.908
104.752
105.221
105.429
104.387
136.787
105.481
104.856
104.440
104.752
103.971
104.856
137.985
105.377
104.491
104.335
105.012
104.179
105.690
105.065
103.606
105.846
104.908
105.637
106.002
105.064
106.106
106.054
105.064
104.127
104.439
104.856
104.231
105.378
105.221
104.700
105.169
103.918
104.231
104.440
104.179
103.450
105.169
104.960
104.595
103.919
139.600
105.012
104.804
105.221
104.648
105.012
103.866
133.141
104.387
103.710
104.909
104.908
105.065
104.440
135.329
104.231
104.647
105.169
104.960
104.908
104.908
134.339
104.752
104.283
104.960
105.429
105.116
104.544
134.495
104.283
104.908
105.221
103.867
103.346
103.815
136.318
105.013
104.335
105.169
105.012
104.648
104.804
137.360
104.909
104.804
103.919
104.908
105.481
105.273
138.506
105.064
104.544
105.325
105.950
104.804
104.960
137.360
104.960
104.179
105.116
104.491
105.690
105.638
137.673
105.220
105.012
104.596
104.909
103.294
104.544
104.179
104.700
104.335
103.867
103.970
104.908
106.106
105.325
104.596
105.168
104.388
105.429
105.950
104.179
105.846
104.596
104.127
104.596
105.377
105.533
104.648
105.116
105.377
105.012
104.856
104.335
104.752
104.648
104.387
105.272
105.221
104.491
105.116
105.898
141.527
104.908
105.065
104.700
104.752
104.700
105.273
131.161
105.325
104.231
104.804
106.107
104.909
104.544
131.057
104.440
106.159
104.700
105.012
104.752
104.440
133.245
105.013
104.387
104.440
104.492
104.179
104.179
138.871
103.711
104.544
104.231
104.492
105.065
105.064
133.401
104.439
105.273
104.544
104.804
104.804
105.742
134.183
104.595
104.544
105.013
105.116
104.804
104.491
138.298
104.699
104.387
105.169
103.450
104.544
104.804
136.266
104.908
104.596
105.065
104.700
105.013
104.857
138.610
104.023
105.897
104.700
105.012
104.335
104.543
136.891
104.388
104.648
104.439
104.439
105.325
105.430
135.954
104.492
104.647
103.919
103.711
104.075
104.856
137.933
105.429
104.439
104.387
105.325
104.335
104.699
137.412
104.335
104.960
105.325
105.377
105.273
105.377
105.065
105.273
104.387
104.075
104.074
105.481
104.700
105.012
104.491
105.065
104.752
104.752
105.638
104.439
104.596
104.595
103.658
104.752
103.658
104.335
105.689
103.866
104.752
104.492
105.221
104.648
105.117
104.751
103.710
104.492
105.117
104.960
104.022
104.908
104.283
104.387
105.220
105.950
104.127
105.638
104.439
135.745
106.002
104.387
104.804
104.648
106.106
104.231
137.986
104.909
105.534
105.221
105.481
105.637
105.064
137.412
104.335
104.388
104.075
104.856
103.658
105.273
135.641
104.804
104.074
105.064
104.908
104.387
105.794
136.891
105.221
104.857
105.325
105.845
104.387
106.002
138.818
104.752
104.596
103.970
106.054
104.752
104.648
137.516
104.075
105.117
105.689
104.283
104.647
105.533
105.429
104.856
105.689
104.960
105.846
105.168
104.283
105.533
105.273
105.897
104.648
105.377
104.491
104.544
104.387
105.116
104.909
105.846
104.804
104.440
104.388
104.752
106.002
105.481
104.492
104.075
105.065
142.100
105.377
105.117
104.335
104.543
105.377
104.179
135.120
103.970
105.012
105.169
104.648
103.918
104.648
133.975
104.961
104.388
105.116
104.595
104.335
104.439
135.381
104.908
104.700
105.116
104.492
104.440
104.805
132.307
104.752
104.960
103.970
104.648
106.107
105.325
136.422
104.075
104.908
105.741
105.117
104.492
104.908
136.474
104.752
106.628
103.398
104.492
104.960
103.970
137.620
105.846
104.023
105.065
104.909
104.387
104.491
137.308
105.221
104.960
105.272
104.544
105.168
105.429
138.194
104.596
104.648
105.325
104.335
103.918
103.866
137.933
104.751
105.533
105.012
104.648
105.794
105.429
106.210
105.429
106.367
105.273
105.012
103.970
105.794
104.961
104.283
104.231
105.012
103.554
105.429
105.586
105.169
104.908
104.908
105.637
105.585
105.690
139.808
106.002
105.273
104.700
105.534
103.971
103.918
131.943
104.804
104.023
105.272
106.002
103.606
104.439
136.943
105.012
104.543
105.012
104.804
104.648
104.283
134.547
106.002
104.491
105.377
105.325
104.856
105.377
136.526
103.658
105.064
104.960
104.491
105.325
104.491
135.850
104.335
104.283
105.637
104.023
104.961
105.117
135.901
104.491
104.804
105.585
104.179
105.116
104.804
138.714
104.440
105.012
105.169
104.335
104.648
104.492
136.579
104.752
104.908
104.856
105.220
104.856
104.387
137.620
105.117
105.117
103.658
104.440
104.700
105.221
105.481
104.648
104.648
105.169
104.909
104.909
105.065
105.846
104.543
105.377
104.283
104.284
103.294
105.742
105.012
104.179
105.012
105.689
105.481
105.273
105.429
105.064
104.804
105.794
103.866
104.752
104.440
103.658
104.648
104.075
105.585
105.741
105.429
105.116
133.245
105.325
104.387
106.314
104.960
105.429
104.335
133.245
104.387
104.960
104.232
104.335
104.804
104.543
132.620
105.273
104.596
104.804
104.075
104.440
103.814
138.401
103.971
104.804
105.065
104.960
105.272
103.867
136.370
105.742
106.054
106.002
105.429
104.856
105.117
138.297
104.387
105.221
104.648
104.231
105.012
105.325
136.266
104.700
105.742
104.752
105.221
104.492
103.710
137.100
104.856
104.752
104.387
104.231
105.429
104.908
138.610
104.856
104.960
104.231
104.804
105.117
105.065
137.725
103.970
104.543
104.804
103.866
104.960
105.689
104.856
105.273
105.846
103.554
104.908
104.700
105.221
104.283
105.637
105.221
104.388
105.065
105.065
105.065
105.116
104.231
105.221
105.065
103.398
105.481
105.742
105.325
105.273
104.595
103.971
104.388
105.012
104.908
105.064
104.961
105.169
104.908
104.544
106.003
105.273
104.179
105.481
104.804
104.387
104.752
104.492
140.172
104.491
105.325
104.804
105.273
104.283
105.012
136.162
105.273
104.336
104.283
104.023
104.127
104.387
138.037
104.075
104.595
104.804
104.909
104.804
104.387
139.079
105.637
105.065
104.857
104.023
104.127
105.950
138.089
104.700
104.700
104.960
104.960
105.637
103.971
137.568
104.752
104.283
105.117
104.440
104.596
105.325
136.839
104.283
104.544
104.909
104.283
104.440
104.075
138.767
106.054
105.220
104.908
104.908
105.273
104.492
137.724
103.762
105.117
105.377
103.971
104.699
104.491
104.960
105.013
104.856
105.273
103.867
104.127
105.012
105.429
104.752
104.440
104.856
105.117
105.325
104.544
104.908
104.804
104.075
105.585
104.699
105.117
105.638
105.690
104.699
104.387
104.908
104.283
104.439
141.735
105.429
104.283
105.638
104.335
105.272
104.492
135.172
104.752
104.804
104.543
103.919
105.169
104.700
133.922
104.544
104.595
104.336
105.377
103.971
104.179
137.881
104.856
104.231
103.815
104.961
104.388
104.127
136.370
104.856
105.429
104.857
104.961
104.336
105.898
137.985
104.752
105.325
105.482
104.909
105.273
104.752
138.246
