65753.544
65783.548
65842.565
65803.237
65824.646
65817.770
65839.700
65844.857
65838.659
65830.689
65795.737
65834.335
65836.835
65812.718
65824.386
65849.337
65831.157
65804.176
65811.833
65836.628
65855.640
65848.243
65841.003
65895.072
65871.163
65857.828
65831.419
65805.478
65845.275
65862.724
65835.169
65841.003
65854.442
65810.218
65798.394
65841.212
65855.172
65846.212
65842.619
65888.510
65861.839
65877.206
65838.608
65783.081
65848.504
65840.744
65838.191
65844.650
65857.047
65865.486
65857.880
65834.180
65819.179
65839.962
65835.326
65850.381
65843.921
65851.005
65843.609
65785.842
65832.878
65835.275
65850.172
65860.277
65842.411
65862.101
65833.556
65818.085
65782.299
65859.028
65838.192
65847.412
65815.585
65852.152
65842.411
65800.167
65854.548
65846.058
65863.507
65843.922
65838.609
65840.224
65846.005
65807.095
65821.472
65844.652
65819.961
65846.944
65878.302
65851.632
65845.173
65844.236
65815.586
65848.350
65849.652
65846.944
65835.745
65800.532
65797.407
65768.029
65830.224
65835.380
65839.392
65854.393
65853.455
65838.766
65849.028
65802.148
65854.237
65846.476
65854.341
65843.610
65846.632
65830.952
65845.747
65799.179
65888.095
65835.694
65862.676
65844.497
65840.017
65821.785
65856.061
65815.118
65813.555
65857.311
65852.154
65822.775
65829.235
65848.144
65847.206
65817.047
65804.597
65852.102
65850.228
65851.582
65852.779
65844.914
65844.445
65864.344
65816.630
65820.223
65822.828
65841.528
65858.718
65854.030
65851.947
65837.049
65813.973
65828.610
65856.479
65848.977
65835.538
65914.558
65853.874
65854.134
65839.029
65803.972
65853.979
65853.510
65858.666
65845.384
65859.031
65842.572
65825.538
65802.306
65847.676
65853.405
65858.355
65843.821
65848.144
65841.217
65847.103
65811.005
65832.518
65834.394
65836.425
65810.329
65847.052
65845.176
65833.299
65815.485
65848.510
65843.510
65853.822
65825.695
65841.061
65825.121
65813.142
65800.223
65850.542
65855.022
65845.437
65848.875
65852.313
65831.633
65868.721
65807.412
65814.652
65772.773
65847.833
65852.469
65834.029
65844.344
65808.610
65839.135
65857.210
65866.482
65857.158
65823.925
65849.448
65843.927
65836.166
65805.954
65839.760
65858.773
65848.146
65856.793
65846.792
65846.896
65850.490
65810.695
65813.820
65845.074
65856.221
65842.000
65845.594
65839.865
65832.363
65816.008
65800.589
65842.365
65846.272
65822.154
65842.365
65834.396
65832.416
65832.365
65847.210
65849.918
65850.179
65841.584
65856.482
65859.816
65834.917
65857.836
65807.466
65841.532
65844.813
65849.554
65859.139
65851.169
65845.648
65840.231
65816.895
65880.912
65836.740
65866.327
65871.120
65860.233
65837.730
65828.823
65807.362
65867.473
65845.388
65879.818
65847.680
65838.252
65834.032
65879.194
65832.730
65879.090
65815.124
65839.033
65850.024
65856.743
65841.950
65852.367
65864.244
65856.326
65799.028
65857.473
65856.744
65858.202
65833.617
65843.722
65851.431
65862.682
65794.497
65805.853
65815.176
65832.627
65832.419
65816.114
65843.565
65844.607
65811.687
65822.366
65842.524
65850.702
65849.035
65837.524
65858.047
65845.910
65819.136
65810.750
65834.554
65825.855
65821.897
65834.294
65838.148
65818.251
65798.717
65853.359
65850.181
65858.517
65863.986
65865.652
65821.741
65855.651
65795.748
65816.844
65836.638
65846.796
65852.943
65861.850
65833.305
65828.565
65807.365
65856.850
65855.235
65862.320
65848.099
65823.825
65855.756
65858.621
65821.741
65809.396
65851.484
65817.783
65857.162
65850.339
65912.013
65853.881
65854.871
65853.204
65843.463
65851.538
65824.971
65850.704
65858.882
65837.056
65835.390
65842.266
65776.893
65847.005
65861.330
65850.548
65838.776
65836.015
65847.318
65806.793
65792.885
65833.045
65845.807
65850.392
65865.498
65852.268
65845.964
65848.152
65816.326
65823.669
65827.838
65832.213
65849.090
65856.018
65851.590
65845.652
65817.940
65831.901
65855.080
65852.632
65850.861
65857.112
65857.789
65844.819
65789.499
65844.194
65855.341
65846.122
65832.682
65830.234
65825.338
65790.281
65810.024
65848.934
65866.176
65812.315
65798.043
65798.720
65789.917
65751.943
65797.678
65804.399
65832.735
65842.841
65838.257
65794.189
65847.789
65860.603
65850.862
65827.943
65829.089
65846.174
65847.268
65808.670
65842.841
65807.576
65872.220
65848.207
65825.600
65829.819
65862.322
65815.129
65849.352
65854.665
65840.862
65871.751
65864.615
65851.540
65849.300
65833.673
65813.931
65841.696
65831.746
65843.987
65846.749
65844.926
65854.823
65853.155
65857.114
65852.113
65851.801
65844.456
65843.727
65874.564
65836.122
65863.729
65847.634
65810.807
65859.979
65851.958
65839.561
65845.603
65845.864
65842.008
65852.270
65805.651
65820.027
65834.143
65840.082
65848.520
65827.424
65852.844
65865.241
65849.666
65809.245
65868.575
65848.781
65832.945
65837.426
65853.104
65860.501
65847.583
65828.257
65861.856
65844.926
65856.959
65926.342
65871.805
65852.949
65837.166
65853.990
65858.991
65789.816
65841.593
65847.427
65827.061
65844.197
65858.366
65861.491
65847.636
65836.906
65858.626
65883.838
65869.253
65848.730
65858.940
65846.490
65848.522
65806.381
65787.524
65785.754
65801.433
65833.363
65799.245
65863.211
65851.595
65806.017
65860.971
65844.980
65831.593
65849.720
65855.919
65870.191
65877.328
65835.291
65812.268
65856.179
65807.059
65806.746
65841.386
65837.635
65888.788
65827.686
65823.103
65857.951
65858.993
65859.409
65833.313
65851.492
65847.689
65854.408
65808.622
65864.619
65870.036
65853.471
65871.495
65867.848
65880.818
65839.251
65862.222
65865.244
65868.890
65855.294
65859.567
65871.808
65858.680
65892.226
65866.754
65832.740
65858.263
65820.499
65816.019
65841.595
65863.682
65855.920
65859.567
65847.534
65855.816
65852.587
65822.114
65855.659
65856.911
65849.513
65862.119
65828.000
65842.690
65853.524
65859.150
65833.522
65873.215
65866.339
65864.099
65855.712
65871.184
65863.213
65845.243
65874.361
65789.871
65843.940
65853.837
65854.410
65851.858
65853.577
65856.755
65830.450
65817.063
65811.280
65847.431
65871.131
65868.006
65871.132
65836.596
65871.392
65854.619
65853.577
65808.468
65848.838
65838.576
65866.340
65862.120
65868.996
65865.298
65850.453
65854.620
65850.921
65845.505
65871.705
65847.223
65834.357
65853.474
65830.502
65858.683
65811.021
65814.147
65878.321
65835.816
65839.619
65857.589
65842.588
65838.420
65856.339
65812.896
65856.444
65846.234
65831.284
65896.188
65849.099
65860.402
65841.651
65850.089
65829.461
65850.975
65886.760
65861.913
65860.038
65863.841
65832.326
65845.036
65870.716
65815.553
65825.346
65870.925
65879.311
65834.827
65891.657
65845.870
65850.871
65860.404
65815.971
65846.808
65875.249
65840.349
65846.547
65863.321
65844.047
65859.049
65851.028
65851.131
65847.433
65831.702
65845.193
65875.145
65820.555
65874.364
65890.667
65852.539
65827.483
65861.706
65869.936
65853.267
65854.987
65885.094
65869.051
65853.684
65846.132
65863.686
65815.087
65864.676
65866.186
65848.685
65862.384
65875.562
65853.946
65838.891
65865.613
65817.691
65838.110
65851.341
65858.738
65851.967
65864.051
65841.288
65829.828
65827.172
65772.842
65805.190
65818.212
65842.486
65809.617
65796.282
65776.958
65785.761
65801.856
65816.806
65841.184
65799.356
65830.558
65823.422
65839.101
65846.550
65866.552
65873.480
65861.500
65874.626
65854.102
65874.730
65819.098
65876.344
65848.686
65830.975
65853.478
65834.361
65840.508
65893.066
65856.239
65835.403
65852.020
65861.916
65875.929
65870.459
65862.021
65866.136
65847.071
65888.639
65878.689
65820.193
65859.156
65860.510
65867.647
65876.190
65851.655
65849.729
65842.071
65804.410
65817.797
65861.240
65856.343
65854.260
65849.676
65857.490
65850.354
65861.293
65839.832
65806.442
65858.167
65885.931
65828.268
65860.824
65833.268
65850.979
65823.059
65822.069
65871.971
65868.169
65868.689
65846.500
65868.794
65843.947
65837.176
65863.845
65841.239
65839.364
65842.593
65857.439
65820.090
65834.572
65872.544
65847.542
65809.360
65811.131
65859.054
65857.543
65843.792
65858.949
65857.596
65854.679
65851.709
65816.444
65837.592
65837.020
65850.876
65863.169
65842.906
65867.961
65706.640
65761.855
65768.731
65800.505
65777.378
65767.481
65770.658
65772.221
65816.809
65807.173
65783.576
65793.109
65727.060
65756.750
65793.422
65869.003
65818.529
65844.001
65844.262
65830.666
65856.242
65847.803
65836.552
65823.686
65845.251
65836.396
65815.403
65816.810
65820.457
65831.812
65828.478
65852.075
65891.872
65870.983
65873.119
65861.139
65838.532
65885.204
65837.438
65860.775
65816.915
65821.394
65825.666
65849.887
65793.839
65873.484
65849.992
65825.406
65818.270
65840.668
65881.559
65852.284
65803.164
65839.991
65861.660
65858.951
65880.308
65859.629
65907.238
65862.650
65860.723
65861.348
65810.665
65907.864
65858.379
65828.792
65833.012
65831.449
65856.452
65852.962
65817.645
65838.533
65856.504
65837.023
65832.283
65813.165
65869.266
65846.035
65788.059
65802.384
65825.355
65812.385
65855.931
65858.171
65855.411
65822.021
65825.408
65855.255
65851.868
65812.176
65830.772
65828.219
65867.235
65862.860
65834.263
65839.472
65863.954
65826.501
65892.812
65881.768
65873.851
65840.201
65794.883
65777.433
65788.007
65783.840
65870.048
65858.745
65890.937
65835.149
65826.398
65823.377
65854.943
65866.559
65850.411
65828.586
65867.027
65863.641
65846.713
65865.621
65817.959
65855.256
65846.609
65866.455
65875.936
65862.808
65887.343
65874.789
65869.581
65826.450
65805.302
65858.693
65862.913
65841.087
65817.595
65830.513
65847.912
65862.809
65819.471
65808.897
65826.295
65835.046
65826.711
65857.132
65873.956
65861.820
65829.524
65868.174
65860.362
65918.857
65866.976
65903.127
65864.893
65875.259
65865.935
65875.572
65866.091
65822.649
65871.041
65852.340
65822.753
65851.454
65864.633
65878.020
65864.320
65855.257
65843.850
65818.898
65838.224
65844.944
65868.280
65876.093
65867.082
65837.026
65838.381
65849.319
65833.432
65858.227
65862.185
65832.442
65820.201
65826.608
65765.090
65782.385
65857.185
65820.046
65857.602
65879.740
65867.238
65852.654
65780.822
65822.129
65864.166
65830.047
65806.503
65831.401
65835.360
65839.526
65817.389
65872.812
65840.360
65828.276
65837.912
65851.925
