976.418
886.615
881.928
870.416
878.281
844.579
875.885
867.499
880.052
875.468
868.540
872.864
849.788
879.115
890.157
884.637
888.126
887.136
880.730
876.146
883.855
879.948
842.704
877.239
885.053
877.239
888.439
884.220
878.542
875.260
871.353
868.176
845.569
871.041
877.187
874.166
869.322
875.989
873.906
843.486
882.292
879.271
881.823
880.313
875.052
881.979
873.906
877.865
881.407
848.799
882.188
878.594
883.438
883.646
882.969
875.469
882.084
885.209
880.156
849.319
879.063
876.614
879.948
878.646
882.709
884.949
881.250
879.323
874.739
850.622
882.188
880.938
883.074
877.968
882.032
877.604
849.684
883.751
886.146
843.694
883.751
875.156
878.437
887.761
880.469
885.678
843.173
882.500
876.718
849.320
885.365
872.656
883.698
884.011
887.761
885.521
884.271
881.875
881.511
852.445
880.157
878.177
882.449
877.135
886.564
875.521
870.207
866.561
874.426
854.059
874.375
875.729
884.167
877.605
878.229
878.750
845.517
873.958
875.365
880.990
880.886
877.083
874.947
878.489
875.989
881.250
851.299
882.865
880.365
892.190
882.604
877.968
884.272
883.646
893.908
881.198
850.882
887.866
878.333
874.844
878.438
873.854
887.918
864.738
880.053
884.428
851.507
880.729
874.114
871.353
882.188
882.084
883.594
870.832
889.741
885.730
849.997
883.178
882.604
895.158
883.229
891.199
891.095
887.033
884.272
886.876
848.174
888.126
887.293
855.883
886.356
883.595
881.355
886.511
883.229
886.980
876.770
885.574
873.957
848.278
872.343
870.624
874.895
889.272
883.542
889.533
848.277
884.219
881.198
857.758
882.396
883.438
890.679
889.949
875.521
873.906
868.176
883.594
886.772
843.225
883.334
876.146
870.988
871.665
871.822
875.520
851.455
874.687
881.875
875.000
877.812
879.844
886.771
880.208
877.760
885.053
854.216
888.335
885.990
888.178
880.208
887.501
881.302
878.229
878.542
884.272
849.059
877.344
884.376
880.417
883.543
887.501
877.135
880.208
880.052
880.417
842.235
878.177
877.188
876.302
887.709
878.958
888.074
883.803
876.615
876.927
845.725
875.677
882.292
884.741
881.772
886.251
885.470
878.906
880.156
874.896
841.297
874.166
874.635
872.760
883.022
883.751
881.354
870.259
879.584
881.251
844.475
884.584
884.584
884.637
880.886
880.625
884.324
882.344
882.657
884.167
858.435
884.793
887.606
879.584
873.281
876.094
871.354
883.855
881.094
874.010
846.663
876.719
873.854
882.604
878.958
877.447
879.167
837.964
880.938
886.668
849.736
889.689
879.739
881.615
886.355
892.553
877.448
873.697
890.627
882.188
853.018
881.667
885.053
876.041
876.510
882.188
880.729
878.750
885.470
888.595
849.164
883.698
884.688
882.031
881.459
887.396
883.334
870.363
876.875
877.239
846.767
869.739
880.157
881.823
883.230
877.083
879.011
850.725
878.333
880.313
855.258
880.052
887.501
880.886
878.020
871.770
875.156
842.756
881.511
883.542
876.771
880.729
881.772
877.864
891.460
878.281
878.593
844.527
884.637
885.001
874.426
879.219
881.928
889.793
867.655
878.073
888.022
854.112
886.042
885.939
892.763
890.575
885.887
883.803
881.406
876.041
886.199
849.423
879.115
888.126
853.800
883.334
885.834
883.021
888.022
891.356
880.105
883.021
887.709
879.896
845.726
886.720
883.490
880.417
882.709
878.698
878.177
875.000
880.157
883.074
852.289
878.438
882.553
885.938
881.667
882.448
880.625
878.907
875.469
875.937
845.465
885.730
871.927
873.593
876.406
864.686
868.801
845.309
860.727
865.258
877.500
875.260
875.625
868.436
838.329
873.593
879.896
883.855
879.583
872.239
874.530
872.239
876.250
879.427
843.902
880.001
884.480
877.708
885.886
879.948
891.981
881.094
892.606
886.199
847.132
887.032
887.605
881.719
873.541
876.041
877.187
878.802
883.178
889.689
846.819
886.824
883.230
878.958
885.835
886.199
888.282
876.094
889.220
886.303
854.841
884.897
888.647
847.756
882.969
881.771
882.449
886.929
883.022
878.281
846.559
888.283
884.688
848.174
883.490
884.376
881.302
888.699
881.250
885.782
877.552
890.523
886.824
846.975
876.146
886.928
888.647
882.918
883.803
885.417
873.489
874.062
878.750
845.778
875.677
890.627
882.449
884.740
891.876
882.657
878.073
879.219
878.125
847.497
887.293
885.834
883.802
879.688
884.064
883.230
889.533
889.794
886.303
855.154
886.408
883.178
855.726
885.938
885.573
895.002
890.158
882.240
880.469
878.437
875.833
881.354
838.537
878.802
878.125
886.095
876.822
875.156
877.657
847.705
871.353
875.416
845.048
884.793
874.426
878.073
874.114
865.259
882.552
844.944
881.459
878.072
877.500
879.739
889.585
893.127
888.022
888.960
880.678
853.955
889.428
891.720
846.507
884.428
881.459
882.969
884.532
886.668
884.064
891.512
880.052
881.562
845.725
872.655
888.022
883.542
890.314
882.553
881.302
881.250
886.199
891.043
846.246
884.063
882.970
890.939
882.032
886.147
882.500
882.604
874.583
882.396
847.652
879.844
878.750
880.677
881.042
876.719
877.865
876.926
883.490
875.937
847.132
876.354
882.866
880.938
872.134
880.990
886.928
876.562
882.917
890.626
848.903
879.532
877.031
882.240
880.521
879.688
879.010
881.146
882.448
876.719
851.872
876.093
879.062
889.585
879.428
876.927
883.230
846.611
882.344
882.917
861.144
884.532
886.303
882.032
877.136
886.251
882.553
886.199
882.657
882.657
847.705
892.137
886.408
887.033
880.469
885.938
885.626
888.803
881.875
889.741
849.684
881.772
883.751
883.438
885.157
889.481
886.928
889.689
883.803
883.490
852.862
885.261
888.178
858.331
881.563
887.241
884.063
884.792
888.856
880.365
882.709
884.219
880.208
853.070
886.824
885.053
882.188
883.021
884.063
888.856
883.178
887.917
883.595
852.289
882.761
874.948
847.288
888.127
881.980
874.583
882.032
878.959
876.042
841.298
882.240
877.864
871.718
873.801
871.770
883.907
883.907
885.834
883.490
849.059
879.375
888.959
884.636
886.043
876.302
881.771
877.135
888.752
877.031
851.195
883.855
886.511
875.625
881.876
874.427
888.752
886.043
883.803
890.522
853.799
890.053
885.469
854.216
884.272
888.231
889.845
888.751
889.272
882.083
884.063
879.427
885.938
862.602
883.542
885.574
888.334
886.146
877.552
888.751
887.917
889.116
881.719
859.165
887.865
887.762
859.217
883.907
881.771
887.709
886.303
889.689
880.625
881.250
875.312
880.417
849.632
885.261
888.595
880.833
879.323
879.688
890.054
893.751
880.834
885.313
857.446
885.782
886.668
883.699
880.886
886.355
892.032
883.230
875.573
885.991
862.758
875.364
880.365
845.257
881.459
882.865
880.105
875.989
871.197
875.833
840.517
875.885
878.646
878.333
868.592
870.364
878.802
877.657
888.648
878.958
847.340
877.500
885.105
886.564
875.156
880.573
879.688
876.041
880.574
874.896
848.903
881.094
879.166
873.385
886.824
877.604
873.906
845.934
873.020
868.020
874.323
870.885
872.708
873.228
863.644
872.603
869.270
851.195
866.092
870.833
884.532
881.146
881.615
866.092
837.651
874.583
882.084
870.676
875.937
877.395
880.678
835.360
874.322
880.260
846.194
879.115
867.290
880.104
876.562
880.886
875.365
842.496
878.646
878.594
881.979
876.823
878.855
882.970
867.342
883.698
875.000
844.735
882.708
886.928
885.417
874.219
879.480
880.313
884.532
874.583
877.447
847.600
879.896
877.969
878.906
885.469
878.229
879.323
846.507
879.791
868.853
834.891
875.417
879.584
874.948
884.011
875.573
880.886
843.069
876.510
872.395
876.458
878.959
883.230
876.822
881.095
878.229
876.042
842.704
875.365
873.021
879.844
870.468
872.968
881.928
847.392
872.030
864.738
877.448
877.500
876.459
870.728
841.871
884.740
872.395
841.975
874.270
881.615
869.843
879.062
880.781
869.113
843.277
874.375
874.583
878.229
874.062
880.989
881.407
839.631
870.988
873.750
843.641
872.395
869.634
875.573
873.385
877.187
876.198
843.173
877.396
869.999
872.656
865.988
880.677
879.219
837.912
878.438
873.645
873.750
876.250
871.979
867.915
869.999
867.498
874.531
836.506
883.126
871.614
872.239
875.312
871.874
870.103
842.444
878.750
869.478
872.447
874.375
869.218
871.249
835.881
875.000
886.616
883.074
881.615
878.854
886.355
877.396
883.178
873.072
854.163
877.969
881.198
885.678
881.459
878.438
875.572
881.198
879.428
880.053
851.351
893.231
882.969
882.709
879.740
886.251
873.385
886.615
882.604
878.282
853.018
889.168
880.938
877.604
880.105
