12.657
12.085
12.085
12.033
11.980
11.981
12.032
11.980
11.981
12.085
11.980
11.980
12.033
12.084
11.929
12.033
12.085
12.033
12.085
11.980
11.981
12.033
11.980
12.033
12.033
11.980
11.981
11.980
12.033
12.085
6.616
11.981
12.189
11.981
11.981
12.085
12.032
11.981
12.085
11.981
12.032
12.085
12.033
11.981
12.033
12.032
12.189
11.981
12.085
12.085
11.980
12.084
11.981
11.877
12.085
12.032
12.085
11.981
11.981
12.084
11.980
11.981
11.981
11.980
12.189
10.365
12.033
11.981
11.981
12.032
12.033
11.981
11.981
11.980
11.980
11.980
11.928
11.980
11.981
12.033
11.980
12.033
12.033
11.668
12.033
11.929
12.033
11.980
12.085
12.032
11.981
11.981
12.033
11.981
12.084
12.084
12.033
11.981
11.981
11.200
11.980
12.084
12.085
12.033
11.980
12.032
12.033
12.033
11.929
12.033
12.084
12.189
12.033
12.033
12.033
12.032
12.085
6.199
12.033
11.877
11.929
11.981
12.084
12.033
12.033
11.980
11.981
11.981
11.981
11.981
11.981
12.085
12.032
11.981
9.376
12.085
11.981
12.084
11.981
11.981
11.981
12.085
12.032
12.033
12.033
11.981
12.033
11.981
12.032
11.980
11.980
12.085
7.032
12.032
12.032
12.085
11.981
12.397
11.980
11.929
11.981
12.033
11.981
11.877
11.981
12.033
12.032
12.033
12.033
38.650
11.981
12.032
12.033
12.189
11.980
12.033
12.033
11.981
11.981
12.032
12.033
11.980
11.980
12.033
12.033
11.981
41.724
12.137
11.981
12.033
11.981
12.085
12.033
12.033
12.189
11.981
11.929
12.085
12.085
12.189
11.980
12.085
12.084
12.084
6.720
11.981
11.981
12.033
12.033
12.085
12.085
12.085
12.033
12.033
11.981
11.981
12.033
11.981
11.981
11.981
12.085
11.981
12.032
12.032
11.980
12.084
12.032
11.980
12.084
12.032
11.980
11.980
11.980
11.981
11.981
11.981
11.929
12.032
12.033
6.824
11.980
11.980
12.032
11.929
11.981
11.981
12.033
12.033
11.981
12.033
12.502
11.981
12.085
12.033
12.033
12.033
12.033
11.095
12.084
12.033
11.981
12.084
11.877
12.033
12.032
12.085
11.980
11.980
12.033
11.929
11.981
12.084
12.033
12.085
11.824
12.032
12.032
11.876
12.033
12.085
11.981
12.033
12.033
11.981
12.033
12.033
11.980
12.032
12.032
12.033
11.981
10.418
11.980
11.980
12.032
12.033
12.033
11.980
11.980
12.032
12.085
12.085
11.981
11.980
12.085
11.980
11.980
12.032
11.980
11.512
12.033
11.981
12.085
12.032
12.033
12.085
11.980
12.084
11.980
12.085
11.980
11.929
11.929
11.929
11.981
11.981
10.210
11.720
11.981
11.929
12.033
12.085
12.033
12.033
12.033
12.033
12.189
12.033
12.085
11.929
12.033
12.085
12.032
12.085
11.668
12.032
12.032
12.032
12.085
11.929
12.033
11.981
12.032
12.032
11.980
12.032
11.980
11.980
11.980
11.981
11.981
11.564
11.981
12.033
11.928
11.980
11.928
12.084
11.980
11.876
12.085
11.981
11.981
12.033
12.032
12.085
11.929
12.033
6.303
12.033
11.981
11.981
11.929
11.981
12.085
11.929
11.980
12.032
11.980
12.032
12.033
12.085
11.981
11.981
11.981
11.877
6.928
11.512
11.928
11.981
12.033
11.981
12.033
12.033
11.981
11.981
11.981
11.981
11.981
12.085
11.981
11.981
11.980
46.412
11.981
11.929
12.033
11.981
11.981
11.877
11.980
11.980
11.980
12.032
11.980
12.032
11.981
12.033
12.033
11.981
12.032
6.720
12.033
12.033
11.981
12.033
11.980
11.980
12.085
12.085
11.981
12.084
12.033
12.085
11.981
12.085
11.980
11.980
46.828
11.981
12.033
11.981
11.980
11.877
11.981
11.981
11.981
12.033
12.032
12.032
11.981
11.981
12.033
12.084
12.032
41.307
11.512
12.137
11.981
11.929
11.981
11.929
11.981
12.033
12.084
11.980
11.981
11.981
11.981
11.877
11.877
12.033
12.085
6.563
11.929
12.033
12.033
11.929
11.981
11.980
11.980
11.980
12.033
11.981
12.085
12.084
12.032
11.981
12.085
12.032
12.032
11.981
11.981
12.085
12.085
11.981
11.981
12.085
11.980
11.980
11.980
12.032
11.981
12.033
12.033
12.033
11.980
12.032
6.615
12.032
12.085
11.981
11.981
12.085
11.980
11.981
11.981
11.981
11.981
12.033
12.032
11.981
11.981
11.877
11.981
12.033
10.834
11.981
11.981
11.929
11.981
12.033
11.980
12.033
12.085
12.085
11.981
11.981
12.033
11.981
12.084
11.980
12.033
11.408
12.032
12.032
12.033
12.085
12.033
12.032
12.085
12.033
11.981
11.980
12.032
11.980
12.033
12.033
12.085
12.033
9.428
12.033
11.980
12.032
11.981
12.085
12.033
11.981
12.033
12.033
11.980
11.928
11.980
12.032
12.085
11.981
12.033
12.085
11.199
12.085
11.981
11.980
11.981
12.084
12.084
12.033
12.033
12.033
11.981
11.877
12.033
11.981
11.980
11.980
11.980
37.348
11.200
12.032
12.085
11.980
12.032
11.980
12.084
12.032
12.084
12.032
11.980
12.084
11.981
11.981
11.980
12.032
12.084
10.939
12.033
11.981
12.033
12.085
12.032
12.033
12.033
12.033
11.981
11.981
12.033
11.981
12.085
11.981
12.084
11.980
6.720
11.981
12.032
11.980
12.033
12.085
11.928
12.033
12.032
12.032
11.980
12.084
11.980
11.981
12.085
12.033
11.980
12.032
11.564
12.085
12.033
12.033
12.032
11.980
11.980
11.981
12.033
11.981
11.929
11.929
11.981
11.981
12.085
12.033
11.876
10.002
12.084
11.981
11.877
12.033
12.033
12.033
11.981
11.929
11.981
12.033
12.033
11.980
12.032
12.032
11.981
12.085
12.033
11.616
11.981
12.033
12.032
12.032
11.981
11.981
11.981
12.033
11.981
11.981
12.032
11.876
12.032
12.033
11.981
11.981
10.001
12.033
12.085
11.981
12.032
11.980
11.981
12.085
12.032
11.980
11.980
11.876
11.928
11.980
12.032
12.032
11.980
9.949
11.981
12.085
12.033
12.032
12.085
12.033
11.981
11.981
12.033
11.981
12.032
11.981
12.085
12.085
11.928
12.032
11.981
10.991
11.981
11.929
11.981
11.929
12.033
11.929
12.033
11.981
11.981
12.085
11.981
12.085
11.928
11.928
12.032
11.980
10.209
11.981
12.033
12.085
12.084
12.033
12.033
11.981
11.980
12.033
12.033
11.981
11.877
12.033
11.928
12.084
12.032
12.084
6.719
11.981
11.980
12.032
12.033
11.981
11.929
11.929
11.981
12.033
12.033
11.981
12.032
11.980
11.980
11.929
11.981
40.630
11.929
12.033
11.981
12.085
11.980
12.085
11.929
12.033
12.033
11.929
11.980
12.032
12.033
12.033
11.981
12.033
12.032
6.198
11.355
12.189
11.981
11.980
12.032
12.032
12.033
12.033
11.981
12.033
12.033
12.085
11.980
12.032
11.981
11.981
9.429
11.981
11.981
11.981
12.033
12.084
11.980
12.032
12.085
12.033
11.980
11.980
11.980
12.032
11.980
11.980
12.032
11.980
11.460
11.980
11.981
11.981
12.085
11.981
12.033
11.981
12.085
11.981
11.928
11.980
12.032
11.980
11.981
11.981
12.033
6.198
11.980
11.981
11.981
11.981
12.033
12.033
11.981
12.033
11.980
11.980
12.032
12.032
12.085
12.033
11.981
12.085
12.033
6.823
11.564
11.981
12.033
12.033
11.980
12.032
12.032
12.033
12.085
12.084
11.981
11.928
12.085
11.981
11.981
12.033
46.776
11.981
11.981
12.085
11.980
11.980
12.137
12.085
12.033
12.085
12.033
11.980
12.084
11.981
12.033
12.085
11.980
41.619
11.980
12.085
12.032
11.980
11.981
12.032
12.033
12.033
12.085
11.877
11.928
11.980
12.085
12.032
11.981
12.033
12.033
6.823
11.980
11.877
12.032
11.929
11.980
12.033
12.085
11.981
12.085
12.033
11.981
12.032
12.033
12.033
12.085
12.033
47.401
12.189
12.032
12.085
12.033
11.981
11.981
12.033
12.033
12.033
11.981
11.981
11.981
11.877
12.033
12.033
12.033
12.033
10.313
12.033
12.033
12.033
12.085
11.981
11.981
12.033
11.981
11.980
11.980
12.033
11.981
11.981
12.032
12.033
11.981
11.928
11.355
12.032
11.980
12.033
12.032
12.033
11.981
11.981
12.033
12.085
