6.407
11.199
11.199
11.199
11.095
10.991
11.095
11.096
11.200
11.095
11.043
11.095
11.095
11.096
11.095
11.095
11.095
10.991
11.095
11.095
11.043
11.095
11.043
11.043
11.147
11.096
11.043
11.095
11.043
11.095
11.095
11.095
10.991
11.147
11.199
11.147
10.678
11.095
10.991
11.147
10.991
11.095
11.043
11.199
11.043
11.095
11.095
11.200
10.991
11.095
11.147
11.147
11.147
11.095
11.199
11.147
10.990
11.095
11.095
11.095
11.095
11.096
11.095
11.095
11.148
10.991
11.095
11.147
11.148
11.043
11.095
11.147
6.302
11.147
11.095
11.147
11.148
11.095
11.199
11.147
11.147
11.095
11.147
11.095
11.147
11.095
11.095
11.095
11.095
6.303
11.096
11.095
11.095
11.095
11.095
11.095
11.199
11.095
11.200
10.991
11.147
11.095
11.095
11.096
11.147
11.095
11.043
5.208
11.199
10.991
10.991
11.095
11.147
11.095
11.147
11.147
11.095
11.147
11.095
10.990
11.095
11.095
11.095
11.147
10.991
45.735
11.199
11.147
11.095
11.147
11.095
11.147
11.095
11.147
11.095
11.095
11.147
11.147
11.095
11.095
11.095
11.095
10.991
48.703
6.303
11.408
11.095
11.095
11.095
11.095
10.991
10.991
11.147
11.147
11.096
11.147
11.095
11.147
11.095
11.095
11.095
10.990
6.980
11.095
11.096
11.147
10.991
11.095
11.148
11.095
11.200
10.991
11.095
11.095
11.095
11.095
11.095
11.095
11.147
41.307
10.366
11.043
11.147
11.200
10.991
11.199
11.199
11.095
11.095
11.095
11.095
11.043
11.199
11.147
10.991
11.095
11.043
11.147
6.511
11.147
11.095
11.147
11.095
11.095
10.991
11.095
11.095
11.095
11.043
11.147
11.043
11.147
10.991
10.991
11.095
11.199
6.512
11.148
11.095
10.991
11.095
11.095
11.096
11.147
11.095
11.095
11.095
11.095
11.095
10.990
10.991
10.990
11.199
11.043
9.428
11.095
11.095
10.990
11.147
11.147
11.095
11.095
11.199
10.991
11.148
11.200
11.095
11.095
11.095
10.991
11.043
11.200
37.713
10.991
11.148
11.095
11.095
11.147
11.147
11.147
11.147
11.147
10.991
11.095
10.991
10.991
11.095
11.147
11.095
11.147
9.532
11.199
11.200
11.095
11.095
11.095
11.199
10.991
11.148
11.147
11.095
11.095
11.095
11.095
10.991
11.095
11.095
11.095
5.521
11.095
11.095
10.990
11.095
11.043
11.095
11.095
11.095
10.991
11.095
11.200
11.043
11.043
10.991
11.095
11.095
11.200
44.745
11.095
11.095
10.991
11.095
11.043
10.991
11.199
11.095
11.095
11.095
11.043
11.095
11.095
11.095
10.991
11.095
11.095
47.141
9.897
11.095
11.095
11.043
11.199
11.095
11.095
11.199
11.095
11.147
11.096
11.095
11.095
11.199
11.199
11.095
10.991
11.043
11.199
11.148
10.991
11.095
11.095
10.991
11.043
11.095
11.147
10.991
11.148
11.199
11.095
11.095
11.095
11.095
11.096
5.991
11.147
11.147
11.043
11.095
11.199
10.991
11.095
11.095
11.042
11.095
11.147
11.095
11.095
11.095
11.147
11.095
11.147
45.370
10.991
11.095
11.095
11.095
11.096
10.991
10.991
11.043
11.199
11.095
11.095
10.991
11.200
10.991
11.043
11.095
11.095
11.095
4.793
11.095
11.095
11.095
11.095
11.043
10.991
11.199
11.147
10.991
11.095
11.096
11.147
11.043
11.095
10.991
11.199
11.147
6.719
10.886
11.095
11.096
11.095
11.095
11.095
11.043
11.095
11.095
11.095
11.095
11.095
11.147
11.095
10.991
11.095
11.043
10.991
11.095
11.095
10.991
11.095
11.147
11.095
11.095
11.095
11.095
11.095
11.095
11.095
11.095
10.991
11.200
10.990
11.095
9.376
11.043
11.200
11.095
11.095
10.991
11.095
11.095
11.147
11.095
11.148
10.991
11.147
11.095
11.043
10.991
11.095
11.095
6.199
11.095
11.095
11.042
11.096
11.095
10.991
11.095
11.200
11.199
11.200
11.043
11.095
11.147
10.991
11.095
11.095
10.990
9.481
9.480
11.095
11.096
11.095
10.991
11.095
10.990
11.147
11.147
11.043
11.095
11.095
11.043
11.147
11.095
11.147
11.147
38.025
11.043
11.043
11.200
11.043
11.147
11.199
11.147
11.095
11.043
11.095
11.096
10.991
11.095
10.991
11.095
11.095
10.991
6.668
11.095
11.095
11.147
11.095
11.095
11.095
11.147
10.991
11.095
10.991
11.147
11.147
11.095
11.095
11.095
11.095
11.095
9.428
11.147
11.096
11.043
11.199
10.991
11.043
11.096
11.095
11.043
11.147
11.095
11.095
11.043
11.147
11.095
11.095
11.095
39.536
11.095
11.095
11.095
11.095
10.991
11.095
11.095
11.095
10.991
11.095
11.095
11.095
11.095
11.095
11.148
11.096
11.095
10.991
11.147
11.200
11.095
11.095
11.095
11.199
11.147
11.147
11.147
11.147
11.095
11.095
11.095
11.095
11.200
11.095
11.043
11.095
10.783
11.095
11.095
11.095
11.043
11.096
10.991
11.095
11.200
11.199
11.148
11.147
11.148
11.043
10.991
11.096
11.095
37.609
10.418
10.991
11.043
11.147
10.991
11.147
11.148
10.991
11.043
11.095
11.096
11.147
11.095
11.199
11.095
11.199
11.095
11.095
11.199
11.200
10.991
10.991
11.095
11.095
11.199
11.147
11.147
11.095
11.042
11.095
11.095
10.991
11.096
11.095
11.095
10.991
9.376
11.200
11.095
11.147
11.095
11.148
11.095
11.095
11.148
11.095
11.147
10.991
11.095
11.147
11.095
10.991
11.095
11.095
6.199
11.095
11.147
11.043
11.095
11.148
11.095
11.095
11.095
10.991
11.096
11.199
11.095
11.199
11.095
11.095
11.043
11.199
9.428
11.095
11.095
11.199
10.991
11.199
11.095
11.095
10.991
11.095
11.199
11.199
11.095
11.095
11.095
10.991
10.991
11.095
6.771
10.626
11.043
11.147
11.199
11.095
11.095
11.147
11.095
11.095
11.095
11.095
11.199
10.991
11.095
11.095
10.991
10.991
5.991
11.147
10.991
11.095
11.095
11.095
11.043
11.147
11.095
11.095
11.095
11.043
11.147
10.991
11.095
11.095
11.096
11.095
43.182
11.147
11.096
11.095
10.991
11.043
11.095
10.991
11.095
11.147
11.095
11.095
10.991
11.095
11.043
11.095
11.043
11.095
47.557
11.095
11.095
11.147
11.095
11.199
11.147
10.991
11.095
11.147
11.095
11.095
11.095
11.147
11.095
10.990
11.200
11.095
11.199
11.199
11.147
11.095
11.042
11.095
11.095
11.199
11.095
11.148
11.095
10.991
11.095
11.199
11.043
11.095
11.147
11.095
5.991
11.148
10.991
11.095
11.095
11.095
11.095
11.147
11.095
11.199
11.095
11.147
11.147
11.095
11.095
11.095
11.095
10.990
41.828
11.147
11.095
11.095
11.095
11.147
10.991
11.095
11.043
10.991
10.991
10.991
10.991
11.199
11.095
11.096
10.991
11.043
47.610
10.886
10.991
11.095
11.095
11.043
11.147
11.095
10.991
10.991
11.095
11.095
11.043
11.095
10.991
10.990
10.991
11.095
10.991
11.147
11.095
11.095
11.095
10.991
11.095
11.095
11.199
11.095
10.991
10.990
11.147
10.991
11.147
11.095
11.199
11.147
10.991
10.835
10.991
11.042
11.095
11.096
11.095
10.991
11.095
11.095
11.043
11.095
10.991
11.043
11.147
11.095
11.095
11.095
6.199
11.095
10.991
10.991
11.148
11.043
10.991
10.991
10.991
11.095
11.147
11.095
11.147
10.991
10.991
11.095
11.199
10.991
46.412
11.303
11.199
11.199
11.147
11.095
11.043
11.095
11.043
11.148
11.043
11.095
11.095
11.095
11.042
11.148
11.147
11.199
48.287
11.147
11.200
11.095
11.147
10.991
11.095
11.147
11.043
11.095
11.095
11.095
11.095
10.991
10.991
11.147
10.991
11.095
45.735
11.095
11.043
11.095
11.095
11.147
10.991
11.095
10.991
11.095
11.043
11.043
11.096
11.095
11.147
10.991
11.095
11.095
9.532
11.147
11.147
10.991
11.095
11.200
11.043
11.095
11.095
11.095
10.991
11.147
11.095
11.095
11.095
11.095
11.095
11.095
9.533
11.096
11.095
11.095
11.095
10.991
11.199
11.147
11.043
11.095
11.251
11.199
11.095
11.147
11.095
11.095
10.991
11.095
37.400
11.304
11.095
11.043
11.043
11.095
11.199
11.095
