17.606
16.981
17.137
17.085
17.033
17.138
16.981
10.834
17.033
17.034
17.033
17.033
17.138
17.034
17.033
17.137
16.981
17.033
17.086
17.086
17.138
17.033
17.137
40.109
16.669
17.085
16.981
16.982
17.034
17.085
17.189
17.033
16.981
17.085
17.190
17.085
16.982
17.086
17.086
17.033
16.513
17.189
17.189
17.085
17.137
17.085
17.189
16.981
16.981
16.982
17.190
17.137
16.981
17.085
17.033
17.034
10.886
17.086
16.981
16.981
17.085
17.086
17.190
17.033
17.085
17.085
17.086
17.033
17.033
17.033
16.981
17.033
40.213
17.555
16.981
17.190
16.981
16.981
17.033
17.034
17.190
17.033
16.981
16.981
16.982
17.138
16.981
17.033
17.137
13.491
17.346
16.981
16.982
16.981
17.138
17.137
17.189
17.033
17.086
16.981
16.981
17.137
16.981
17.033
14.064
16.981
17.085
17.085
17.085
17.085
17.138
16.982
16.981
17.137
17.085
16.981
17.138
16.982
17.085
17.085
17.137
16.616
17.137
15.366
16.981
17.085
17.033
14.377
17.086
17.085
14.585
17.190
17.033
16.982
17.190
16.981
17.034
13.179
12.397
15.054
17.398
17.033
17.085
17.137
17.138
16.981
17.137
17.033
17.033
17.033
17.033
17.033
17.033
41.672
17.085
17.086
17.085
17.085
16.981
16.981
16.981
17.033
16.981
16.982
17.190
17.189
17.033
16.982
17.033
17.033
16.461
17.086
17.085
17.085
17.189
17.189
17.189
16.981
17.086
17.086
17.190
16.982
17.033
17.033
17.138
17.085
16.043
16.981
17.033
17.033
17.085
17.189
16.981
17.137
17.189
16.981
17.189
17.137
17.086
16.981
16.981
16.981
11.616
16.981
17.190
17.190
17.033
17.033
17.034
17.086
17.138
17.137
17.033
17.034
17.138
17.033
17.033
16.981
12.814
17.137
16.981
17.085
16.982
17.138
16.981
17.189
17.138
17.033
17.034
17.137
16.981
16.981
17.033
17.034
46.620
17.137
17.086
17.085
17.085
17.085
16.981
16.981
17.086
17.086
17.190
17.085
17.085
17.190
17.138
17.138
50.423
17.085
17.085
17.085
17.086
17.033
17.033
17.085
17.137
17.034
17.033
17.137
17.085
17.085
17.085
17.085
16.981
16.981
17.033
16.981
17.190
17.033
16.982
17.034
17.086
17.085
17.085
17.085
16.981
17.085
17.033
17.086
17.033
17.189
16.981
17.085
17.085
17.085
17.034
17.085
17.086
17.085
17.085
16.981
17.086
16.981
16.981
17.033
46.100
17.190
16.981
17.033
17.086
17.033
16.981
17.138
16.981
16.981
17.190
17.086
17.085
17.085
17.137
17.085
17.086
14.741
17.033
17.085
17.033
16.982
16.981
17.190
17.085
17.137
17.085
17.034
17.085
17.033
17.033
17.137
17.085
16.825
17.085
16.981
17.085
17.085
17.086
17.086
17.138
16.981
17.137
17.033
16.982
17.190
17.138
17.138
17.137
13.387
17.450
16.981
16.982
16.981
17.085
17.137
17.033
16.981
17.085
16.981
16.981
17.085
17.085
17.137
17.033
15.523
17.033
17.033
17.034
17.085
17.033
17.034
16.981
17.085
17.137
17.085
17.085
16.981
16.982
17.190
17.086
12.501
17.033
17.086
17.190
16.982
17.190
16.981
17.033
17.137
17.085
17.033
17.033
16.981
16.981
17.034
17.085
15.054
17.086
17.085
17.033
16.982
17.086
17.085
17.085
17.085
16.982
16.981
17.033
17.085
16.981
17.034
17.034
47.766
17.085
17.137
17.085
17.137
16.981
17.190
16.981
17.033
17.086
17.086
17.085
17.085
17.189
17.137
16.981
52.142
16.981
16.981
16.981
17.033
17.034
16.981
16.981
17.137
17.137
17.086
16.981
17.085
17.033
17.086
17.086
16.981
15.470
17.190
17.086
17.138
17.086
17.137
17.033
17.189
17.033
17.137
16.981
17.033
17.034
17.086
17.085
17.033
13.491
17.137
17.190
17.033
17.033
17.085
17.138
17.033
16.981
16.981
16.981
16.981
17.033
16.981
17.606
17.033
17.189
17.085
17.190
17.085
16.981
17.086
17.190
17.034
17.138
16.981
17.033
17.086
17.086
17.033
17.085
16.981
13.178
17.033
16.982
17.033
17.085
17.085
17.189
17.085
17.085
16.982
17.033
17.085
16.981
17.085
17.085
16.981
15.210
17.137
17.033
17.085
17.085
16.981
17.033
16.981
17.033
17.034
17.033
17.085
17.033
16.981
16.981
17.085
46.516
17.033
17.033
17.138
16.982
16.982
17.086
17.138
17.190
17.085
17.085
17.189
17.137
16.981
17.033
17.033
17.034
17.190
17.086
16.981
17.033
17.085
17.085
17.137
17.085
17.138
17.085
17.085
17.190
16.982
17.085
17.033
17.606
16.877
17.085
17.138
17.086
17.033
17.085
16.981
17.189
17.086
17.085
16.981
17.033
17.034
17.033
17.033
45.995
16.981
17.033
16.981
16.982
17.086
17.033
17.137
17.033
17.138
17.138
17.137
17.137
17.034
17.034
17.034
17.033
16.773
17.085
16.981
17.086
17.190
17.190
17.085
16.981
16.982
17.033
17.033
16.981
16.981
16.981
17.085
17.137
13.283
17.450
17.085
17.085
16.981
17.033
17.034
17.190
17.086
16.981
17.085
17.138
17.034
17.033
16.981
17.033
15.627
17.086
16.981
17.086
17.085
17.033
17.085
16.982
17.033
16.981
17.189
16.981
16.981
17.086
17.085
17.085
45.005
16.981
17.033
17.085
17.033
17.033
16.981
17.085
17.085
16.981
17.137
17.086
16.982
17.033
17.137
17.086
16.981
17.242
17.033
17.033
17.137
17.033
16.981
17.033
17.137
17.138
17.086
17.033
17.033
17.086
17.033
17.189
44.380
17.086
17.033
17.086
17.138
17.033
17.034
17.086
17.085
17.085
17.137
17.033
17.138
17.190
17.085
17.033
52.298
17.189
17.085
16.981
16.982
17.033
17.137
16.981
17.138
17.138
17.086
17.033
16.981
17.033
16.981
17.034
17.034
17.190
17.086
17.085
17.189
17.085
17.085
17.085
16.982
17.086
17.085
16.981
16.981
17.086
16.981
17.190
17.086
12.918
16.981
16.981
17.033
16.981
17.190
16.982
17.033
17.189
17.138
17.085
17.137
16.981
16.981
16.982
17.086
15.731
11.720
17.138
17.085
17.085
17.085
17.034
16.981
16.982
16.981
16.981
17.138
17.033
17.085
17.137
16.981
46.672
17.033
17.034
17.086
16.982
17.137
17.137
17.085
16.981
17.137
17.085
17.137
17.085
17.033
17.086
17.086
15.575
17.242
17.086
17.034
17.033
17.085
16.981
17.034
17.033
17.033
17.033
17.086
17.033
17.033
17.085
17.138
47.141
16.564
17.033
16.981
17.085
16.981
17.085
17.085
17.086
17.086
17.190
17.502
16.981
17.137
16.981
16.981
16.981
17.033
17.138
17.033
16.981
17.137
17.137
17.137
17.137
16.981
17.085
17.033
17.085
17.085
16.982
17.086
17.085
11.512
16.981
17.085
17.085
17.034
17.085
17.137
16.981
17.033
17.085
17.138
16.981
17.085
16.981
16.981
17.034
12.605
16.981
17.085
17.085
17.189
17.033
17.086
17.086
17.033
17.033
16.981
16.981
17.034
17.086
17.086
17.137
47.662
17.033
17.138
17.189
17.033
17.034
16.981
17.033
17.086
17.137
17.190
17.137
17.190
17.138
17.034
16.981
12.970
16.513
17.086
17.086
17.138
17.034
17.085
17.085
17.085
17.137
16.981
17.085
17.137
17.033
17.137
17.085
44.850
17.085
17.137
16.981
17.138
17.086
17.086
17.085
17.137
17.033
17.086
17.137
17.085
17.137
17.085
16.982
16.981
16.409
16.981
17.085
17.033
17.033
17.189
17.085
17.086
17.137
17.033
17.086
17.085
16.981
17.086
17.085
17.085
17.085
17.137
17.137
17.085
17.033
17.137
17.189
17.085
17.033
17.033
17.085
17.085
17.137
16.982
17.085
16.981
13.387
17.294
16.981
17.033
17.033
17.137
17.085
17.034
17.033
16.981
17.137
16.981
17.033
17.033
17.034
17.085
16.095
17.034
17.085
17.085
17.033
16.981
17.033
16.982
17.190
16.981
16.981
17.033
17.085
17.137
17.137
17.137
12.293
17.034
17.033
16.981
17.033
17.034
17.086
17.033
16.981
16.981
17.034
16.981
16.981
16.930
17.137
16.981
15.002
17.085
17.137
17.085
17.033
17.086
17.137
17.190
17.086
17.138
17.033
17.137
17.033
17.034
17.138
17.033
45.891
17.137
17.086
16.981
16.981
16.981
16.982
17.033
