6.616
12.085
11.877
11.929
11.929
11.928
11.929
11.980
11.929
11.929
11.876
11.876
11.981
11.876
11.928
11.929
11.876
46.360
12.033
11.928
11.824
11.929
11.981
11.928
11.877
11.929
11.876
11.928
11.877
11.877
11.928
11.980
11.877
11.876
11.876
6.459
11.877
11.929
11.980
11.981
11.876
11.876
11.877
11.877
11.980
11.877
11.929
11.876
11.929
12.084
11.929
11.876
11.929
11.147
11.877
12.033
11.876
11.980
12.085
11.981
11.928
11.877
11.928
11.929
11.928
11.928
11.929
11.980
11.929
11.876
45.839
11.980
11.928
11.929
11.876
11.877
11.929
11.980
11.980
11.928
11.929
11.928
11.928
11.929
11.876
11.877
11.929
6.198
11.876
11.877
11.825
11.980
11.929
11.980
11.876
11.877
11.876
11.876
11.929
11.876
11.928
11.929
11.928
11.877
11.928
7.033
9.064
11.877
11.876
11.981
11.876
11.876
11.825
11.980
11.981
11.824
11.772
11.877
11.877
11.980
12.397
11.876
45.578
11.511
11.981
11.876
11.929
11.928
11.824
11.980
11.929
11.877
11.876
11.928
11.877
11.929
11.876
11.876
12.032
11.929
10.886
12.033
11.876
11.876
11.929
11.980
11.877
11.876
11.929
11.928
11.928
11.981
11.980
11.928
11.929
11.928
11.928
12.085
7.085
11.876
11.929
11.980
11.877
11.876
11.876
11.929
11.928
11.981
11.981
11.980
11.929
11.928
11.929
11.928
11.877
9.949
11.929
11.876
11.929
11.876
11.928
11.876
11.772
11.877
11.928
11.981
11.876
11.929
11.928
11.929
11.876
11.876
11.981
11.199
11.928
11.877
11.876
11.876
11.877
11.824
11.981
11.928
11.981
11.929
11.928
11.929
11.929
11.876
11.773
11.877
46.464
11.980
11.877
11.981
11.981
11.876
11.825
11.928
11.928
12.085
11.877
11.824
11.876
11.929
11.876
11.981
11.928
11.929
6.668
11.928
11.877
11.928
11.824
11.876
11.981
12.033
11.929
11.929
11.928
11.980
11.877
11.980
11.929
11.980
11.981
11.981
6.980
11.929
11.929
11.980
11.981
11.928
11.877
11.876
11.981
11.928
11.928
11.929
12.033
11.876
11.928
11.929
11.981
46.099
11.928
12.033
11.928
11.929
11.928
11.929
11.876
11.981
11.929
11.929
11.877
11.928
11.929
11.980
11.877
11.980
47.193
12.033
11.928
11.929
11.876
11.929
11.981
11.928
11.929
11.876
11.876
11.877
11.876
11.981
11.876
11.876
11.981
11.928
6.772
11.929
11.981
11.876
11.929
11.929
11.928
11.877
11.981
11.929
11.928
12.085
11.928
11.877
12.084
11.929
11.876
11.824
6.980
11.981
11.928
11.877
11.928
11.929
11.928
11.929
11.876
11.928
11.877
11.876
11.929
11.929
11.928
11.825
11.928
47.401
12.032
11.981
11.928
11.929
11.981
11.825
11.981
11.981
11.876
11.877
11.928
11.981
11.928
11.928
11.929
11.876
11.929
6.250
11.981
11.981
11.929
11.772
11.929
11.980
11.981
11.772
11.928
11.877
11.929
11.772
11.981
11.876
11.980
11.929
9.376
11.981
11.928
11.876
11.929
11.928
11.876
11.981
11.876
11.981
11.981
11.876
11.877
11.981
11.929
11.929
11.980
11.929
6.407
11.459
11.929
11.876
11.877
11.981
11.981
11.980
11.928
11.877
11.928
11.929
11.876
11.877
11.877
11.928
11.929
11.876
6.980
11.928
11.877
11.876
11.929
11.929
11.877
11.876
11.929
11.929
11.981
11.876
11.877
11.981
11.928
11.824
11.981
47.610
11.877
12.033
11.928
11.877
11.928
11.929
11.981
11.981
11.980
11.981
11.929
11.876
11.876
11.980
11.876
12.085
11.876
6.251
11.876
11.877
11.980
11.824
11.981
11.876
11.876
11.929
11.981
11.876
11.981
11.929
11.928
11.877
11.928
11.876
9.376
11.929
11.928
11.876
11.876
11.981
11.981
11.929
11.876
11.928
12.085
11.929
11.928
11.929
11.877
11.928
11.877
11.876
6.876
11.825
11.981
11.928
11.876
12.085
11.928
11.980
11.929
11.876
11.981
11.824
11.980
11.877
11.877
11.876
12.033
46.516
11.981
11.928
11.928
11.929
11.876
11.876
11.929
11.928
11.877
11.929
11.876
11.929
11.877
11.876
11.877
11.928
11.928
11.407
11.876
11.981
11.929
11.928
11.877
11.981
11.876
11.928
12.085
11.980
11.929
11.929
11.928
11.928
11.929
11.981
11.876
5.626
11.928
11.981
11.929
11.928
11.928
11.980
11.772
11.929
11.876
11.876
12.033
11.981
11.876
11.928
11.981
11.928
6.563
11.928
11.929
11.980
11.824
11.981
11.928
11.981
11.876
11.876
11.876
11.877
11.928
11.824
11.928
11.929
11.876
11.772
11.980
11.980
11.929
11.928
11.929
11.877
11.824
11.876
11.824
11.928
11.877
11.825
11.929
11.876
11.929
11.825
11.928
6.303
11.981
11.877
11.928
11.876
11.929
11.928
11.876
11.877
11.876
11.876
11.981
12.084
11.877
11.980
11.929
11.980
11.929
6.823
11.928
11.981
11.929
11.981
11.876
11.928
11.876
11.929
11.928
11.876
11.929
11.876
11.824
11.928
12.085
11.928
11.981
11.512
11.929
11.877
11.876
11.928
11.929
11.928
11.929
11.876
11.929
11.876
11.876
11.928
11.929
11.876
11.929
11.980
12.137
11.980
11.877
11.824
11.980
11.929
11.928
11.928
11.773
11.825
11.876
11.928
11.929
11.929
11.824
11.824
11.877
46.152
11.980
11.928
11.929
11.928
11.876
11.981
11.876
11.928
11.876
11.877
11.929
12.085
11.929
11.876
11.876
11.877
12.033
9.377
11.981
11.929
11.928
11.877
11.877
11.876
11.928
11.877
11.928
11.876
11.824
11.876
11.928
12.033
11.876
11.876
11.929
10.991
11.876
11.981
11.876
11.981
11.928
11.928
11.981
11.928
11.981
11.980
11.876
11.929
11.876
11.980
11.929
11.876
46.672
12.033
11.877
11.929
11.876
11.928
11.876
11.929
11.929
11.876
11.824
11.928
11.928
11.981
11.877
11.929
11.876
45.161
11.876
11.876
11.981
11.876
11.981
11.980
11.929
11.929
11.928
11.929
11.877
11.928
11.876
11.877
11.980
11.824
11.824
6.303
11.408
11.929
11.928
11.929
11.876
11.928
11.877
11.876
11.876
11.876
11.877
11.929
12.032
11.876
11.877
11.876
11.876
6.719
11.929
11.876
11.928
11.876
11.877
11.981
11.928
11.981
11.824
11.928
11.877
11.980
11.981
11.876
11.876
11.876
11.981
11.877
11.877
11.980
11.877
11.928
11.876
11.981
11.876
11.876
11.929
11.928
11.929
11.876
11.928
11.929
11.876
11.824
5.886
11.876
11.928
11.877
11.928
11.928
11.824
11.981
11.876
11.929
11.928
11.981
11.928
11.981
11.876
11.928
11.877
41.255
9.949
11.876
11.929
11.825
11.876
11.876
11.929
11.929
11.981
11.876
11.928
11.877
11.980
11.928
11.929
11.928
11.929
6.095
11.876
11.981
11.981
11.928
11.876
11.876
11.876
11.981
11.876
11.928
11.928
11.877
11.929
11.929
11.929
11.877
11.929
6.719
11.303
11.928
11.876
11.928
11.929
11.877
11.981
11.876
11.876
11.980
11.877
11.929
11.981
11.980
11.876
11.929
11.877
6.303
11.877
11.929
11.929
11.928
11.928
11.929
11.981
11.876
11.876
11.928
11.876
12.033
11.877
11.824
11.876
11.980
11.877
10.053
11.928
11.877
11.981
11.928
11.877
11.929
11.876
11.928
12.033
11.929
11.772
11.876
11.928
11.825
11.877
11.928
6.303
11.929
11.980
11.876
11.876
11.876
11.877
11.877
11.929
11.929
11.928
11.928
11.929
11.929
11.929
11.929
11.980
11.876
11.928
11.876
11.981
11.929
11.876
11.876
12.032
11.772
11.772
11.928
11.876
11.824
11.824
11.928
11.928
11.929
11.929
10.887
11.877
11.877
11.877
11.876
11.980
11.928
11.929
11.877
11.929
11.929
11.876
11.824
11.928
11.876
11.928
11.929
11.929
11.408
11.929
11.928
11.876
11.825
11.928
11.928
11.981
11.876
11.929
11.928
11.981
11.928
11.877
11.929
11.980
11.929
11.824
11.929
11.876
11.928
11.929
11.824
11.928
11.928
11.980
11.876
11.877
11.876
11.825
11.876
11.877
11.877
11.824
11.928
11.876
11.981
11.876
11.928
11.928
11.876
11.824
11.824
11.876
11.928
11.876
11.824
11.876
11.928
11.876
11.876
