46.204
46.568
45.005
45.005
46.412
45.162
46.516
46.516
46.412
39.900
45.006
46.464
46.464
45.058
46.360
45.006
45.005
46.464
46.359
45.057
45.058
44.953
45.058
44.953
45.005
80.791
46.724
45.057
46.516
45.005
46.412
45.057
46.464
44.954
46.516
46.412
46.464
46.464
45.005
45.005
45.006
46.464
78.291
46.464
46.412
45.005
45.005
45.006
45.005
46.307
44.954
45.058
46.464
46.412
46.464
46.412
45.058
46.308
46.360
44.693
45.006
45.057
46.516
46.412
46.412
46.412
46.412
45.005
45.005
46.464
45.005
45.006
46.412
46.412
45.006
74.957
46.777
45.110
46.412
45.005
46.412
46.412
46.516
45.005
45.110
46.464
45.058
46.360
46.464
45.006
46.464
46.464
74.175
44.745
46.412
46.360
46.412
44.954
46.464
46.464
46.308
45.006
45.110
45.058
46.360
46.360
46.464
45.058
46.203
45.005
45.006
46.412
46.412
46.464
44.954
44.953
46.412
46.411
46.359
45.109
44.954
44.953
46.359
45.005
77.353
45.266
46.412
46.464
45.005
46.464
44.954
46.412
46.464
45.005
45.005
45.006
45.005
45.006
46.464
46.360
46.412
78.447
45.006
45.057
46.359
46.359
46.360
46.360
46.360
45.110
45.005
46.359
46.412
46.308
45.109
45.005
46.464
45.057
45.005
46.360
45.109
46.464
46.464
46.360
45.005
46.360
46.308
46.360
44.953
44.954
46.412
44.901
46.411
46.412
73.134
45.162
46.464
46.308
44.953
46.359
46.464
46.360
46.464
46.308
45.057
45.057
45.109
46.411
44.953
45.057
46.360
74.540
44.954
45.110
46.412
46.412
46.360
46.464
44.901
46.412
45.057
44.901
44.953
45.058
46.464
46.516
46.359
77.665
45.318
46.360
45.057
45.005
46.412
46.412
46.308
45.058
45.057
46.411
45.005
44.901
45.110
44.953
46.411
46.359
73.238
46.515
45.005
45.057
45.006
46.412
46.412
46.412
46.307
45.005
44.954
46.360
44.953
46.360
45.058
46.412
44.901
44.797
46.464
46.360
45.006
46.464
46.360
46.464
45.110
46.464
46.412
44.953
45.057
46.464
46.359
46.412
46.463
76.050
45.266
46.360
45.005
46.359
45.005
46.464
44.954
46.412
44.953
46.412
45.058
46.308
44.953
46.308
45.058
46.360
74.488
46.464
45.058
45.006
46.308
46.464
46.412
46.308
44.953
46.307
46.256
44.954
46.360
46.359
45.005
45.005
76.571
41.984
46.307
46.359
46.411
45.005
44.953
44.953
46.464
46.411
46.411
46.307
46.359
46.360
44.954
46.412
46.308
75.790
46.412
46.307
46.308
46.360
46.412
46.412
45.058
46.412
46.412
45.005
46.412
45.005
45.005
44.953
44.953
44.954
43.338
45.005
46.412
45.005
46.360
45.057
46.412
46.464
46.411
44.953
46.412
46.360
44.901
46.359
46.359
45.109
75.269
46.412
45.058
46.412
46.360
46.360
45.005
46.464
46.412
46.360
46.307
44.953
45.005
46.464
46.412
46.360
45.058
74.123
46.673
46.412
45.058
46.412
46.360
46.412
45.110
44.953
44.901
45.006
45.110
46.568
46.412
45.006
46.360
46.464
44.797
45.006
46.412
44.953
46.464
45.006
45.005
46.464
45.005
45.005
46.359
45.005
44.954
46.463
44.953
46.360
76.884
46.516
45.058
46.412
45.006
45.005
45.058
46.360
44.901
46.412
46.359
45.005
44.954
46.568
46.359
45.057
45.005
46.516
44.953
45.005
46.411
46.463
44.953
46.412
46.308
46.412
46.412
46.308
44.953
45.005
45.006
46.360
46.307
73.342
45.214
45.005
46.359
46.359
44.901
44.953
46.359
45.005
44.953
46.411
46.359
46.411
46.411
44.901
46.360
46.360
75.790
45.006
46.360
46.464
44.953
46.412
46.360
46.412
45.005
45.057
45.006
45.057
45.005
46.411
46.307
45.005
46.360
45.057
46.516
46.412
45.005
46.360
46.359
46.411
45.005
46.411
45.109
46.464
44.953
45.057
46.412
46.464
46.463
74.227
46.464
46.412
46.412
44.953
46.360
46.307
46.359
46.307
46.464
46.307
46.359
45.057
45.057
46.463
46.307
76.780
45.162
46.568
45.162
45.005
46.360
46.412
46.360
44.953
46.359
45.109
45.110
45.058
46.412
45.057
44.901
45.058
73.498
46.516
46.307
44.901
44.901
44.953
45.058
46.516
45.005
46.412
46.412
46.308
46.360
46.360
46.359
45.005
44.954
76.051
46.516
46.412
44.953
45.005
46.412
46.360
46.360
46.412
46.411
46.307
46.411
45.057
46.359
45.005
46.308
46.360
46.099
46.412
46.411
46.359
46.359
46.464
45.057
46.359
45.057
45.058
46.412
44.901
46.412
46.412
46.412
46.360
74.020
45.214
45.005
46.411
45.057
45.057
46.412
45.006
45.005
46.412
46.308
44.953
45.058
44.954
46.412
45.005
44.953
77.926
46.672
45.057
46.360
46.308
45.006
44.953
46.411
45.005
45.058
44.953
44.901
46.308
46.360
45.005
46.412
77.457
45.266
46.360
45.057
45.005
46.412
46.464
46.359
45.006
46.360
44.901
46.412
46.359
46.411
46.412
45.006
46.308
74.332
46.516
45.006
45.005
46.464
46.255
45.005
46.360
46.360
46.464
46.412
46.308
46.412
45.006
45.110
45.005
46.307
78.656
46.047
46.464
45.005
46.360
46.307
45.058
46.516
46.464
45.005
46.412
46.412
46.360
46.360
46.412
46.412
73.655
46.516
46.464
46.308
45.006
46.412
46.412
46.412
46.412
45.110
46.412
44.901
46.360
45.005
46.463
45.161
45.005
71.207
46.620
46.360
46.412
46.360
46.308
45.006
46.360
44.953
46.412
46.359
45.005
45.058
46.360
46.412
44.953
46.359
76.728
46.360
46.360
44.953
44.954
46.412
46.307
46.412
44.953
46.411
46.360
46.412
46.308
46.360
45.057
45.057
77.196
46.620
46.359
45.006
46.412
45.005
45.109
44.953
45.005
46.411
46.464
45.110
45.005
45.005
46.360
44.953
46.359
46.672
45.109
45.057
44.954
45.058
46.516
46.359
46.308
46.412
46.412
46.464
46.308
46.464
46.360
44.954
45.057
72.248
46.828
44.954
46.307
44.953
46.412
45.006
44.953
45.057
46.360
46.360
46.308
45.005
45.057
44.954
45.057
46.359
75.634
45.213
46.307
46.412
46.359
44.901
46.412
46.412
46.412
46.411
44.953
46.464
46.307
46.308
46.308
46.412
45.057
74.748
46.776
46.412
45.162
45.006
46.412
44.953
46.463
46.307
45.058
46.360
45.006
46.412
44.901
45.006
46.516
81.677
46.412
45.005
46.308
46.360
45.005
44.953
46.411
44.953
45.006
44.953
46.411
46.411
45.109
45.005
45.006
46.464
43.495
46.411
46.464
45.005
45.005
45.006
45.005
46.463
45.005
46.516
45.057
46.412
46.359
44.953
46.308
44.953
75.425
45.057
46.412
46.360
46.308
45.058
46.412
45.057
46.411
46.412
46.359
45.005
46.464
46.360
45.006
46.412
45.005
73.081
46.516
45.057
44.954
44.953
45.058
46.360
46.360
44.953
46.463
46.464
44.953
46.307
44.954
46.308
45.005
46.411
44.641
46.463
45.005
46.412
46.308
46.412
46.308
46.308
45.058
46.464
45.006
44.953
46.412
44.902
46.464
44.901
72.925
44.640
45.057
44.953
45.058
46.412
46.308
46.516
44.901
44.953
46.360
45.058
46.464
46.411
46.411
45.005
46.463
77.769
46.360
46.308
46.411
46.464
46.464
46.308
46.308
45.005
44.953
45.006
45.005
44.953
44.954
45.005
46.412
75.739
45.318
46.464
45.006
45.005
45.005
46.360
45.005
45.006
45.005
46.411
46.307
46.411
46.516
46.412
45.057
45.005
73.550
45.213
44.953
46.308
45.005
46.308
46.412
44.953
45.005
44.953
46.359
44.953
46.412
46.412
46.412
44.901
46.412
75.165
45.214
46.412
46.464
46.411
45.057
45.058
46.360
46.308
45.006
44.953
46.360
46.360
46.360
45.005
44.953
45.006
46.308
45.110
45.110
45.005
46.359
45.057
46.412
46.412
46.359
46.515
46.360
46.360
46.359
46.307
45.005
46.360
72.665
46.516
46.412
46.308
45.110
45.006
46.412
46.412
46.516
46.412
46.359
45.005
46.412
46.411
46.411
45.005
46.412
45.317
46.412
46.412
45.005
46.359
45.005
46.464
46.464
45.005
45.006
46.360
45.005
46.360
45.058
45.058
46.308
77.040
46.620
46.411
44.953
46.359
46.412
46.411
45.057
45.110
44.954
44.953
44.954
