920.734
813.117
821.452
819.055
813.534
813.742
815.253
822.910
818.327
799.678
824.786
832.807
826.817
801.345
818.065
825.046
824.994
801.449
827.077
827.754
822.337
797.439
836.610
824.524
829.890
803.012
824.890
818.483
820.775
822.702
823.431
833.640
815.722
829.890
801.761
831.766
831.036
822.910
798.688
823.691
824.994
823.848
795.719
823.640
835.360
834.787
794.834
826.973
828.067
832.026
797.542
830.724
829.422
818.222
792.126
824.056
819.108
824.837
827.337
822.286
822.389
828.536
819.211
793.896
815.878
825.879
816.711
793.115
823.848
829.786
826.556
797.386
829.577
829.734
825.359
800.251
828.796
830.098
829.109
830.464
827.285
827.598
830.202
825.983
828.796
825.931
831.557
824.004
828.119
828.744
830.202
838.433
797.334
835.828
822.962
824.577
797.959
822.754
822.337
815.618
794.105
825.098
833.433
825.150
794.938
824.316
821.816
830.984
791.344
826.088
830.516
822.025
796.657
822.129
823.743
824.629
823.119
819.316
825.775
817.597
827.546
801.918
825.462
820.774
821.243
796.709
830.203
826.557
828.692
794.469
825.514
830.046
830.724
802.334
822.702
819.316
826.036
789.521
835.151
821.140
821.191
820.826
815.253
829.004
820.253
818.691
794.834
825.619
819.837
826.400
801.033
830.411
825.619
828.692
794.156
827.077
823.014
830.775
796.240
819.577
828.015
824.212
817.701
820.045
825.254
828.744
822.754
823.327
824.369
818.743
829.056
803.012
824.317
831.505
831.609
797.387
825.411
821.556
821.192
790.771
825.254
823.952
824.734
781.499
821.816
816.503
820.879
815.931
787.906
826.608
825.254
825.775
785.354
817.232
827.911
817.388
791.032
809.107
816.816
824.368
789.625
826.765
825.567
824.837
822.025
817.128
818.014
822.650
818.534
789.521
818.379
815.253
814.211
802.751
823.796
818.222
825.515
793.323
810.513
817.284
825.514
811.763
790.354
822.128
826.244
811.919
793.636
823.952
816.035
817.858
789.521
817.076
814.263
824.734
822.077
808.221
820.201
814.940
814.732
785.979
815.044
819.733
809.471
786.187
817.389
815.253
818.899
816.712
813.065
816.607
821.504
814.315
783.218
823.744
829.057
824.785
797.178
829.525
826.504
830.515
795.147
830.307
820.514
822.493
790.511
822.806
824.317
821.660
826.609
824.316
827.963
831.973
828.432
818.795
823.067
827.390
822.545
796.032
829.630
821.035
823.587
797.125
824.265
817.910
818.691
793.479
816.972
828.900
829.421
796.813
817.962
830.203
829.682
830.047
818.170
831.036
832.495
823.796
823.379
825.463
827.234
832.599
795.875
822.962
816.503
828.276
792.437
824.577
826.036
822.754
804.887
823.379
820.462
827.338
790.771
823.952
829.317
823.327
798.793
822.806
828.067
822.337
829.317
828.744
828.119
824.160
828.171
796.032
832.077
822.546
824.160
801.085
831.245
827.651
823.640
802.387
825.827
827.494
828.796
799.782
820.827
826.973
828.223
793.688
819.628
822.597
816.086
814.107
818.586
823.171
822.598
823.327
795.095
822.962
824.525
822.649
791.500
822.285
825.202
818.014
799.939
825.254
819.160
819.524
783.114
817.024
815.930
814.419
821.660
792.646
822.024
828.327
810.721
791.813
823.796
821.712
823.900
794.625
820.149
822.077
819.889
783.062
825.827
827.078
834.682
833.901
830.620
830.723
825.306
834.735
827.650
821.347
827.441
823.483
799.105
821.660
816.295
823.535
792.281
820.462
823.222
820.670
793.167
824.265
833.901
828.952
800.668
820.774
832.963
829.995
802.334
831.349
827.286
829.891
827.494
819.836
827.286
824.161
826.348
829.161
824.629
811.450
812.023
786.656
817.180
818.691
830.255
787.020
820.514
824.369
822.389
789.468
818.587
817.336
823.900
823.588
792.594
821.556
812.753
820.305
792.229
817.962
821.973
816.660
796.188
826.556
816.607
820.983
824.317
812.492
818.899
820.305
820.774
797.074
821.608
818.690
825.254
804.835
821.087
827.806
826.036
799.470
826.868
834.787
834.266
800.252
823.171
823.431
817.181
792.333
819.420
824.525
812.701
828.588
816.972
823.796
825.255
825.150
800.043
822.754
830.047
820.931
799.262
824.942
828.224
819.368
793.115
828.119
825.410
818.691
801.137
829.004
830.306
828.067
804.262
829.578
829.578
826.087
792.699
826.504
817.962
828.015
832.026
821.296
831.296
825.306
829.786
829.786
832.390
826.921
822.649
803.950
836.402
825.619
825.671
799.470
830.567
828.015
835.359
799.626
819.733
820.983
816.660
798.428
826.868
826.296
832.130
791.865
821.920
827.390
827.963
825.827
823.587
825.098
829.785
828.848
824.108
825.150
821.608
825.462
798.949
830.202
826.035
832.234
804.002
829.265
826.974
820.723
795.719
815.514
834.787
830.099
798.636
820.149
829.108
824.786
804.731
830.046
829.786
827.546
820.514
823.692
831.817
833.172
827.182
826.869
829.421
832.339
826.608
822.598
827.702
825.723
824.629
799.834
826.192
824.369
827.182
797.751
824.420
818.795
822.650
795.355
824.056
816.608
825.306
802.596
826.036
830.932
830.047
824.108
823.223
831.557
830.463
829.838
821.087
826.504
821.868
827.286
823.535
821.295
834.474
820.202
786.031
817.336
824.473
814.732
791.344
824.994
822.597
816.295
786.656
817.389
818.483
811.919
814.524
792.125
819.264
824.525
815.149
790.354
824.577
820.253
821.555
794.522
824.941
830.254
813.169
821.555
813.795
826.191
823.848
815.566
786.864
828.275
821.139
818.430
795.824
815.930
819.629
818.691
800.824
826.348
827.286
814.159
821.139
807.596
818.118
822.129
820.254
792.958
817.180
821.139
821.816
793.688
823.639
817.284
816.868
790.302
818.274
810.929
827.963
817.962
819.993
824.837
821.608
826.244
789.781
824.785
820.879
820.931
784.937
823.536
828.693
821.035
796.397
823.900
820.670
819.108
821.503
806.450
812.753
820.097
819.108
791.657
821.296
823.275
818.378
798.115
822.650
826.036
813.014
790.094
821.712
815.879
827.494
820.253
818.900
812.804
820.566
825.098
795.980
814.472
828.797
818.483
795.511
822.337
826.557
818.535
790.302
811.816
820.358
820.775
795.824
815.200
815.565
814.888
822.128
794.053
811.711
822.233
821.452
795.824
812.961
824.525
821.556
791.396
818.066
822.546
819.629
815.149
819.785
818.326
815.930
819.108
790.041
818.170
825.306
822.545
787.698
816.608
815.410
822.910
791.761
816.972
820.306
820.306
816.138
796.084
821.191
818.274
818.848
796.136
826.557
820.930
826.087
795.771
826.400
812.909
817.077
793.792
822.598
815.410
820.202
820.775
789.573
822.129
820.202
822.493
793.115
823.535
821.973
818.743
792.229
828.483
816.816
812.284
799.157
824.265
824.994
815.097
816.816
786.343
822.702
825.932
822.858
792.333
831.349
822.077
815.044
792.489
820.150
824.004
819.056
791.031
824.420
823.692
820.462
820.149
812.700
825.879
825.202
825.254
822.389
826.400
826.453
825.306
798.532
830.306
827.650
822.024
799.521
819.472
822.910
822.650
792.646
820.462
830.359
820.722
790.302
825.098
824.785
818.431
816.503
791.605
822.806
812.388
815.357
788.218
829.890
822.233
823.066
791.448
822.129
825.255
818.222
796.553
820.462
818.795
818.326
811.554
796.813
826.921
817.753
822.024
786.708
818.951
819.056
817.128
791.031
819.316
817.649
826.765
823.743
819.681
819.107
820.149
818.743
783.530
820.983
824.942
822.441
792.229
823.223
818.222
825.931
786.031
813.274
817.650
822.493
823.535
818.170
821.296
818.274
818.691
793.063
820.254
822.962
818.483
786.499
824.369
817.701
818.638
802.648
835.620
823.744
829.681
800.616
824.837
818.691
823.692
815.722
820.879
818.951
822.754
825.619
795.771
832.703
829.994
827.494
795.719
823.483
824.317
825.879
795.043
835.672
823.431
826.035
802.335
822.442
828.328
829.630
798.168
821.920
828.900
826.869
794.522
826.869
824.368
829.057
822.025
817.649
830.932
823.691
831.244
804.887
833.380
827.494
824.733
797.855
824.316
830.723
817.285
800.147
830.203
821.451
824.265
801.241
827.962
829.161
830.307
796.032
825.410
824.368
822.962
798.741
823.588
829.473
831.557
822.077
826.400
824.056
822.493
814.263
794.052
829.525
821.660
823.952
792.646
813.378
817.440
825.359
795.459
818.379
825.150
829.057
788.427
823.222
819.368
813.795
823.222
799.834
812.961
821.608
818.899
802.022
815.617
820.566
824.473
789.573
813.899
826.192
823.431
784.103
818.639
822.025
819.316
812.179
790.875
817.076
820.931
818.586
805.512
822.650
813.378
818.066
785.822
819.472
820.357
816.086
820.357
