27.295
2174.685
85.427
3329.509
4066.003
2577.546
12.033
4438.443
766.914
276.283
2233.442
1405.688
356.136
465.732
372.128
1731.559
107.565
3074.271
51.881
289.201
4671.648
172.051
15.679
168.510
36.723
1662.280
883.542
1563.415
3029.995
114.493
801.709
207.994
3623.399
1681.553
604.655
3663.976
569.078
3505.728
116.889
1827.143
232.580
4088.870
12.293
1240.407
263.677
1555.810
3211.840
708.313
2234.536
1431.837
2088.893
173.823
1174.462
3005.565
2738.919
72.196
201.326
4382.863
2831.273
348.479
249.353
64.799
18.700
329.778
748.058
216.328
1697.597
180.542
38.911
1352.087
462.972
311.443
3728.671
1441.629
2183.020
26.149
182.001
2538.947
651.900
323.528
205.284
3195.743
185.647
439.115
691.905
4149.294
1003.556
3090.835
606.270
480.057
39.849
1927.624
404.007
2837.576
15.211
320.507
12.814
1002.046
215.546
107.357
2872.319
2094.572
27.763
4361.768
2589.058
1005.536
2195.104
3371.962
3724.661
1284.475
3610.897
51.047
3451.452
160.592
658.151
846.611
726.492
2155.047
154.289
653.671
2922.846
807.544
2660.107
17.658
1698.378
722.065
1994.664
26.148
745.818
4230.763
85.479
1209.623
3341.907
20.211
194.137
4130.386
2302.148
1876.629
2257.611
3020.775
265.761
2327.568
2660.316
912.504
565.432
495.787
3540.993
3543.076
2138.170
2260.633
2595.152
77.561
499.382
3921.402
24.170
1993.726
2247.090
559.285
3637.099
648.463
956.676
1462.518
2119.158
451.616
1131.853
1953.669
2554.939
276.648
3357.013
1098.776
976.053
391.452
1093.359
3703.304
290.451
2484.461
868.853
2905.917
3415.509
1059.136
1496.896
3972.919
1335.836
493.496
287.014
4137.627
3560.422
235.445
766.862
2307.722
1448.349
1990.132
2494.306
62.976
3715.909
98.502
3200.120
3137.716
368.429
3186.055
399.787
157.311
785.978
388.588
2251.882
1935.125
3514.792
2019.823
4260.297
247.321
4149.451
754.256
572.932
4556.790
22.503
325.925
2510.454
1454.183
1810.840
2157.600
1211.289
1309.790
3400.091
3721.170
3357.430
3562.663
4692.119
3257.001
624.813
2896.437
795.719
1757.812
3451.399
2312.722
933.860
1010.172
1540.964
3884.002
2067.641
2019.510
376.034
1586.439
3583.134
1131.801
253.728
3466.713
1255.878
2483.888
112.721
1241.241
18.909
157.154
3260.178
925.839
1997.842
1169.774
3073.854
1001.785
1963.462
874.114
736.076
149.393
4292.488
3640.692
2270.582
3144.957
11.095
162.051
20.419
130.848
508.342
810.044
1221.187
1533.099
2568.481
3125.371
919.848
800.720
618.511
680.081
18.700
2702.352
341.915
438.333
2615.206
4130.021
4711.809
1890.276
619.136
3833.944
1668.219
2726.521
3048.122
1739.581
622.887
106.106
2740.325
115.483
265.656
2944.256
3271.274
906.149
18.805
2724.073
2957.018
94.855
482.766
430.156
606.217
828.588
3600.531
3563.340
2905.137
373.430
1912.258
637.992
212.421
3230.696
888.908
3091.877
1451.631
3284.608
3464.786
4241.284
733.524
1084.764
46.360
1540.079
779.520
411.664
4616.277
1398.082
2094.311
1220.770
3972.607
3912.704
517.509
1094.141
859.269
175.281
2724.177
329.935
1347.243
32.869
170.228
1603.003
40.734
3210.745
705.084
1609.618
4293.947
2122.751
875.104
146.163
14.012
2508.631
144.288
1948.981
2283.396
185.595
171.844
4024.436
15.523
2750.795
3273.096
3837.122
4164.401
939.747
493.287
2331.006
1802.088
3682.885
55.007
4045.897
2967.540
2400.649
1638.892
3323.884
3189.180
72.144
2684.016
2881.539
4366.299
29.639
285.971
419.581
1483.405
3007.284
3599.437
948.914
1102.318
1874.701
2795.019
289.253
70.998
2638.125
925.631
451.825
223.151
3501.144
1439.285
1167.065
1272.859
559.649
1265.931
3042.756
3428.897
347.645
201.378
4410.107
757.174
993.451
30.264
3503.437
1018.714
1751.041
3794.669
1857.303
43.651
107.408
284.409
139.027
3375.401
2746.575
3706.169
51.933
33.389
3611.158
1235.302
565.484
1259.628
532.198
25.941
504.331
1305.259
1203.528
839.370
2964.310
1193.684
344.103
2221.774
1238.481
1040.019
3529.742
2337.621
1284.944
49.329
2333.090
385.984
32.087
2639.532
63.028
2780.121
386.036
1677.751
2255.164
135.537
59.017
561.161
520.218
66.883
265.448
2166.612
2137.806
1551.903
3696.376
1288.643
3527.398
949.696
4675.711
1838.968
2838.149
2450.290
47.766
118.035
241.070
3464.213
64.018
619.917
67.977
577.620
3074.948
1537.057
10.939
669.037
4178.204
295.973
181.949
1570.864
3355.137
362.647
96.053
3296.121
152.675
1736.300
4646.697
3716.743
3716.796
702.115
43.651
4570.073
3803.472
3776.959
809.732
4517.151
2446.175
318.319
1918.613
1926.687
1696.087
12.814
192.470
120.900
261.437
3274.347
396.245
9.949
1512.680
46.047
1899.653
964.906
4276.497
1789.848
220.026
916.984
78.551
4658.365
1959.139
1067.158
602.936
68.915
2409.453
984.909
4227.272
23.023
45.891
10.522
56.205
1804.380
1072.731
2567.283
2033.731
1123.571
1846.313
3317.217
4541.736
34.223
4623.152
1316.510
2197.969
529.229
773.790
525.843
280.606
849.996
1557.632
185.543
1652.748
2220.419
4311.658
85.531
235.237
190.700
4493.241
337.019
604.759
37.713
3584.279
77.562
85.115
23.337
72.978
2378.199
1603.159
3849.154
46.047
14.272
3703.929
2371.792
622.990
55.476
2060.713
1130.655
10.314
1079.711
2633.438
3798.368
180.855
1155.970
1568.415
676.226
1147.584
3236.790
141.683
648.358
886.095
1032.727
696.385
1075.232
1468.612
78.030
471.202
3837.539
212.577
2530.925
1300.206
358.688
347.333
78.447
297.900
94.647
2780.694
1335.992
25.003
69.800
698.103
4064.753
1108.933
1292.028
925.735
1387.092
30.890
4117.572
1492.260
2310.847
1291.611
50.214
149.705
1036.894
3591.364
1078.461
3618.138
154.342
111.263
13.700
15.731
1716.505
856.039
353.740
391.713
106.054
3543.650
483.912
922.922
192.471
239.143
588.299
731.284
1130.603
847.757
2346.111
46.828
1028.612
3145.582
110.118
2859.297
3460.358
216.172
313.839
3900.046
430.155
1648.946
918.234
1864.596
119.650
229.350
1057.677
119.285
98.501
2416.485
911.984
585.851
993.712
103.607
615.542
101.158
28.388
20.419
14.012
4095.069
1518.305
566.838
4153.722
563.765
723.002
10.366
213.098
411.612
212.421
301.754
147.830
12.814
108.659
4488.761
3868.219
3461.921
859.738
965.323
3737.319
114.180
2478.263
2822.731
3298.360
1268.224
1957.472
840.256
1664.156
2622.655
2161.715
309.411
794.417
380.983
726.128
4152.055
4528.871
532.199
111.367
192.419
1747.968
101.106
181.011
406.819
74.435
2609.685
419.633
1459.861
2183.332
153.195
4417.816
1414.491
1481.843
41.255
726.232
1291.924
137.829
2436.904
849.789
210.650
4628.049
49.381
353.688
106.003
419.685
4199.978
3453.275
158.040
36.098
615.646
1400.530
2495.921
157.467
75.217
1341.409
599.811
921.776
92.354
3793.002
36.255
985.274
2268.915
60.164
45.057
3985.733
4098.611
29.118
4696.026
4488.761
1883.557
251.384
2437.476
4311.397
46.203
19.221
797.126
3888.066
432.916
194.190
113.711
479.641
16.408
3643.349
3880.409
3999.537
502.664
387.806
206.847
3721.431
383.640
3193.816
505.216
479.848
311.443
2396.222
2744.909
3083.126
83.030
3279.608
26.149
3197.931
1527.421
3279.399
231.590
2728.032
746.339
986.055
1160.190
2773.923
1054.656
3296.849
4024.228
3074.740
545.117
245.290
390.306
2553.845
682.373
1807.923
729.982
872.812
3690.594
430.363
1764.428
3137.299
114.493
2470.554
2045.139
3140.581
1591.230
168.718
4465.686
2836.951
3781.229
4207.114
835.255
4088.975
466.670
494.017
724.825
592.466
40.474
438.177
263.625
763.476
914.276
4368.122
270.293
1871.056
3865.563
654.921
2922.587
2112.282
1006.213
12.189
820.618
2016.229
3137.455
1617.223
133.818
2403.827
4602.838
1381.726
19.794
116.577
353.531
93.553
542.668
351.343
23.804
409.111
151.111
1292.966
66.987
17.450
306.912
409.215
4260.610
4541.789
1269.109
891.356
70.060
3406.759
1656.812
929.590
1037.884
527.146
3008.170
3861.968
544.335
2106.969
4664.512
3867.958
671.746
88.812
984.180
320.663
158.873
1900.747
602.154
3476.714
2632.188
54.590
937.038
2862.267
245.341
383.327
1191.860
1972.161
884.948
505.529
1666.708
66.154
289.201
1001.265
4692.796
2426.017
22.502
2637.136
171.999
51.829
1933.042
4650.552
2230.942
4209.041
330.039
19.221
284.356
770.091
70.008
4196.592
2829.451
72.144
334.519
2456.906
175.333
3764.352
4323.169
1834.072
2198.073
1113.205
4514.546
27.816
1154.095
17.398
80.582
3083.178
325.299
1030.591
277.949
3325.239
1485.697
3467.651
1223.218
2404.608
77.561
763.788
3194.337
883.907
520.270
2992.855
1152.793
2209.741
790.823
396.714
3576.153
2706.727
453.700
1583.938
2816.689
368.481
1630.610
1575.447
14.794
3861.969
199.867
3255.022
3658.976
451.929
108.659
795.146
255.395
2703.758
370.982
382.025
771.446
3414.728
1637.694
2180.832
1647.227
114.284
1154.460
3803.368
10.210
3372.796
378.430
752.381
394.578
691.957
286.597
3913.329
196.222
