53420.348
53420.296
53442.852
53442.695
53487.961
53438.372
53445.091
53430.923
53468.375
53452.384
53491.711
53408.108
53476.397
53443.372
53500.619
53439.101
53466.292
53462.646
53495.254
53465.459
53517.861
53464.677
53511.505
53453.895
53523.955
53465.667
53466.918
53497.546
53480.825
53507.078
53457.489
53513.851
53482.075
53467.855
53438.998
53467.751
53448.322
53467.908
53429.257
53463.063
53414.151
53475.981
53448.113
53512.704
53477.960
53489.837
53478.690
53510.933
53463.011
53501.401
53448.791
53481.034
53426.131
53476.815
53444.937
53462.334
53414.099
53470.512
53436.966
53428.528
53455.042
53448.843
53439.832
53439.936
53433.998
53428.841
53471.137
53436.654
53469.367
53460.668
53458.584
53438.529
53477.336
53430.716
53468.064
53439.467
53471.242
53438.478
53456.448
53423.423
53470.148
53432.851
53468.846
53418.840
53479.472
53486.244
53509.893
53440.822
53451.501
53442.020
53478.066
53443.843
53458.636
53425.507
53462.543
53417.277
53472.023
53444.416
53479.681
53450.459
53461.346
53463.742
53478.795
53487.598
53525.363
53476.869
53501.142
53464.419
53497.183
53456.553
53485.932
53487.286
53497.391
53476.555
53496.089
53474.367
53455.095
53451.293
53438.113
53417.174
53483.640
53418.945
53468.170
53444.209
53477.702
53445.719
53437.385
53457.752
53462.752
53449.574
53471.920
53434.989
53478.275
53416.914
53480.567
53442.698
53476.920
53447.543
53478.275
53445.459
53452.074
53439.417
53458.481
53441.657
53475.411
53424.363
53483.172
53445.095
53469.472
53425.145
53473.900
53439.052
53458.116
53448.376
53472.441
53427.175
53479.005
53442.230
53472.442
53414.778
53451.970
53452.283
53425.144
53479.266
53460.409
53487.912
53484.995
53481.297
53481.922
53456.398
53485.517
53444.313
53481.140
53459.732
53491.402
53488.798
53484.944
53501.352
53506.822
53440.303
53463.066
53437.490
53480.672
53418.426
53478.015
53449.158
53462.858
53452.388
53481.454
53451.398
53462.754
53449.887
53462.962
53434.729
53473.380
53410.143
53494.476
53424.416
53445.304
53434.730
53410.196
53474.057
53451.451
53490.413
53443.272
53449.523
53444.367
53443.429
53436.188
53458.170
53470.619
53523.490
53470.359
53527.449
53504.009
53485.361
53521.303
53518.334
53489.476
53463.587
53492.601
53441.606
53505.728
53446.502
53468.693
53495.206
53535.784
53485.205
53523.126
53474.319
53488.382
53432.699
53509.635
53429.834
53489.633
53445.982
53481.091
53446.190
53467.547
53459.838
53498.957
53428.584
53495.103
53425.980
53485.726
53461.140
53474.943
53443.534
53496.561
53457.286
53457.181
53471.246
53470.881
53431.710
53468.589
53416.083
53499.270
53440.773
53467.964
53443.065
53453.587
53470.829
53448.795
53447.753
53483.538
53423.479
53472.183
53392.955
53457.182
53410.458
53461.922
53442.388
53486.873
53448.431
53460.464
53438.482
53473.173
53433.116
53457.599
53456.505
53498.646
53434.315
53461.141
53447.598
53407.176
53431.658
53413.166
53477.757
53424.887
53464.370
53444.681
53467.080
53435.878
53465.413
53450.359
53497.135
53470.309
53463.016
53437.180
53481.977
53425.720
53485.675
53465.360
53491.457
53442.545
53462.495
53473.174
53548.704
53516.148
53459.840
53515.106
53516.461
53485.051
53447.338
53479.165
53438.691
53481.925
53433.274
53479.478
53462.131
53470.466
53427.596
53464.736
53446.608
53460.152
53460.413
53462.756
53448.119
53488.593
53443.900
53463.017
53446.453
53490.364
53444.578
53444.369
53465.205
53478.905
53441.868
53449.578
53442.806
53449.265
53436.035
53442.181
53453.537
53433.795
53471.717
53417.075
53480.988
53482.707
53514.534
53454.475
53476.873
53533.494
53485.416
53499.116
53454.267
53484.010
53447.391
53474.425
53449.475
53503.439
53460.726
53476.509
53474.634
53505.314
53487.500
53498.595
53498.804
53529.380
53492.969
53509.586
53533.182
53502.033
53510.107
53435.150
53469.478
53449.110
53485.104
53463.799
53477.083
53461.299
53484.583
53449.423
53464.842
53424.420
53478.385
53443.589
53476.666
53445.256
53490.939
53467.758
53438.901
53460.935
53473.332
53414.939
53427.910
53425.670
53457.861
53444.579
53507.190
53491.095
53474.270
53445.360
53473.802
53447.756
53470.103
53411.658
53490.418
53444.735
53440.776
53434.682
53440.881
53442.027
53432.598
53487.917
53415.200
53481.250
53415.721
53507.607
53498.648
53468.748
53507.243
53511.254
53506.826
53470.104
53522.818
53470.572
53477.552
53461.977
53486.563
53436.193
53458.122
53429.265
53509.222
53418.691
53497.294
53459.164
53472.813
53466.093
53459.582
53465.989
53460.623
53440.308
53490.575
53423.952
53477.449
53435.308
53471.823
53420.671
53462.447
53427.182
53447.862
53431.141
53424.526
53473.177
53416.191
53469.583
53438.226
53457.602
53452.655
53460.467
53446.351
53484.117
53408.586
53466.666
53436.194
53478.647
53418.431
53472.135
53445.049
53463.645
53486.304
53504.692
53471.250
53527.298
53466.093
53524.486
53450.206
53490.419
53428.173
53502.400
53459.635
53455.988
53443.643
53443.382
53457.967
53459.582
53428.433
53470.417
53441.820
53478.439
53476.251
53550.426
53485.107
53521.517
53508.756
53438.747
53478.647
53446.508
53477.971
53457.238
53460.364
53450.728
53486.930
53457.864
53498.442
53436.455
53485.159
53468.386
53494.222
53459.114
53492.035
53448.853
53465.053
53439.529
53471.251
53445.467
53481.305
53450.155
53489.378
53415.255
53482.919
53456.093
53449.218
53441.508
53425.100
53445.467
53438.487
53423.485
53448.228
53474.117
53462.865
53444.060
53423.902
53472.137
53426.402
53469.950
53446.614
53498.286
53480.419
53544.125
53468.907
53468.907
53494.067
53447.551
53496.411
53449.791
53461.823
53456.510
53428.383
53453.907
53449.687
53489.327
53494.588
53453.385
53461.043
53421.923
53431.820
53424.059
53436.769
53494.015
53440.362
53482.035
53447.290
53534.593
53510.997
53492.713
53513.653
53487.244
53513.133
53500.318
53518.758
53504.954
53503.235
53486.097
53467.346
53459.324
53473.179
53439.530
53527.926
53512.247
53488.546
53528.447
53472.138
53496.047
53448.854
53496.308
53446.250
53480.108
53453.021
53488.286
53467.711
53497.142
53449.636
53489.900
53450.104
53502.767
53457.866
53493.652
53455.938
53500.579
53467.398
53470.159
53467.554
53463.022
53451.199
53509.331
53433.801
53479.171
53473.805
53496.360
53442.812
53498.756
53480.264
53483.390
53474.743
53472.347
53449.272
53472.868
53445.626
53465.263
53463.492
53476.722
53431.769
53490.943
53437.448
53486.881
53452.814
53471.878
53466.617
53502.924
53492.298
53498.028
53503.289
53488.704
53523.239
53447.604
53467.659
53443.073
53467.712
53440.834
53488.391
53437.083
53479.484
53445.105
53481.307
53451.095
53470.681
53475.369
53511.519
53485.162
53510.321
53487.402
53496.673
53435.729
53504.591
53460.107
53495.476
53456.044
53496.204
53470.056
53485.996
53449.846
53500.633
53433.645
53510.269
53428.801
53502.404
53452.867
53485.110
53469.222
53490.111
53447.971
53510.686
53473.338
53452.554
53413.695
53525.688
53515.947
53508.915
53526.522
53451.877
53468.754
53430.312
53487.610
53435.730
53494.956
53465.629
53496.883
53465.056
53493.028
53450.210
53452.867
53441.094
53487.194
53416.196
53493.132
53452.294
53488.392
53449.013
53473.442
53447.554
53475.318
53456.253
53491.779
53433.803
53485.945
53445.367
53490.320
53413.904
53503.290
53422.864
53473.911
53443.231
53455.420
53444.898
53489.278
53454.430
53509.645
53470.005
53496.831
53444.533
53477.141
53445.106
53474.120
53466.151
53468.599
53460.838
53490.633
53450.315
53463.181
53486.726
53522.460
53484.955
53538.034
53470.213
53479.121
53454.587
53446.461
53441.044
53475.735
53453.181
53484.486
53447.295
53504.281
53465.265
53475.839
53446.774
53477.767
53456.566
53469.954
53431.043
53469.484
53477.923
53488.445
53479.330
53489.957
53466.724
53496.884
53468.912
53447.972
53437.919
53458.650
53466.672
53466.099
53502.822
53458.390
53493.498
53466.620
53461.724
53469.797
53507.510
53481.882
53538.400
53480.632
53529.649
53501.990
53501.729
53451.931
53489.644
53467.818
53503.760
53469.434
53485.894
53471.361
53448.024
53445.472
53472.090
53444.743
53496.415
53506.261
53493.446
53532.202
53468.965
53481.154
53416.042
53482.821
53434.482
53479.278
53438.128
53471.362
53438.180
53494.853
53448.233
53480.008
53453.650
53493.551
53440.576
53498.656
53451.254
53495.166
53464.642
53507.252
53489.906
53471.362
53467.403
53467.455
53461.516
53498.084
53474.696
53512.096
53467.402
53490.061
53436.774
53477.091
53445.994
53458.912
53444.014
53467.715
53449.224
53495.271
53426.617
53488.499
53425.159
53476.779
53441.307
53504.856
53462.507
53499.959
53460.632
53491.364
53455.214
53500.688
53448.286
53510.742
53426.253
53493.135
53448.078
53477.873
53457.506
53466.622
53458.079
53451.203
53442.609
53479.436
53436.879
53487.927
53417.918
53501.209
53447.610
53522.358
53480.582
53509.023
53532.255
53453.287
53499.751
53455.787
53497.303
53484.489
53481.520
53458.965
53514.284
53444.015
53501.783
53450.892
53516.941
53479.489
53503.346
53460.320
53482.979
53481.311
53515.326
53476.832
53493.605
53508.502
53486.052
53506.836
53498.397
53508.555
53504.857
53529.026
53446.256
53477.927
53429.796
53478.916
53464.487
53468.758
53456.674
53496.002
53445.422
53480.322
53447.766
53498.866
53451.204
53518.348
53481.000
53531.631
53468.655
53535.225
53509.129
53474.957
53527.047
53488.032
53515.483
53509.597
53509.858
53483.813
53504.492
53498.555
53508.868
53483.657
53503.138
53476.260
53455.060
53447.038
53445.006
53452.663
53428.807
53446.986
53489.022
53464.592
53487.043
53516.734
53501.836
53513.244
53492.824
53489.855
53475.739
53473.603
53443.756
53481.677
53480.480
53494.544
53457.456
53493.033
53461.883
53513.088
53471.520
53469.906
53464.593
53483.397
53467.353
53514.026
53444.747
53489.335
53457.456
53501.212
53488.294
53483.605
53517.620
53429.693
53475.949
53443.236
53494.701
53434.381
53477.719
53440.267
53488.710
53447.924
53463.811
53502.566
53531.528
53471.521
53520.120
53468.813
53512.568
53475.949
53516.839
53488.450
53508.974
53487.200
53502.619
53481.991
53473.761
53505.171
53496.993
53499.858
53448.237
53487.617
53427.661
53490.950
53451.831
53493.138
53473.448
53499.180
53442.195
53498.608
53454.853
53499.442
53450.373
