9.220
7.605
15.991
6.980
37.140
84.801
26.722
7.605
7.605
131.682
9.584
7.709
15.575
10.314
7.813
7.813
7.969
9.428
7.137
37.869
8.699
9.167
131.630
7.709
7.605
9.012
7.710
11.303
9.480
11.407
37.713
7.657
9.585
8.335
55.684
11.304
9.168
55.683
9.011
55.579
8.803
12.866
9.116
84.593
8.334
4.688
4.689
5.209
37.661
9.324
15.575
11.408
15.575
7.709
10.470
37.713
26.565
8.282
7.658
131.735
26.618
7.917
7.709
7.605
7.657
8.907
9.063
7.761
12.918
7.709
7.605
10.314
7.918
7.710
55.580
11.356
15.627
7.709
7.657
43.704
6.720
6.147
7.033
37.765
8.438
7.814
9.116
84.542
9.689
37.661
9.272
8.595
7.605
12.918
9.011
26.670
7.658
8.907
8.699
9.741
9.011
8.334
26.774
15.575
7.605
131.578
19.794
9.741
15.626
55.840
55.684
10.418
55.684
8.960
55.632
8.803
9.116
9.637
9.116
15.627
7.813
8.021
26.617
9.376
26.617
7.605
12.970
9.064
15.679
7.605
9.220
131.578
7.605
10.313
37.765
7.605
7.709
84.906
19.742
12.918
15.627
37.609
7.814
19.794
26.618
9.376
7.917
7.917
55.579
55.579
15.522
19.846
19.794
7.605
7.918
84.646
7.709
15.627
15.522
9.064
55.580
9.220
9.012
11.356
11.408
4.740
6.095
12.501
19.742
9.012
55.580
9.689
9.741
7.814
9.741
55.683
8.803
19.794
9.532
26.566
55.632
9.741
11.303
84.645
10.313
9.012
7.761
84.646
55.632
9.167
8.022
45.422
6.928
15.731
19.742
9.011
55.579
8.751
37.661
37.712
7.813
37.713
8.855
7.761
9.272
7.814
19.898
12.918
55.631
15.627
131.578
8.439
84.646
7.970
7.814
159.759
8.282
8.386
19.690
11.356
12.866
15.575
10.366
10.209
55.632
55.527
55.632
55.632
131.630
37.713
7.969
26.722
9.533
13.075
55.684
19.846
9.324
9.793
9.376
84.958
15.627
15.626
7.813
11.407
55.788
9.688
8.438
55.892
10.417
18.700
7.657
10.418
7.762
8.699
37.870
9.480
15.679
10.418
38.130
9.949
13.700
9.325
8.022
7.709
132.359
79.749
17.867
32.191
7.657
7.709
7.501
8.282
8.699
9.532
8.803
11.355
19.794
37.765
9.688
9.533
7.917
8.022
7.657
26.566
7.813
7.865
26.617
84.750
131.578
12.970
7.969
107.773
14.377
26.774
37.661
12.971
9.220
7.709
26.670
7.709
8.804
26.566
37.713
9.376
7.605
26.566
37.713
7.761
7.865
7.813
8.074
8.907
55.684
55.527
26.618
9.116
12.918
9.064
7.866
37.765
8.960
37.713
34.744
37.556
55.736
131.526
9.168
9.688
8.334
11.408
9.376
8.803
131.526
10.314
15.522
10.366
84.646
84.750
9.116
9.689
9.272
8.803
27.087
7.814
10.366
4.688
4.689
6.407
7.189
37.713
8.074
11.408
131.526
15.627
9.480
9.064
7.710
19.898
9.272
12.918
19.846
7.710
7.761
84.698
7.605
26.565
37.661
84.646
84.594
9.377
7.918
41.203
7.032
55.580
8.334
84.645
37.713
19.794
11.407
55.632
37.765
9.012
26.618
26.565
131.578
7.605
8.751
8.959
11.408
37.713
55.631
9.480
9.740
37.921
26.044
9.012
9.116
26.827
9.428
7.761
7.657
55.580
11.304
9.689
10.314
9.115
10.418
37.661
55.579
7.761
8.804
131.526
8.022
9.689
8.335
55.580
9.793
12.918
84.594
12.918
8.699
6.199
6.824
7.709
55.735
26.670
55.684
9.011
8.282
55.632
10.261
9.115
10.417
7.866
7.605
7.970
10.261
10.313
9.376
37.713
10.366
9.116
15.523
10.313
9.688
55.632
19.742
10.418
7.605
19.794
8.543
7.605
26.722
7.709
23.545
4.688
11.303
19.794
9.116
7.501
8.490
7.813
7.709
9.116
15.575
15.574
11.356
55.632
10.366
55.631
9.428
131.630
12.919
26.618
19.742
7.605
7.710
7.761
55.527
9.011
7.970
7.605
9.116
68.758
11.356
8.751
9.116
84.593
9.116
7.761
11.303
55.579
7.813
7.605
37.765
7.709
12.866
131.578
55.579
55.684
9.376
9.011
131.578
118.191
84.541
9.376
131.631
19.847
7.813
13.022
13.022
13.022
7.605
8.803
9.012
9.064
7.605
37.660
8.490
7.605
11.304
7.658
12.918
9.897
131.526
12.866
8.855
9.324
7.605
164.811
13.022
9.740
8.022
7.605
19.794
9.689
131.683
7.501
7.657
7.605
8.959
13.022
9.688
19.794
15.575
9.792
12.918
55.579
131.526
7.605
164.655
10.314
15.626
8.543
9.585
9.064
7.710
9.428
11.303
8.386
13.074
15.575
131.630
7.606
7.709
7.605
8.334
131.578
8.595
7.866
7.605
55.632
8.803
9.116
7.657
9.011
19.794
11.304
85.062
7.657
8.699
55.579
19.846
8.022
7.605
15.471
9.793
7.605
9.688
26.618
84.541
7.709
9.741
11.824
9.115
9.689
37.765
7.710
8.751
8.908
9.741
9.116
9.689
11.304
7.605
7.970
84.541
9.012
16.148
4.688
7.085
7.761
8.282
7.709
7.657
26.670
10.262
7.605
7.605
9.116
84.645
9.688
10.418
9.428
10.313
7.501
84.646
11.303
19.898
10.314
7.605
7.709
9.740
55.632
9.741
55.684
9.115
7.605
8.959
9.012
13.023
37.139
6.199
6.928
7.761
55.683
9.376
9.377
7.709
7.709
9.012
9.116
9.741
8.960
19.794
8.178
9.793
37.661
8.699
26.618
55.631
9.115
7.761
84.593
9.011
12.918
9.272
12.918
7.709
7.657
9.688
7.709
7.553
19.898
9.324
7.918
4.689
6.459
6.198
7.605
7.657
7.605
8.283
84.645
11.303
9.168
84.646
9.168
9.116
7.605
9.011
7.813
9.115
8.804
9.011
8.803
8.855
131.526
84.698
55.632
9.324
9.741
116.368
7.033
19.794
26.670
37.660
10.314
15.575
9.324
11.303
26.565
15.471
7.814
9.689
7.866
7.970
84.750
131.578
7.918
7.710
7.709
12.918
8.334
7.762
7.866
7.605
26.670
7.917
11.303
19.846
9.012
164.603
11.303
11.408
9.116
8.074
10.366
8.803
19.794
9.481
9.064
131.630
7.605
9.220
7.605
9.116
131.578
55.632
7.657
7.605
9.115
10.262
19.794
7.657
7.710
47.037
6.928
9.584
7.761
84.697
8.282
9.741
15.575
7.657
7.605
84.594
84.646
7.605
131.579
131.631
12.919
7.709
19.794
162.884
4.688
7.762
9.324
84.645
7.917
7.709
7.710
8.959
7.605
55.683
84.593
84.593
9.167
9.064
7.866
55.684
7.813
37.713
8.960
9.012
9.011
19.846
26.670
37.713
7.657
64.643
4.740
37.817
11.407
37.713
9.011
26.669
8.022
9.741
9.793
26.565
9.689
37.661
84.646
37.661
7.918
7.710
7.814
19.898
9.168
12.918
9.115
9.584
55.631
9.220
12.918
37.713
9.012
19.846
15.679
68.654
6.146
7.188
131.630
26.670
84.593
131.578
9.376
84.593
9.115
7.813
9.063
7.865
7.605
9.272
7.709
9.064
9.689
131.474
43.287
10.991
84.958
8.074
26.618
15.575
9.688
7.605
9.481
15.575
37.660
11.199
7.709
19.689
131.578
10.418
7.605
7.709
7.814
8.699
9.115
9.115
7.605
9.064
9.012
10.314
7.710
7.605
9.116
7.814
163.874
131.526
10.314
7.605
9.480
8.282
55.632
11.355
9.428
9.793
8.021
37.713
84.594
9.272
15.627
131.682
84.646
9.220
7.605
9.689
9.168
7.709
10.783
6.407
55.684
26.566
8.282
9.585
26.618
7.709
8.908
10.314
15.626
9.689
9.012
11.356
7.605
7.709
9.793
131.526
19.742
7.605
26.618
7.710
7.710
12.918
131.526
15.574
165.853
9.220
9.064
7.710
9.272
7.761
131.579
26.618
7.710
7.814
19.898
7.761
84.697
131.578
12.918
15.523
9.689
131.682
9.064
4.740
6.616
9.219
38.026
7.814
9.793
9.116
55.632
11.304
55.527
10.366
19.846
9.115
9.115
37.609
9.428
7.918
37.713
9.793
15.575
9.637
9.012
55.684
26.722
7.813
11.355
26.722
9.220
11.303
11.407
8.334
119.076
7.709
37.713
55.528
7.866
7.605
9.272
7.709
26.618
7.814
9.011
8.074
55.684
11.199
15.523
11.303
7.606
9.741
84.646
7.605
55.735
9.168
9.116
