59.069
48.756
48.496
48.548
48.651
48.651
48.703
48.548
48.860
48.651
48.599
48.547
48.548
48.495
48.548
48.912
48.548
48.599
48.496
48.599
48.600
48.547
48.808
48.548
48.652
48.548
48.547
48.548
48.547
48.235
48.496
48.651
48.548
48.652
48.547
48.703
48.912
48.548
48.547
48.652
48.651
48.652
48.652
48.704
48.600
48.495
48.600
48.495
48.652
48.547
48.756
48.600
48.495
48.704
48.548
48.495
48.548
48.756
48.495
48.756
44.797
48.496
44.276
45.213
48.808
47.506
48.443
48.495
48.547
48.651
48.600
48.703
48.599
48.703
48.652
48.652
48.495
48.548
48.599
48.652
48.495
48.495
48.652
48.496
48.599
48.704
48.652
48.547
48.547
48.599
48.548
48.495
48.704
48.651
48.652
48.600
48.548
48.495
76.832
48.600
48.600
48.495
48.548
48.599
48.600
74.592
48.444
48.599
48.496
48.651
48.547
48.599
70.842
48.599
48.652
48.548
48.600
48.599
48.651
49.017
48.652
48.600
48.651
48.652
48.600
48.599
48.912
48.652
48.548
48.495
48.652
48.600
48.547
48.860
48.600
48.547
48.548
48.652
48.547
48.600
48.652
48.652
48.704
48.599
48.548
48.652
48.547
48.860
48.547
48.703
48.651
48.600
48.652
48.495
48.547
48.599
48.652
48.600
48.600
48.599
48.496
48.651
48.495
48.548
48.495
48.547
48.548
84.072
48.547
48.600
48.548
48.599
48.651
48.600
79.697
48.652
48.548
48.547
48.496
48.495
48.652
76.989
48.600
48.547
48.651
48.600
48.652
48.495
77.509
48.651
48.599
48.548
48.651
48.547
48.651
48.808
48.600
48.651
48.703
48.548
48.599
48.547
48.755
48.495
48.651
48.651
48.600
48.495
48.599
48.704
48.652
48.495
48.547
48.600
48.652
48.704
48.704
48.600
48.547
48.652
48.600
48.652
48.547
48.652
48.547
48.548
48.547
48.548
48.496
79.280
48.704
48.600
48.495
48.496
48.548
48.547
77.249
48.703
48.443
48.548
48.547
48.600
48.548
76.519
48.548
48.600
48.703
48.599
48.495
48.495
81.936
48.547
48.600
48.600
48.651
48.599
48.496
49.068
48.651
48.547
48.756
48.496
48.600
48.547
48.860
48.599
48.651
48.599
48.652
48.548
48.547
48.808
48.652
48.599
48.600
48.652
48.547
48.496
48.651
48.600
48.548
48.651
48.600
48.547
48.599
48.704
48.495
48.599
48.600
48.548
48.600
85.635
48.548
48.600
48.599
48.703
48.496
48.599
75.843
48.600
48.548
48.599
48.495
48.600
48.495
79.749
48.652
48.547
48.600
48.704
48.600
48.599
81.989
48.704
48.704
48.599
48.652
48.600
48.547
49.069
48.704
48.547
48.652
48.652
48.547
48.496
48.964
48.495
48.495
48.600
48.547
48.600
48.495
48.808
48.652
48.548
48.599
48.599
48.548
48.599
48.443
48.599
48.652
48.600
48.547
48.600
48.651
48.756
48.599
48.651
48.444
48.495
48.548
48.600
48.703
48.703
48.495
48.704
48.600
48.600
48.599
48.600
48.599
48.599
48.496
48.599
48.651
82.978
48.652
48.600
48.599
48.547
48.547
48.547
76.728
48.703
48.599
48.547
48.548
48.547
48.599
75.218
48.600
48.496
48.547
48.600
48.652
48.547
48.756
48.495
48.600
48.599
48.600
48.600
48.599
47.037
48.495
48.600
48.547
48.547
48.548
48.651
48.652
48.755
48.547
48.547
48.496
48.547
48.548
48.860
48.599
48.495
48.600
48.599
48.600
48.495
48.599
48.599
48.599
48.496
48.599
48.547
48.756
48.652
48.548
48.495
48.495
48.599
48.496
48.599
48.755
48.651
48.599
48.496
48.652
48.600
76.259
48.548
48.600
48.547
48.547
48.652
48.548
78.760
48.652
48.495
48.496
48.651
48.547
48.496
78.603
48.703
48.599
48.652
48.600
48.599
48.495
76.259
48.548
48.599
48.600
48.548
48.547
48.548
80.270
48.547
48.495
48.548
48.652
48.495
48.652
48.183
48.600
48.547
48.599
48.652
48.547
48.600
48.860
48.703
48.599
48.548
48.495
48.652
48.600
48.704
48.599
48.548
48.600
48.547
48.548
48.548
48.651
48.599
48.548
48.548
48.547
48.547
48.652
48.547
48.495
48.652
48.651
48.599
48.600
77.926
48.651
48.600
48.756
48.600
48.495
48.600
80.635
48.652
48.548
48.547
48.496
48.599
48.599
76.833
48.548
48.600
48.599
48.599
48.599
48.547
75.478
48.496
48.600
48.495
48.547
48.600
48.495
79.489
48.599
48.652
48.548
48.600
48.599
48.652
48.079
48.547
48.599
48.600
48.652
48.599
48.548
48.808
48.548
48.495
48.600
48.600
48.599
48.548
48.912
48.548
48.548
48.599
48.600
48.547
48.548
47.714
48.600
48.651
48.600
48.547
48.599
48.600
48.756
48.704
48.547
48.495
48.652
48.547
48.548
48.652
48.548
48.651
48.651
48.599
48.548
48.600
48.496
48.600
48.600
48.547
48.496
48.599
80.061
48.600
48.652
48.495
48.548
48.547
48.547
77.926
48.547
48.547
48.548
48.599
48.600
48.547
77.665
48.548
48.599
48.547
48.547
48.547
48.600
48.547
48.547
48.652
48.548
48.599
48.651
48.548
48.860
48.496
48.599
48.496
48.547
48.600
48.599
48.704
48.495
48.548
48.547
48.600
48.599
48.599
48.808
48.547
48.547
48.600
48.599
48.547
48.652
48.756
48.652
48.548
48.599
48.600
48.548
48.599
48.808
48.547
48.547
48.652
48.599
48.599
48.444
48.600
48.599
48.652
48.548
48.495
48.548
48.495
48.652
48.652
48.495
48.547
48.600
48.548
48.495
48.548
48.600
48.651
48.651
48.599
48.599
73.394
48.651
48.599
48.548
48.495
48.547
48.496
79.541
48.496
48.652
48.547
48.600
48.495
48.495
48.131
48.548
48.548
48.495
48.704
48.600
48.495
48.964
48.651
48.600
48.599
48.547
48.599
48.600
48.704
48.496
48.600
48.495
48.548
48.548
48.599
48.756
48.547
48.600
48.600
48.547
48.600
48.652
48.704
48.599
48.548
48.704
48.548
48.652
48.599
48.547
48.704
48.599
48.600
48.548
48.547
48.548
48.860
48.495
48.547
48.600
48.548
48.599
48.495
48.651
48.599
48.495
48.547
48.651
48.496
77.249
48.548
48.495
48.599
48.651
48.599
48.651
80.895
48.756
48.548
48.547
48.496
48.548
48.495
75.634
48.704
48.600
48.495
48.548
48.495
48.600
79.332
48.600
48.495
48.548
48.652
48.495
48.652
49.224
48.547
48.600
48.547
48.652
48.600
48.599
48.808
48.651
48.651
48.600
48.547
48.548
48.548
48.756
48.495
48.600
48.547
48.652
48.548
48.599
48.651
48.547
48.496
48.547
48.599
48.651
48.496
48.651
48.703
48.599
48.548
48.547
48.599
78.031
48.600
48.495
48.599
48.600
48.547
48.547
80.531
48.652
48.652
48.547
48.496
48.600
48.495
80.739
48.756
48.599
48.600
48.547
48.600
48.495
80.165
48.599
48.547
48.495
48.600
48.600
48.547
48.704
48.600
48.495
48.548
48.495
48.548
48.495
48.808
48.652
48.599
48.496
48.652
48.599
48.548
48.859
48.547
48.600
48.547
48.600
48.495
48.496
48.808
48.548
48.547
48.496
48.495
48.600
48.599
48.756
48.547
48.548
48.495
48.548
48.547
48.548
48.652
48.600
48.599
48.548
48.652
48.599
48.651
48.652
48.600
48.547
48.600
48.495
48.651
78.342
48.548
48.547
48.600
48.547
48.599
48.600
80.947
48.600
48.600
48.651
48.651
48.548
48.495
49.225
48.548
48.599
48.600
48.599
48.547
48.548
48.756
48.496
48.495
48.548
48.651
48.600
48.599
48.703
48.599
48.652
48.599
48.599
48.600
48.599
48.860
48.599
48.600
48.495
48.599
48.495
48.651
48.704
48.600
48.547
48.496
48.600
48.599
48.495
48.755
48.495
48.547
48.548
48.495
48.495
48.651
48.600
48.548
48.495
48.495
48.496
48.547
48.703
48.599
48.599
48.600
48.547
48.599
48.548
78.759
48.703
48.495
48.600
48.495
48.547
48.548
80.687
48.496
48.599
48.548
48.547
48.495
48.600
77.874
48.495
48.547
48.600
48.599
48.495
48.548
81.364
48.548
48.599
48.599
48.599
48.703
48.600
48.912
48.548
48.547
48.599
48.600
48.600
48.495
48.600
48.652
48.651
48.547
48.600
48.652
48.600
48.652
48.599
48.599
48.600
48.548
48.652
48.703
48.652
48.600
48.495
48.600
