4818.699
4829.950
4827.242
4828.804
4794.633
4827.710
4829.741
4829.221
4795.988
4826.460
4827.658
4831.773
4796.926
4829.169
4829.690
4827.137
4795.519
4826.981
4828.491
4829.012
4825.731
4828.960
4827.294
4829.950
4819.376
4832.086
4826.929
4828.231
4823.438
4824.011
4825.888
4826.981
4824.741
4825.887
4826.877
4827.971
4825.522
4825.887
4829.065
4829.637
4823.230
4830.158
4828.283
4832.294
4830.054
4825.575
4825.262
4823.126
4823.022
4825.991
4825.314
4823.127
4826.981
4825.523
4826.408
4830.367
4827.971
4830.054
4827.085
4796.144
4832.138
4827.554
4828.544
4793.175
4823.647
4822.553
4824.950
4794.997
4826.720
4823.752
4826.251
4789.789
4826.773
4828.596
4826.773
4796.300
4827.814
4829.845
4829.429
4796.978
4828.752
4827.554
4829.690
4796.352
4827.710
4827.762
4828.231
4795.675
4828.544
4828.335
4827.762
4794.373
4828.440
4829.741
4825.002
4792.862
4827.345
4827.346
4827.606
4796.039
4826.304
4827.397
4824.689
4794.477
4826.772
4828.439
4827.137
4793.018
4827.033
4829.950
4827.398
4794.633
4826.720
4829.533
4826.199
4823.179
4827.918
4827.866
4826.304
4823.804
4821.616
4825.991
4824.741
4823.751
4824.741
4828.752
4831.252
4825.366
4827.971
4830.055
4827.762
4825.939
4827.919
4825.731
4824.377
4816.719
4825.887
4828.648
4824.429
4821.668
4823.752
4829.898
4821.146
4819.949
4827.710
4826.981
4825.574
4825.314
4828.127
4827.398
4827.866
4819.324
4826.252
4825.418
4826.668
4826.147
4829.637
4829.690
4829.794
4822.397
4830.731
4831.825
4827.554
4829.637
4829.533
4827.033
4792.915
4821.095
4828.127
4828.387
4793.644
4826.772
4828.492
4826.304
4799.113
4826.980
4827.241
4827.918
4794.894
4828.075
4828.804
4827.711
4796.509
4830.367
4828.648
4828.231
4795.415
4821.616
4825.262
4825.210
4797.602
4826.095
4829.064
4827.450
4792.550
4828.075
4828.544
4828.804
4795.727
4831.669
4826.460
4827.815
4793.852
4825.991
4822.970
4823.439
4789.945
4823.855
4827.606
4824.273
4793.018
4822.032
4826.356
4829.117
4796.040
4828.335
4829.012
4829.221
4793.696
4827.293
4825.471
4824.897
4792.081
4826.303
4825.835
4825.627
4791.768
4826.772
4828.023
4826.096
4795.728
4830.314
4828.804
4828.283
4794.477
4827.397
4829.950
4827.137
4790.830
4824.533
4824.481
4826.408
4790.675
4830.679
4825.314
4827.919
4829.117
4828.335
4828.596
4828.648
4830.263
4830.419
4826.148
4829.794
4826.251
4823.752
4827.971
4828.960
4828.231
4827.710
4825.939
4796.978
4831.409
4829.638
4825.053
4796.196
4830.159
4827.971
4826.460
4795.988
4826.512
4829.117
4831.461
4792.341
4828.492
4824.689
4828.127
4796.873
4828.440
4826.460
4827.033
4795.154
4826.564
4829.638
4827.502
4796.613
4830.367
4827.866
4830.576
4795.363
4827.294
4826.095
4825.158
4793.748
4824.637
4827.502
4825.470
4794.112
4825.314
4826.460
4828.179
4796.144
4828.388
4829.533
4829.117
4796.144
4827.449
4828.805
4829.324
4795.102
4826.564
4826.512
4827.189
4793.279
4827.346
4825.210
4824.011
4795.779
4828.596
4826.147
4827.606
4796.092
4828.544
4829.846
4830.523
4825.991
4825.262
4823.908
4826.668
4824.949
4825.679
4824.429
4827.502
4822.449
4821.563
4826.929
4829.117
4824.324
4829.221
4827.970
4827.867
4827.554
4829.481
4826.564
4829.064
4825.575
4823.647
4825.001
4826.565
4823.960
4825.574
4825.002
4826.616
4827.762
4827.242
4828.908
4826.460
4828.231
4827.866
4828.856
4794.581
4823.804
4827.033
4826.616
4790.050
4828.283
4820.730
4822.449
4826.356
4824.689
4829.325
4827.971
4794.789
4828.647
4825.991
4825.679
4794.738
4818.594
4826.355
4827.867
4795.623
4827.658
4827.294
4828.596
4794.894
4826.252
4830.054
4825.731
4796.404
4825.939
4828.336
4828.648
4794.946
4827.346
4828.960
4826.148
4795.467
4828.283
4824.064
4824.898
4794.790
4825.262
4825.470
4825.679
4792.862
4826.408
4828.908
4829.325
4796.665
4827.919
4828.231
4827.189
4795.415
4823.907
4829.429
4819.428
4795.727
4829.950
4827.085
4829.221
4794.113
4830.106
4825.002
4831.929
4794.842
4829.013
4831.409
4825.575
4797.810
4826.929
4827.762
4823.700
4793.904
4823.856
4825.783
4826.095
4790.623
4824.117
4826.668
4826.981
4793.905
4829.481
4827.293
4827.815
4795.050
4826.721
4827.971
4821.876
4793.070
4827.449
4828.440
4828.492
4831.565
4829.117
4826.408
4832.242
4829.429
4827.554
4828.700
4829.221
4828.023
4828.491
4827.085
4828.804
4829.898
4829.898
4826.773
4824.324
4825.002
4823.647
4824.272
4829.741
4829.273
4828.544
4825.262
4829.168
4826.825
4826.200
4827.971
4795.310
4829.690
4828.022
4827.554
4793.748
4827.502
4827.137
4825.887
4791.039
4825.835
4828.856
4825.106
4792.029
4828.440
4829.950
4826.252
4796.248
4828.284
4827.606
4827.658
4794.998
4829.845
4827.554
4826.251
4792.758
4822.450
4825.940
4823.126
4796.457
4827.606
4826.460
4829.898
4795.154
4828.439
4831.721
4826.981
4795.310
4828.908
4827.971
4825.262
4794.216
4826.617
4823.491
4820.001
4790.518
4827.397
4826.773
4826.460
4792.602
4830.003
4830.107
4829.637
4795.779
4824.168
4829.116
4828.126
4794.165
4828.752
4829.533
4825.314
4790.258
4823.804
4822.345
4826.929
4791.873
4824.533
4827.763
4827.971
4795.832
4828.283
4828.387
4830.107
4794.113
4829.429
4825.731
4828.439
4827.866
4828.075
4827.346
4824.012
4818.647
4823.804
4828.335
4824.376
4828.023
4826.043
4829.169
4828.857
4824.533
4828.335
4828.544
4828.492
4821.511
4824.533
4826.304
4827.918
4822.970
4827.137
4829.273
4828.075
4821.720
4827.033
4831.565
4828.387
4827.815
4826.251
4828.231
4797.967
4827.033
4825.418
4823.387
4792.237
4820.469
4827.814
4821.199
4791.821
4826.773
4828.127
4825.210
4796.300
4830.575
4830.523
4828.596
4795.623
4828.074
4828.595
4828.075
4792.706
4831.200
4829.325
4825.939
4793.384
4828.960
4828.023
4827.294
4794.738
4829.013
4827.918
4828.387
4794.217
4827.971
4830.106
4826.929
4796.353
4825.835
4825.731
4828.439
4793.123
4825.783
4825.522
4825.262
4795.259
4828.336
4830.262
4828.908
4797.394
4829.950
4830.002
4829.117
4792.446
4828.491
4829.950
4825.418
4796.717
4829.065
4828.283
4828.804
4795.884
4830.680
4827.762
4826.877
4792.914
4830.055
4827.762
4831.461
4794.946
4826.251
4830.055
4825.210
4793.436
4822.554
4826.304
4824.481
4792.289
4825.783
4825.419
4823.334
4823.230
4825.262
4830.366
4828.909
4826.721
4828.336
4828.283
4827.606
4820.522
4829.325
4824.429
4827.554
4820.886
4825.626
4829.325
4827.137
4819.897
4822.293
4825.679
4827.242
4824.012
4827.606
4829.846
4828.648
4828.231
4828.231
4827.658
4828.440
4827.658
4822.970
4823.647
4826.147
4821.407
4824.846
4824.585
4826.147
4820.782
4829.013
4830.835
4831.409
4826.408
4829.638
4826.616
4827.085
4827.502
4824.793
4825.939
4792.966
4827.658
4829.377
4830.835
4795.154
4827.710
4828.283
4828.388
4795.258
4828.336
4828.752
4824.845
4794.894
4829.846
4829.169
4827.658
4792.758
4822.449
4821.720
4826.825
4793.748
4826.043
4826.981
4827.606
4793.332
4827.971
4829.846
4825.887
4794.998
4827.971
4827.502
4828.752
4797.238
4825.523
4827.293
4826.304
4793.800
4822.814
4824.169
4828.856
4795.155
4825.835
4828.127
4827.189
4795.102
4829.273
4827.242
4830.940
4796.560
4827.294
4828.023
4825.418
4796.457
4827.190
4828.804
4828.648
4794.634
4829.064
4829.638
4825.679
4830.054
4827.502
4829.898
4831.461
4827.762
4828.544
4826.669
4829.325
4821.355
4825.678
4823.700
4826.981
4818.595
4824.585
4826.617
4823.491
4820.053
4823.022
4827.242
4826.512
4825.419
4828.960
4828.283
4829.794
4823.491
4827.450
4828.544
4831.408
4827.711
4829.481
4831.773
4826.460
4828.700
4828.700
4825.888
4796.717
4829.585
4828.857
4827.762
4795.050
4826.564
4831.252
4829.064
4795.935
4827.815
4825.314
4824.116
4794.060
4828.647
4822.918
4823.387
4792.445
4828.908
4830.107
4828.804
4795.415
4827.189
4828.336
4828.075
4795.363
4824.168
4824.324
4824.481
4789.633
4829.585
4828.440
4826.095
4793.488
4826.565
4823.439
4831.565
4795.988
4827.033
4828.336
4828.909
4796.092
4827.345
4828.648
4826.408
4795.102
4830.107
4827.450
4830.627
4796.040
4829.846
4826.148
4827.867
4794.112
4829.377
4827.814
4828.856
4831.565
4828.596
4828.700
4828.856
4827.919
4823.595
4825.731
4827.606
4820.783
4826.460
4829.012
4830.002
4828.388
4831.252
4829.065
4827.919
4820.991
4828.909
4829.325
4829.741
4827.815
4829.221
4824.272
4825.262
4823.751
4823.387
4825.470
4822.970
4825.731
4826.408
4827.294
4828.231
4828.544
4829.064
4828.023
4794.269
4825.887
4828.231
4826.981
4794.946
4822.345
4828.022
4831.149
4794.789
4830.888
4825.574
4827.345
4794.216
4825.053
4828.648
4827.815
4795.936
4827.398
4829.169
4827.971
4796.352
4828.022
4829.012
4823.595
4791.560
4826.461
4825.522
4825.418
4795.362
4825.105
4824.689
4824.690
4795.675
4828.752
4829.481
4823.960
4789.060
4827.762
4821.981
4827.554
4795.154
4826.304
4826.356
4830.055
4793.123
4828.544
4828.075
4827.659
4796.561
4830.992
4829.741
4828.023
4792.914
4828.543
4829.377
4826.929
4794.529
4826.513
4825.210
4827.450
4797.029
4828.440
4828.231
4825.783
4795.050
4827.658
4830.262
4830.314
4825.210
4829.065
4829.377
4827.919
4825.471
4827.294
4825.731
4825.314
4821.200
4821.772
4822.606
4829.012
4822.762
4830.211
4829.325
4828.700
4823.544
4830.107
4828.127
4828.596
4826.772
4828.700
4827.190
4827.242
4827.502
4828.648
4823.752
4825.679
4825.835
4827.137
4827.190
4828.075
4825.783
