5928.883
5624.888
5678.332
5700.575
5672.915
5589.937
5651.246
5676.041
5656.403
5617.284
5596.239
5614.367
5699.272
5649.058
5649.474
5692.449
5649.735
5700.835
5623.482
5605.772
5708.180
5596.500
5644.735
5682.499
5667.081
5693.803
5643.692
5693.386
5669.998
5633.952
5648.642
5667.445
5650.100
5676.301
5663.591
5675.937
5659.268
5588.478
5646.974
5665.831
5636.348
5555.036
5666.456
5651.558
5609.418
5650.465
5615.825
5687.396
5645.724
5705.107
5687.500
5640.515
5625.461
5674.009
5628.378
5684.479
5706.253
5675.623
5708.441
5663.435
5615.617
5700.887
5644.527
5698.282
5727.609
5610.355
5627.910
5626.191
5610.616
5596.656
5578.216
5587.176
5621.399
5617.128
5590.874
5561.443
5643.381
5662.758
5599.990
5683.489
5606.189
5685.833
5718.077
5719.119
5620.357
5689.844
5636.765
5647.235
5684.844
5617.387
5576.758
5674.113
5680.833
5686.927
5626.608
5678.176
5754.123
5665.102
5679.687
5683.750
5687.136
5697.085
5657.288
5686.771
5731.255
5659.737
5619.315
5672.290
5718.390
5619.888
5694.011
5705.836
5691.198
5578.529
5588.895
5649.059
5654.997
5705.679
5650.256
5565.976
5578.164
5544.775
5652.444
5721.775
5744.850
5608.116
5652.444
5651.298
5652.444
5650.413
5650.934
5647.704
5635.515
5584.259
5578.581
5660.049
5614.263
5656.924
5644.631
5592.281
5692.188
5684.584
5699.272
5679.166
5622.961
5863.823
5731.151
5630.202
5622.857
5588.270
5609.365
5587.540
5589.988
5565.715
5642.599
5654.007
5636.921
5642.808
5614.940
5577.956
5664.425
5592.906
5730.527
5658.799
5676.092
5563.839
5642.755
5662.289
5631.973
5650.361
5588.114
5653.382
5684.219
5659.789
5593.114
5620.617
5715.264
5684.480
5580.457
5601.813
5659.737
5597.541
5690.834
5678.905
5618.325
5686.406
5682.082
5676.666
5588.999
5670.623
5695.418
5678.437
5699.324
5634.161
5698.126
5681.250
5691.303
5651.194
5686.562
5684.584
5668.487
5607.908
5591.290
5610.095
5564.674
5562.121
5583.217
5628.066
5565.038
5569.830
5601.865
5597.020
5610.460
5574.518
5673.801
5671.613
5682.916
5601.396
5657.236
6042.282
5593.635
5629.681
5621.086
5678.906
5701.668
5710.055
5687.812
5626.868
5668.748
5738.756
5662.341
5648.641
5674.061
5600.250
5644.579
5573.477
5603.272
5641.714
5576.185
5572.382
5576.497
5552.536
5625.617
5665.415
5667.602
5701.408
5639.578
5571.914
5585.353
5596.500
5550.245
5594.417
5581.759
5677.916
5675.363
5671.457
5658.538
5722.505
5695.470
5625.618
5685.104
5698.960
5657.445
5542.483
5643.328
5655.048
5706.096
5605.146
5700.262
5624.940
5616.762
5566.965
5586.968
5705.680
5686.562
5625.357
5622.805
5648.433
5579.727
5690.157
5689.011
5599.521
5678.020
5619.368
5686.615
5732.766
5685.365
5572.330
5635.046
5645.776
5583.060
5649.371
5643.798
5618.065
5699.585
5654.007
5669.112
5686.875
5648.902
5570.768
5543.473
5645.516
5629.681
5661.143
5639.526
5656.351
5666.873
5625.462
5640.360
5598.167
5623.170
5670.154
5606.188
5582.227
5675.415
5691.095
5714.327
5676.770
5619.003
5609.679
5639.682
5577.123
5603.063
5600.614
5698.960
5562.329
5641.766
5657.653
5668.436
5641.297
5581.602
5648.381
5580.560
5571.028
5562.954
5595.562
5729.901
5626.868
5695.417
5680.469
5643.589
5683.177
5644.787
5688.542
5671.405
5631.816
5646.037
5693.387
5617.336
5608.949
5584.780
5650.986
5644.423
5674.791
5628.430
5586.551
5660.049
5619.993
5629.681
5661.455
5588.217
5587.332
5546.755
5724.588
5705.210
5637.859
5698.960
5677.811
5646.089
5686.042
5713.909
5641.401
5710.419
5736.361
5679.062
5680.729
5699.220
5745.580
5651.455
5741.049
5645.256
5582.071
5642.234
5639.213
5610.720
5592.228
5578.946
5633.640
5660.726
5612.700
5689.636
5598.427
5605.720
5593.114
5575.560
5653.173
5655.466
5662.497
5626.712
5544.566
5624.785
5663.539
5709.899
5623.534
5577.227
5616.815
5708.805
5680.312
5598.688
5619.836
5645.829
5576.549
5588.322
5690.001
5688.542
5634.317
5699.428
5600.771
5664.738
5640.255
5590.614
5604.834
5601.500
5656.247
5587.384
5632.025
5652.132
5652.288
5638.744
5573.320
5641.089
5693.386
5644.891
5629.525
5711.930
5697.814
5590.562
5612.075
5596.344
5679.374
5703.491
5684.323
5655.257
5601.917
5610.928
5573.580
5598.948
5563.423
5660.987
5619.992
5567.173
5634.421
5587.019
5583.790
5608.324
5704.169
5685.312
5747.195
5621.242
5576.706
5642.495
5663.331
5687.552
5617.700
5731.359
5646.402
5643.432
5593.375
5622.075
5604.522
5660.101
5674.634
5672.499
5695.262
5629.420
5620.201
5635.463
5630.254
5582.227
5577.956
5583.738
5647.131
5581.759
5651.924
5670.050
5648.434
5683.177
5629.265
5580.456
5562.798
5649.579
5711.565
5621.763
5655.153
5605.615
5683.959
5654.372
5680.469
5683.802
5668.487
5599.678
5693.178
5723.911
5692.189
5610.460
5610.928
5592.957
5671.874
5731.412
5670.883
5686.615
5603.584
5646.453
5586.655
5650.100
5680.052
5709.794
5664.373
5580.457
5568.059
5645.621
5660.153
5597.281
5624.784
5628.326
5647.756
5671.145
5629.837
5595.614
5662.601
5650.569
5637.234
5669.009
5689.896
5714.066
5689.167
5701.877
5603.115
5686.354
5697.970
5699.064
5657.185
5701.617
5623.587
5595.927
5662.550
5710.003
5684.323
5725.057
5687.084
5626.712
5694.949
5732.298
5695.418
5756.154
5596.396
5622.441
5688.178
5623.899
5697.501
5617.440
5685.416
5663.747
5692.032
5692.658
5631.608
5651.351
5693.542
5687.865
5638.849
5687.500
5739.642
5755.217
5623.951
5678.437
5616.763
5675.728
5712.087
5655.309
5627.806
5593.166
5613.117
5680.676
5623.014
5660.206
5707.138
5660.154
5645.048
5609.522
5677.707
5694.377
5615.356
5622.180
5645.048
5698.387
5618.482
5594.416
5618.899
5675.833
5630.619
5662.185
5629.265
5585.822
5676.718
5740.111
5600.875
5709.638
5635.515
5688.646
5684.583
5635.827
5642.963
5664.008
5715.733
5705.211
5650.256
5620.826
5635.672
5624.680
5682.864
5674.425
5659.164
5682.813
5615.929
5722.817
5609.158
5690.314
5596.448
5676.145
5736.881
5695.678
5613.065
5627.962
5674.842
5668.332
5609.210
5738.392
5599.781
5636.973
5583.582
5588.842
5616.867
5569.518
5571.966
5624.160
5670.988
5725.422
5691.407
5651.923
5686.094
5685.157
5676.249
5683.282
5615.565
5624.108
5602.751
5642.443
5671.041
5661.769
5624.472
5612.388
5619.419
5639.213
5592.906
5630.827
5616.971
5684.114
5657.080
5592.176
5662.445
5658.434
5602.907
5681.042
5596.083
5597.437
5605.459
5619.055
5652.235
5685.886
5676.301
5749.435
5684.376
5652.861
5625.150
5645.151
5607.283
5706.305
5731.256
5641.818
5701.929
5683.958
5701.044
5700.419
5685.937
5682.656
5695.731
5589.937
5607.804
5629.837
5611.918
5637.859
5599.469
5663.278
5615.669
5613.793
5642.339
5597.594
5608.480
5629.316
5566.080
5591.186
5659.060
5591.030
5671.405
5593.114
5625.826
5655.518
5685.208
5739.799
5677.916
5643.276
5607.178
5663.643
5691.720
5696.303
5632.182
5627.962
5638.484
5702.710
5696.200
5731.099
5696.564
5615.200
5601.240
5661.873
5687.761
5730.578
5732.870
5612.126
5617.961
5594.885
5624.055
5552.328
5608.585
5589.728
5684.010
5662.393
5645.047
5600.615
5714.066
5655.621
5575.665
5677.082
5575.091
5589.573
5646.818
5624.473
5603.792
5665.362
5658.591
5641.765
5693.126
5697.032
5692.553
5611.606
5629.212
5628.743
5671.821
5703.335
5674.999
5666.456
5634.525
5671.926
5605.459
5667.707
5646.454
5659.059
5597.750
5628.379
5601.084
5585.718
5665.362
5713.805
5664.581
5590.197
5578.685
5583.426
5675.312
5653.173
5671.665
5684.323
5712.295
5694.115
5753.602
5694.168
5660.935
5585.457
5714.535
5666.456
5592.437
5660.258
5639.005
5696.460
5657.444
5757.040
5651.715
5603.011
5600.302
5676.301
5690.939
5718.545
5674.947
5611.294
5689.949
5672.915
5734.381
5672.811
5599.730
5613.898
5604.626
5605.616
5639.162
5580.405
5685.782
5663.539
5588.113
5608.012
5610.668
5615.200
5662.237
5619.523
5653.329
5646.089
5577.331
5603.949
5613.794
5618.586
5699.637
5647.808
5661.196
5670.779
5690.990
5630.775
5686.354
5595.354
5687.135
5721.879
5706.722
5633.900
5718.077
5683.020
5658.070
5732.506
5685.156
5702.138
5734.850
5711.201
5627.181
5676.093
5610.460
5614.783
5644.839
5647.235
5631.139
5652.913
5576.029
5669.165
5655.465
5581.237
5564.257
5633.275
5592.385
5660.050
5686.928
5709.169
5687.136
5645.360
5688.281
5734.694
5654.372
5673.592
5619.002
5580.196
5611.397
5668.383
5618.690
5709.118
5656.508
5688.594
5686.928
5651.350
5587.958
5680.208
5694.689
5741.153
5688.178
5628.275
5587.697
5546.181
5652.236
5628.170
5599.886
5657.757
5601.449
5579.571
5575.351
5584.572
5593.270
5582.384
5571.862
5668.228
5695.054
5703.491
5633.119
5617.023
5612.908
5602.281
5672.498
5581.134
5599.313
5615.513
5600.250
5636.349
5666.977
5641.453
5580.665
5603.324
5562.173
5661.976
5622.232
5604.938
5691.303
5676.093
5688.490
5678.489
5685.208
5634.838
5612.231
5649.215
5591.655
5623.326
5741.881
5611.345
5689.428
5608.950
5655.153
5607.439
5626.972
5574.935
5579.102
5614.158
5579.467
5596.552
5705.992
5641.610
5635.619
5779.074
5590.249
5646.454
5628.275
5619.940
5602.855
5662.498
5700.471
5624.368
5653.434
5703.492
5685.104
5733.965
5651.038
5586.447
5691.199
5699.168
5688.490
5680.937
5624.315
5675.312
5735.735
5659.216
5684.688
5628.744
5654.945
5700.419
5683.593
5664.060
5623.639
5631.764
5601.292
5636.348
5589.104
5582.436
5587.645
5555.506
5684.948
5655.101
5591.447
5651.663
5656.090
5687.709
5679.844
