34204.804
34130.680
34124.586
34121.617
34086.978
34118.283
34089.113
34117.867
34081.768
34164.591
34130.368
34125.264
34089.686
34174.853
34125.368
34140.213
34090.051
34125.159
34153.861
34131.202
34084.321
34124.430
34121.565
34133.025
34084.217
34137.088
34125.576
34191.313
34086.873
34183.135
34125.993
34138.598
34083.384
34127.868
34121.773
34128.649
34088.645
34142.661
34154.694
34140.266
34091.301
34132.869
34117.711
34127.659
34086.769
34140.995
34124.326
34224.025
34135.109
34115.158
34125.004
34123.701
34135.785
34082.759
34126.722
34124.639
34152.194
34126.201
34158.862
34128.753
34087.915
34119.013
34122.712
34132.712
34084.374
34122.711
34123.909
34130.994
34087.916
34170.113
34129.066
34201.575
34087.186
34130.108
34175.843
34121.826
34135.682
34083.488
34153.705
34133.234
34163.758
34083.175
34125.420
34127.452
34088.592
34156.049
34127.139
34122.191
34086.561
34158.445
34129.067
34121.097
34085.520
34124.587
34127.972
34132.869
34080.050
34167.300
34184.177
34127.399
34124.847
34138.651
34139.484
34122.972
34131.047
34134.953
34142.298
34159.435
34129.119
34165.529
34198.710
34240.590
34093.073
34113.856
34170.739
34135.317
34147.194
34135.942
34136.984
34137.141
34130.995
34090.989
34137.818
34163.446
34133.807
34086.614
34128.338
34126.098
34141.881
34086.301
34147.506
34131.150
34166.520
34091.562
34128.389
34157.404
34125.942
34089.063
34128.650
34140.839
34131.671
34088.177
34165.008
34164.435
34126.046
34085.624
34131.098
34129.275
34138.860
34093.385
34125.942
34128.390
34156.778
34137.505
34155.372
34128.025
34128.858
34091.198
34129.275
34139.381
34127.817
34153.705
34128.338
34133.755
34138.078
34126.046
34118.388
34137.349
34214.650
34094.219
34172.354
34196.627
34125.890
34093.542
34173.344
34129.848
34136.881
34124.014
34130.839
34135.422
34130.109
34089.584
34125.212
34144.069
34135.162
34087.917
34169.020
34132.244
34125.838
34088.802
34135.944
34148.757
34132.974
34133.652
34126.983
34159.227
34147.559
34131.411
34139.745
34135.526
34160.217
34096.564
34136.569
34130.891
34166.988
34091.355
34134.433
34137.141
34174.646
34096.824
34133.964
34161.155
34187.565
34095.887
34134.797
34134.797
34130.214
34092.241
34131.307
34125.890
34158.602
34084.218
34164.905
34136.152
34128.963
34090.365
34185.168
34131.515
34126.047
34109.430
34132.610
34164.176
34130.995
34088.855
34135.214
34132.819
34131.672
34095.261
34135.058
34133.756
34157.977
34123.233
34129.381
34132.245
34143.080
34088.021
34142.611
34131.204
34131.776
34116.097
34178.448
34131.204
34131.255
34088.647
34123.442
34125.786
34130.630
34093.595
34179.855
34128.494
34206.057
34093.387
34138.340
34126.203
34128.808
34129.745
34082.760
34132.923
34127.245
34124.432
34185.897
34146.934
34132.558
34089.480
34136.516
34131.412
34166.416
34087.396
34205.380
34144.694
34136.413
34092.188
34131.725
34131.308
34127.609
34094.377
34134.277
34196.629
34121.567
34087.969
34135.423
34126.307
34140.163
34085.677
34132.818
34127.402
34160.738
34089.012
34162.874
34133.652
34124.901
34086.876
34180.221
34124.953
34134.277
34093.127
34128.339
34163.968
34128.495
34092.501
34132.142
34130.163
34136.829
34087.605
34149.018
34136.257
34194.597
34089.844
34112.921
34135.944
34132.923
34085.834
34093.335
34138.757
34146.362
34138.861
34089.429
34126.724
34132.142
34147.925
34088.595
34131.256
34133.965
34133.184
34122.713
34123.964
34205.484
34128.131
34089.116
34170.792
34127.923
34139.590
34091.564
34176.417
34130.527
34159.645
34095.314
34130.423
34127.298
34120.578
34087.605
34143.811
34166.052
34135.736
34088.439
34134.434
34153.603
34136.413
34092.033
34135.632
34133.392
34179.699
34086.824
34203.661
34132.871
34132.715
34092.449
34131.726
34133.340
34125.474
34088.491
34129.173
34179.074
34136.205
34120.370
34155.061
34134.590
34127.454
34083.907
34134.746
34138.028
34164.906
34091.668
34135.997
34133.549
34144.435
34094.012
34129.694
34140.789
34133.444
34112.557
34058.019
34109.171
34077.292
34109.952
34085.001
34104.586
34080.678
34117.661
34072.239
34105.160
34081.511
34116.151
34112.869
34073.750
34070.416
34085.887
34074.844
34079.116
34079.532
34075.261
34081.147
34071.354
34074.427
34090.940
34079.323
34085.731
34081.980
34069.687
34082.397
34085.053
34073.958
34088.387
34083.022
34082.710
34081.928
34075.573
34082.084
34080.261
34066.405
34079.532
34080.678
34114.276
34087.658
34055.362
34085.053
34083.543
34065.259
34083.126
34072.813
34083.595
34087.710
34065.677
34084.169
34068.542
34067.916
34084.220
34084.064
34080.314
34076.459
34068.541
34086.200
34079.897
34081.824
34081.303
34140.529
34212.153
34241.739
34152.562
34092.451
34080.366
34106.254
34090.159
34061.405
34074.532
34082.397
34077.292
34084.585
34078.126
34069.114
34082.293
34081.772
34072.865
34080.365
34082.762
34085.679
34082.606
34076.876
34083.178
34069.167
34074.740
34083.752
34072.344
34090.158
34071.563
34065.624
34081.929
34073.907
34073.125
34073.178
34112.922
34083.127
34072.552
34077.917
34085.939
34076.251
34079.220
34081.460
34064.322
34085.106
34111.255
34077.345
34109.745
34083.492
34112.662
34082.867
34099.326
34083.699
34111.203
34074.845
34111.463
34070.365
34103.702
34080.314
34113.078
34080.367
34105.942
34074.845
34112.974
34113.443
34083.804
34086.721
34062.395
34086.044
34072.917
34069.480
34087.034
34079.897
34077.658
34073.074
34070.365
34080.314
34085.731
34176.888
34225.540
34118.392
34085.523
34080.210
34066.719
34083.856
34085.679
34079.168
34086.044
34072.241
34088.492
34086.200
34067.865
34087.502
34103.858
34100.993
34084.638
34100.889
34086.200
34114.016
34060.208
34122.351
34061.510
34116.360
34089.795
34119.746
34083.439
34110.058
34090.316
34118.496
34075.470
34063.541
34086.513
34075.731
34085.784
34082.971
34087.919
34082.555
34071.771
34070.053
34083.387
34082.033
34082.033
34101.775
34090.524
34084.950
34080.106
34083.492
34084.221
34078.492
34084.117
34081.356
34092.295
34081.096
34077.710
34070.365
34081.982
34081.409
34083.700
34082.086
34087.138
34080.888
34072.085
34077.554
34085.315
34068.751
34076.147
34078.804
34071.251
34076.200
34075.835
34070.418
34109.016
34088.337
34080.158
34079.272
34063.490
34087.191
34070.261
34065.886
34084.377
34067.709
34077.450
34084.690
34066.615
34074.221
34078.700
34085.212
34084.950
34080.784
34083.388
34080.628
34079.793
34080.471
34073.856
34081.044
34086.878
34090.316
34088.232
34083.545
34061.979
34107.141
34105.734
34078.023
34122.715
34075.367
34121.518
34083.076
34103.182
34084.430
34111.413
34066.511
34119.122
34074.637
34112.663
34083.597
34084.534
34085.681
34077.294
34069.429
34083.857
34071.981
34071.980
34076.877
34052.239
34084.378
34069.116
34075.106
34085.368
34067.969
34099.953
34090.108
34081.148
34083.284
34071.564
34075.888
34083.285
34074.481
34084.900
34080.055
34074.533
34086.410
34073.648
34066.147
34083.597
34076.357
34086.514
34082.555
34066.511
34082.451
34078.701
34082.503
34086.931
34064.376
34069.689
34078.648
34072.762
34083.180
34067.397
34083.753
34082.399
34068.231
34079.326
34085.316
34084.482
34086.462
34071.096
34070.419
34076.825
34071.044
34076.408
34083.181
34085.420
34083.493
34088.650
34082.660
34080.889
34074.533
34076.304
34082.504
34084.952
34080.784
34079.586
34085.264
34082.243
34070.418
34081.149
34081.826
34094.223
34079.951
34079.638
34077.190
34084.066
34069.325
34073.284
34079.639
34062.032
34081.097
34082.295
34087.087
34079.117
34082.659
34085.733
34089.380
34080.055
34078.962
34074.690
34080.941
34079.013
34064.324
34069.585
34083.962
34087.816
34112.143
34075.107
34110.840
34082.608
34122.769
34076.044
34110.319
34062.085
34114.747
34070.471
34101.100
34085.369
34096.360
34076.461
34108.965
34066.564
34110.267
34082.296
34101.829
34085.785
34117.821
34081.253
34119.695
34065.627
34091.932
34079.534
34074.065
34082.869
34072.867
34074.482
34079.118
34066.356
34079.743
34110.111
34083.442
34091.150
34073.856
34073.440
34072.086
34079.066
34081.879
34067.814
34059.063
34078.077
34089.171
34081.462
34079.535
34085.473
34086.828
34080.733
34080.472
34091.880
34087.712
34080.108
34076.462
34088.390
34085.525
34074.951
34067.554
34091.985
34073.752
34080.681
34098.547
34090.734
34085.056
34084.692
34088.755
34089.901
34067.659
34074.899
34075.940
34069.847
34079.275
34074.170
34065.679
34082.869
34065.783
34069.586
34067.554
34083.702
34095.058
34077.712
34075.108
34090.421
34074.951
34071.982
34082.609
34067.398
34082.661
34075.420
34063.648
34104.955
34073.909
34083.025
34076.723
34061.877
34080.681
34078.129
34086.255
34083.599
34080.109
34086.828
34086.515
34072.138
34079.170
34079.640
34079.744
34112.143
34079.587
34103.080
34083.234
34111.778
34086.098
34109.435
34084.328
34126.676
34064.325
34109.851
34079.795
34101.882
34104.226
34072.347
34071.045
34121.363
34065.888
34111.935
34085.630
34070.264
34085.317
34072.660
34068.492
34086.984
34055.887
34113.029
34078.963
34071.566
34074.795
34077.400
34074.222
34086.203
34081.306
34079.067
34084.952
34066.097
34086.047
34072.399
34066.408
34083.494
34087.349
34111.622
34086.567
34083.182
34086.516
34076.619
34070.315
34087.818
34076.463
34090.839
34080.317
34069.899
34085.995
34084.432
34066.618
34085.526
34085.369
34081.619
34085.734
34072.764
34078.025
34085.735
34087.297
34077.557
34066.461
34073.076
34077.452
34071.878
34087.557
34073.546
34099.278
34088.495
34080.108
34082.661
34086.255
34086.933
34087.714
34082.505
34064.065
34086.620
34074.171
34077.139
34085.735
34067.243
34087.141
34094.069
34091.152
34083.911
34064.014
34080.682
34086.360
34082.192
34124.750
34081.203
34102.351
34089.901
34105.789
34078.702
34126.104
34069.847
34120.634
34086.464
34084.693
34089.693
34077.192
34078.025
34087.923
34072.556
34078.703
34083.390
34071.358
34084.797
34071.462
34091.933
34087.506
34062.815
34089.224
34078.807
34075.786
34092.141
34057.971
34074.588
34085.266
34080.318
34083.807
34082.817
34079.797
34116.624
34072.712
34080.161
34086.673
34090.111
34089.694
34086.047
34087.558
34079.172
34069.326
34086.152
34076.828
34070.733
34086.464
34079.588
34085.006
34083.495
34066.149
