1802.507
1751.563
1761.356
1716.976
1794.537
1758.751
1758.647
1798.131
1831.886
1739.635
1760.366
1769.690
1889.653
1713.069
1696.608
1818.186
1761.669
1710.309
1817.978
1811.778
1735.936
1838.970
1728.800
1728.539
1814.904
1791.672
1819.436
1769.326
1820.634
1778.806
1788.234
1732.863
1783.077
1845.897
1795.526
1712.913
1754.584
1784.119
1820.946
1694.057
1721.456
1717.548
1796.308
1765.992
1786.255
1751.563
1742.603
1769.273
1809.695
1795.319
1719.580
1813.967
1640.977
1753.126
1696.713
1775.108
1692.963
1801.777
1727.497
1795.892
1798.705
1811.466
1757.294
1810.164
1778.858
1812.925
1804.538
1801.257
1701.245
1782.661
1796.986
1775.368
1801.153
1689.212
1748.802
1786.620
1807.820
1788.391
1752.865
1754.897
1833.969
1716.403
1800.162
1808.184
1776.097
1772.035
1772.555
1827.041
1761.929
1756.824
1751.667
1766.982
1766.252
1761.982
1798.340
1798.079
1751.563
1742.344
1692.025
1771.253
1759.845
1795.579
1677.127
1787.609
1799.381
1704.213
1717.601
1729.060
1763.753
1782.244
1799.121
1805.528
1775.629
1759.845
1738.697
1793.964
1828.395
1892.882
1766.252
1799.329
1809.070
1783.963
1761.304
1839.282
1804.539
1848.450
1771.618
1737.030
1718.487
1768.597
1795.944
1775.524
1808.028
1704.891
1769.638
1776.722
1706.714
1774.066
1738.749
1802.090
1757.032
1868.087
1790.735
1721.508
1795.318
1824.385
1833.136
1782.452
1799.017
1812.768
1742.344
1765.940
1841.783
1831.000
1757.606
1786.932
1744.896
1782.348
1841.365
1789.588
1760.418
1772.035
1775.264
1793.964
1764.689
1707.026
1757.814
1738.489
1765.159
1780.785
1785.682
1683.639
1711.402
1711.923
1818.811
1760.366
1827.458
1757.188
1750.938
1784.901
1758.804
1785.265
1746.719
1801.152
1773.910
1776.150
1810.477
1804.642
1780.629
1786.099
1830.062
1770.888
1800.006
1675.773
1774.586
1800.632
1794.589
1810.529
1764.690
1757.813
1766.982
1827.509
1742.604
1786.307
1727.185
1795.475
1762.242
1758.491
1803.340
1800.996
1757.657
1740.052
1806.726
1809.591
1837.771
1697.806
1764.533
1784.223
1815.946
1714.996
1800.684
1763.075
1804.017
1778.911
1721.820
1701.037
1768.961
1850.169
1789.537
1837.459
1742.292
1767.242
1686.503
1755.105
1793.391
1786.932
1828.448
1763.804
1765.836
1780.890
1818.290
1756.773
1685.930
1674.627
1748.438
1833.240
1751.042
1708.329
1796.568
1747.292
1803.445
1747.448
1774.535
1698.536
1810.008
1759.533
1726.717
1749.896
1805.945
1790.786
1749.741
1797.506
1765.888
1758.907
1739.635
1841.834
1790.422
1753.126
1758.856
1745.157
1791.516
1764.377
1724.320
1778.494
1710.152
1789.537
1773.493
1834.386
1762.242
1716.351
1776.983
1773.857
1780.838
1776.462
1745.989
1782.817
1766.617
1797.871
1719.944
1853.607
1753.439
1825.426
1826.207
1766.513
1757.866
1743.125
1756.720
1767.399
1696.192
1753.803
1672.075
1764.533
1800.892
1726.560
1815.738
1790.318
1850.429
1744.688
1808.654
1726.352
1768.336
1741.874
1735.207
1744.427
1767.034
1731.040
1703.641
1815.530
1699.317
1791.047
1798.027
1694.889
1758.022
1765.732
1753.751
1751.355
1744.791
1783.911
1775.472
1771.774
1771.462
1769.274
1815.477
1822.978
1844.231
1749.584
1823.239
1684.576
1747.448
1687.858
1793.235
1778.598
1748.750
1822.248
1771.148
1777.191
1754.272
1689.160
1795.058
1789.849
1758.335
1770.003
1807.455
1761.669
1797.454
1769.169
1799.068
1731.092
1719.893
1770.368
1786.099
1810.476
1744.114
1687.076
1828.448
1800.840
1770.264
1801.257
1713.590
1743.906
1867.566
1791.828
1792.245
1742.760
1741.770
1762.033
1806.778
1738.801
1770.420
1743.854
1757.449
1739.010
1757.502
1724.789
1732.811
1804.903
1730.988
1773.233
1770.212
1744.115
1765.419
1787.453
1766.773
1738.801
1766.200
1808.914
1777.191
1820.738
1780.994
1700.515
1691.191
1815.321
1803.809
1770.993
1758.544
1706.349
1729.789
1750.313
1838.813
1786.880
1770.420
1791.151
1830.062
1775.525
1802.142
1768.648
1752.396
1775.264
1804.694
1699.890
1825.375
1800.736
1721.664
1740.156
1735.989
1730.519
1734.009
1725.831
1774.952
1794.485
1763.960
1755.366
1761.981
1796.308
1733.593
1820.738
1727.758
1790.318
1835.583
1785.891
1867.879
1798.549
1815.164
1808.393
1806.465
1784.484
1816.259
1812.352
1795.163
1790.734
1739.010
1720.362
1782.296
1752.761
1760.366
1714.215
1789.120
1765.002
1784.484
1729.946
1745.469
1772.347
1795.891
1774.378
1753.543
1708.537
1814.227
1831.468
1748.438
1786.255
1745.104
1817.144
1696.661
1796.881
1782.922
1756.043
1839.439
1803.705
1753.699
1814.540
1801.570
1674.731
1782.453
1786.880
1822.249
1768.232
1821.207
1710.777
1781.931
1702.547
1718.382
1663.271
1755.783
1829.229
1821.102
1780.160
1712.600
1737.343
1707.392
1821.988
1832.666
1813.758
1712.027
1794.120
1776.098
1732.342
1737.916
1750.418
1806.205
1791.620
1817.404
1827.249
1709.475
1765.158
1777.347
1796.516
1770.992
1783.962
1760.367
1772.295
1801.622
1785.838
1795.996
1815.686
1732.863
1815.946
1729.426
1777.139
1820.217
1702.390
1840.063
1788.912
1758.283
1773.545
1760.992
1703.953
1791.620
1768.909
1810.841
1832.771
1767.502
1714.736
1747.605
1774.535
1785.161
1796.256
1712.756
1774.274
1856.732
1728.123
1785.370
1742.916
1787.973
1768.232
1870.119
1782.140
1764.013
1832.718
1818.029
1749.323
1809.435
1783.234
1843.605
1728.019
1787.817
1856.992
1776.097
1707.964
1765.263
1753.282
1760.106
1759.897
1797.714
1775.733
1693.692
1782.609
1792.922
1760.731
1832.771
1738.280
1817.196
1733.801
1772.190
1792.662
1806.570
1714.059
1781.463
1746.250
1800.735
1753.230
1752.553
1749.584
1697.911
1821.884
1765.419
1753.125
1805.319
1789.536
1771.045
1838.865
1821.832
1766.617
1773.128
1839.334
1778.181
1771.670
1799.798
1732.186
1810.893
1850.064
1732.395
1757.397
1718.278
1745.990
1775.629
1814.852
1715.934
1751.303
1830.062
1747.396
1764.534
1787.192
1735.676
1705.724
1736.822
1784.119
1768.597
1833.709
1719.372
1770.836
1801.726
1790.214
1747.709
1712.808
1836.573
1772.868
1793.965
1858.867
1760.366
1682.701
1854.961
1787.141
1792.766
1817.248
1866.316
1727.654
1790.891
1829.281
1795.944
1816.623
1749.480
1784.380
1807.976
1801.569
1719.216
1823.135
1788.495
1702.704
1672.856
1772.659
1743.593
1753.231
1753.022
1829.489
1818.082
1801.517
1802.350
1706.974
1727.603
1773.336
1775.159
1674.627
1761.929
1792.923
1769.482
1732.290
1822.457
1722.133
1794.276
1783.911
1784.692
1805.320
1699.682
1825.218
1757.032
1721.820
1785.786
1746.042
1802.611
1868.400
1776.515
1788.703
1769.639
1788.443
1695.619
1730.467
1767.450
1750.417
1800.684
1758.127
1782.244
1788.183
1838.292
1809.538
1804.590
1762.085
1803.184
1806.101
1696.504
1797.193
1716.663
1773.076
1828.968
1736.040
1796.569
1740.989
1791.412
1748.803
1842.512
1783.234
1774.066
1770.055
1805.528
1801.100
1835.115
1775.264
1784.744
1703.693
1796.620
1794.589
1774.379
1821.832
1774.951
1761.096
1769.013
1799.746
1825.426
1752.084
1787.141
1770.368
1776.618
1827.614
1779.222
1784.848
1838.917
1740.728
1795.839
1814.747
1760.470
1704.474
1726.664
1787.088
1763.492
1761.096
1789.536
1781.255
1760.783
1714.528
1813.446
1750.574
1713.434
1822.822
1797.610
1701.453
1763.961
1744.219
1795.579
1813.550
1697.025
1783.963
1723.175
1782.244
1784.275
1801.778
1816.831
1746.615
1731.822
1730.258
1831.261
1746.563
1783.286
1743.281
1766.878
1803.496
1778.077
1805.840
1672.075
1775.056
1825.843
1755.210
1818.915
1774.482
1736.666
1719.528
1800.996
1762.971
1823.707
1687.441
1774.952
1771.514
1734.113
1801.986
1710.308
1777.452
1785.265
1783.338
1735.520
1816.988
1718.747
1790.214
1734.999
1725.206
1713.642
1732.915
1757.137
1816.676
1712.183
1719.215
1740.208
1771.982
1763.440
1784.536
1733.020
1761.564
1805.216
1753.855
1751.459
1755.106
1788.651
1803.601
1768.649
1745.104
1742.968
1756.252
1863.191
1777.035
1789.797
1748.490
1771.410
1845.220
1829.853
1770.264
1829.646
1774.118
1739.165
1793.287
1764.377
1782.453
1768.076
1750.157
1748.803
1792.037
1767.555
1769.430
1740.469
1694.265
1775.212
1831.104
1825.895
1807.508
1741.770
1721.977
1749.584
1756.459
1780.994
1718.903
1701.506
1770.159
1777.764
1793.547
1758.282
1751.042
1777.035
1755.574
1752.918
1785.786
1755.053
1769.378
1742.969
1814.748
1717.289
1778.286
1788.078
1751.564
1808.549
1699.943
1826.833
1784.536
1738.749
1786.567
1692.702
1731.769
1750.938
1811.206
1842.772
1765.888
1724.008
1779.744
1802.194
1763.908
1786.098
1703.329
1776.514
1782.296
1826.572
1713.538
1729.581
1732.915
1732.863
1757.918
1715.465
1759.169
1734.686
1695.932
1765.992
1733.176
1734.842
1738.229
1729.165
1770.836
1839.646
1722.653
1705.933
1794.120
1800.371
1708.641
1734.061
1831.208
1749.688
1706.506
1838.188
1690.254
1760.522
1699.995
1800.997
1748.906
1774.847
1810.790
1809.748
1868.244
1772.243
1754.064
1649.520
1764.898
1778.910
1740.729
1739.166
1773.285
1758.544
1791.099
1772.086
1773.336
1768.441
1789.537
1728.019
1805.736
1763.752
1743.750
1745.625
1758.491
1775.994
1799.121
1766.409
1770.732
1748.125
1783.234
1751.720
1784.015
1769.482
1774.795
1761.564
1780.368
1787.558
1746.354
1761.617
1756.356
1735.936
1779.952
1744.375
1772.399
1773.754
1799.537
1766.148
1746.719
1806.414
1803.236
1818.499
1703.589
1777.035
1705.152
1836.729
1734.165
1760.783
1711.141
1752.865
1766.305
1743.125
1834.490
1779.379
1762.606
