451657.248
448982.451
448532.711
448820.403
449643.731
450937.429
451974.898
448919.899
449227.645
448770.770
449323.441
449304.429
449786.727
449585.350
449701.773
450052.387
449984.465
450637.096
451299.989
450537.920
450539.640
450704.036
450846.554
451117.890
450232.785
450714.616
450967.041
450567.465
450389.163
449733.983
450336.347
450450.841
450943.349
451043.883
450520.957
449868.380
450170.450
450375.839
450960.963
450976.903
451069.207
451169.325
451196.152
450992.326
450546.753
450333.918
449826.825
449159.613
448939.587
449302.393
449694.159
450271.625
450590.102
450532.857
450716.474
450573.853
450930.565
451328.477
451297.434
451034.746
450224.287
450229.080
450840.457
450463.017
450356.807
450479.219
451616.856
451470.798
451175.815
450823.171
451015.747
450753.686
450796.557
451037.212
451197.962
451260.366
450783.279
450138.567
449824.209
450740.985
450473.611
450871.003
450664.209
450183.007
450004.341
450367.511
450115.554
450417.780
450631.764
449965.072
450177.597
450828.198
450802.206
450878.102
449985.288
449665.719
450186.357
450713.659
450498.011
450628.652
450949.474
450725.332
451190.755
451601.429
450474.212
450519.323
450802.013
450539.015
450529.587
450709.560
450557.302
450908.335
450907.919
451415.013
451596.858
450468.547
450736.706
450785.983
450781.349
450375.988
451243.542
451297.924
451216.978
451114.936
451249.641
449663.306
450964.869
450970.913
450448.351
448733.772
450116.698
450905.024
450518.156
451612.143
451068.953
450914.874
451121.514
451099.689
451139.904
450966.863
450715.481
450700.792
450316.425
451164.495
450898.059
451064.122
450960.412
451620.597
451442.086
451508.398
450822.691
450756.696
450805.296
450979.120
451238.996
451463.764
451236.602
451010.951
450843.641
450661.068
450708.574
451175.401
452256.628
450971.109
451404.287
450840.054
451795.847
451568.113
451226.718
451594.785
451144.887
450844.853
451173.122
451139.943
451603.175
450783.340
451367.212
451386.174
451327.940
451548.695
451642.146
450907.110
451347.113
451244.445
450943.890
451430.146
451043.018
451037.445
451348.891
451117.665
450861.959
451468.283
451906.148
451427.708
451199.034
451353.638
451462.975
451020.319
451095.016
450947.708
450687.782
450514.689
451030.586
450283.257
451690.355
451047.518
450807.699
450830.515
450699.876
451092.684
450910.580
451252.445
450779.003
450364.997
451010.491
450549.657
450436.414
450424.696
450632.222
450635.816
451265.112
450809.746
450445.225
450995.812
450740.210
450533.831
450808.606
451124.425
450465.128
450918.569
450920.497
451276.062
450384.237
451354.407
451123.182
451253.564
450873.675
451184.391
450923.996
450974.159
450652.820
450145.676
450507.388
451274.095
450788.987
451047.664
450292.991
451598.096
451454.070
450550.577
450036.037
450200.068
450533.338
451994.661
451614.720
451269.472
451552.422
451050.125
450219.088
449820.187
450582.103
450943.969
450866.670
449654.859
450481.157
451218.277
451939.147
451517.742
450462.149
451418.305
450962.315
451233.442
450757.032
450296.092
450742.500
450338.912
450555.396
451322.678
450999.253
450714.430
451182.611
450941.229
450079.200
450856.638
450680.889
451497.966
452228.681
451772.271
451210.019
450033.367
451453.696
450187.711
449455.228
449206.605
450632.298
450743.459
450649.855
451143.509
451806.766
452284.065
452174.886
451791.247
451690.819
451748.170
451277.438
450889.527
451961.793
451621.127
450789.311
450740.398
451270.151
451393.396
451121.333
451530.342
451302.659
451566.390
451720.159
451748.966
451142.904
451620.932
451513.835
451641.613
451974.414
451362.832
451484.930
450016.526
451474.566
450898.560
450944.713
451340.907
450870.175
450901.168
451205.581
450911.172
450949.772
450517.480
450647.289
451049.891
451728.670
451191.576
450102.174
450474.409
451173.242
450904.722
451237.627
451287.374
451746.909
451468.440
451353.427
451084.801
450965.257
450541.195
450480.200
449566.550
449059.302
449336.211
449394.761
451152.318
450772.377
451612.062
451776.978
451439.855
451358.439
451794.432
451387.977
451355.578
451117.529
451573.366
451068.151
450780.825
450808.069
450542.100
451102.690
450967.049
450960.956
450780.882
451221.822
450303.796
450115.284
450917.309
451687.975
450989.456
451329.184
451543.117
451160.155
450606.288
450960.289
450697.759
451502.388
451156.148
451430.194
451563.543
451777.841
451278.667
451096.459
451259.135
451156.624
450764.338
451285.860
451264.973
450792.260
451302.167
451279.091
451439.738
451056.775
450456.287
451284.669
451307.173
451031.307
451606.481
450948.174
451160.075
450568.130
451068.607
451368.333
452042.684
450899.268
451042.723
451412.924
451382.297
450884.634
451165.970
450329.829
450705.969
450789.989
450506.572
451416.890
451033.355
451001.686
450801.037
451180.355
451595.666
450766.244
450676.077
450809.324
451830.958
451849.087
451255.421
451215.001
451018.468
450958.774
450511.898
450933.199
450429.338
450150.763
450575.035
450986.491
450626.969
450756.778
451403.471
451694.184
451893.948
451360.708
451204.336
451327.112
451310.965
451122.246
451020.462
450907.377
450349.654
450312.776
450427.687
451659.554
451715.239
450658.394
450512.961
451183.563
451721.859
451136.267
451476.310
451261.961
451909.280
451895.009
451164.452
451734.678
452015.025
450720.964
450040.882
450488.855
451404.434
451396.569
451511.220
452188.749
451517.003
451343.389
451805.686
451234.367
451337.975
451653.846
451834.339
450423.439
451446.584
451223.381
451756.936
450902.147
451075.188
451072.794
451185.672
451613.278
451873.153
451183.175
451399.191
450792.921
451406.277
451041.286
451364.764
451142.289
450717.604
450845.901
451404.199
450324.172
450620.825
450943.781
450437.366
451182.300
451390.608
450080.764
450578.740
450613.173
450490.034
450411.588
450624.426
450508.163
450643.702
450696.312
450911.704
450368.045
450440.086
450454.099
450352.265
451167.311
450653.500
451409.530
450902.751
451487.614
451913.395
451101.423
450996.202
451178.465
450450.617
450278.254
450553.392
450058.646
450804.309
451108.826
450353.371
450743.522
451129.925
451494.083
451153.054
452269.283
451483.408
451073.828
450421.251
450543.245
450235.656
451686.457
451865.594
451695.366
451543.265
451383.039
451790.223
451888.413
451067.325
449599.962
450851.728
450646.184
450922.519
451717.616
451801.794
451548.639
451205.369
452455.104
451249.491
451658.656
451759.450
451889.727
451292.207
451773.308
451092.497
451634.126
451551.355
451853.268
451306.744
451762.217
450912.220
450679.380
450754.233
451246.376
450806.220
451134.594
450749.080
450870.031
450042.016
449731.928
449761.255
451074.903
451240.445
450866.651
450722.206
450732.470
451793.900
451667.688
451924.386
451600.754
452106.962
451515.902
451145.754
451148.359
452179.682
451092.416
450260.025
450788.996
449499.518
449710.741
450241.796
451068.042
450150.016
450239.611
450880.001
451208.167
451579.827
451514.872
451683.070
451086.906
450947.253
450558.092
451501.592
450878.914
450452.665
449955.158
450003.602
451732.249
451342.620
451657.502
451789.394
451374.240
450696.816
451757.465
451464.514
451718.347
450978.155
450950.392
451482.018
450923.619
451200.736
452213.568
451896.238
451858.578
450742.819
450308.236
450950.242
451247.414
451826.495
451857.905
452594.506
452317.493
451582.718
451633.870
451569.280
451473.019
450541.866
450562.547
450646.567
450896.078
451216.481
451157.100
450962.597
451055.475
451493.080
451515.324
451263.106
450742.002
450915.461
451433.597
451038.082
450585.058
450255.645
450025.149
450151.415
450787.951
451419.174
451110.960
451376.722
451157.947
451742.913
451776.043
451259.626
451773.961
451175.660
451370.319
450944.332
451066.951
450735.297
450754.050
449917.700
449936.035
450502.824
450935.480
451311.100
451993.371
451338.866
450844.327
450994.918
451487.427
450740.722
450347.916
450161.174
451054.565
451516.184
451523.269
450603.522
451305.900
451665.840
451523.531
451079.104
451444.096
451674.750
451539.317
451163.335
451120.622
451608.338
451626.935
451183.028
451280.853
451361.540
451255.643
451253.038
451324.611
450826.947
451780.918
450956.964
451511.146
451385.246
451054.947
451122.872
450939.048
451970.373
451977.821
451873.018
451779.205
451199.032
450932.177
451763.685
450960.828
451056.569
451229.611
450465.561
451565.852
451884.952
451758.897
451620.808
451869.693
451063.918
450031.243
450136.047
450454.003
450735.028
451939.809
451061.006
451374.169
451683.009
451398.965
451456.941
452067.849
451829.593
451749.114
451407.719
451462.519
451605.400
452003.367
452081.762
451662.077
451924.244
451563.576
451854.809
451007.625
451904.765
451399.444
452100.155
452554.064
451891.850
451692.503
451983.580
450787.655
450354.270
451075.973
450200.868
450941.426
451128.793
451006.384
450821.466
450870.640
451703.501
450735.989
451013.887
450675.514
450710.571
451270.639
451487.698
451630.892
451294.186
450677.184
450779.177
450913.308
450629.473
450548.994
450702.815
450748.395
451175.999
450814.342
451177.251
451160.948
451423.791
451287.006
451199.235
451572.979
451106.048
450683.550
450917.172
450567.860
450691.781
450554.422
451217.419
451025.000
451296.910
451114.335
450911.760
450874.673
450674.284
451086.262
451089.492
450598.027
451144.448
451758.064
450328.673
451305.199
451063.399
450462.389
451182.998
451180.550
452065.867
451480.848
451279.678
450184.181
451115.650
451121.224
451669.416
451271.347
452240.163
451351.306
451413.085
451100.079
451285.102
451738.595
450938.342
450531.575
450669.353
450722.276
450861.773
450527.358
451162.176
451129.203
450880.059
450883.289
450679.724
450589.452
451244.428
451852.263
450867.770
450922.985
451217.553
450696.917
451110.197
450248.583
450757.968
450568.310
450917.259
450516.847
450700.776
450546.851
450356.203
451201.620
450771.204
451793.880
450915.180
450780.581
450900.805
451215.426
450938.623
450725.941
451186.154
450903.672
450917.945
451221.681
451666.631
451799.461
451681.947
451146.518
451742.944
450729.646
450903.625
451357.692
450831.014
450898.366
450326.996
451215.750
451515.474
450744.235
450943.844
450928.633
450299.912
450490.717
450838.781
451654.870
451368.846
451466.775
451332.019
451036.985
451136.164
451004.638
451160.178
450844.984
451382.759
451119.029
451181.955
450372.221
450707.836
451103.144
450543.598
450719.505
450959.430
451318.797
451060.121
451028.034
452110.718
451341.563
451299.266
451447.203
451160.449
451203.788
450996.367
450430.206
451016.996
451752.867
451284.582
450727.848
451132.221
451612.591
451659.109
452011.652
450740.353
451509.822
451743.183
451369.232
451331.364
451595.824
451877.733
450973.249
451708.234
451060.657
451609.942
451068.575
450608.676
451001.485
450883.451
450316.976
451122.387
450667.279
451065.870
451286.887
451456.909
451347.052
451416.905
449570.483
450419.545
451083.845
451735.175
450571.701
451527.859
451849.722
451281.372
450654.473
451603.339
451389.928
451188.706
450939.614
451682.049
451359.510
451645.847
451141.776
451179.802
450629.840
450627.498
450960.715
451169.491
451920.155
451363.057
451627.413
451698.775
