199001.471
198730.084
198806.552
198659.868
198656.326
198583.609
198700.499
198842.286
198930.527
198917.817
198881.041
198740.816
198678.048
198729.148
198695.655
198826.400
198838.016
198836.088
198799.783
198825.254
198840.517
198624.814
198828.744
198713.731
198595.331
198670.132
198784.521
198826.870
198728.420
198780.563
198628.461
198836.924
198763.737
198670.758
198734.360
198692.948
198858.073
198783.740
198771.240
198697.845
198622.940
198819.371
198751.654
198691.490
198927.353
198763.583
198786.919
198936.937
198780.408
198694.200
198870.419
198869.430
198975.172
198872.451
198774.366
198923.968
198808.121
198903.080
198812.861
198804.944
198744.259
198720.767
198911.779
198834.374
199006.270
198767.231
198942.877
198861.357
198733.165
198882.193
198801.455
199032.680
198986.581
198785.464
198732.020
198692.796
198756.710
198833.542
198660.188
198793.694
198790.517
198694.568
198711.705
198787.912
198720.457
198753.638
198723.738
198868.964
198687.224
198767.389
198826.824
198964.653
198785.517
198763.484
198772.391
198778.589
198839.951
198779.371
198572.732
198604.298
198774.788
198904.595
198689.048
198874.592
198610.758
198700.820
198639.199
198774.476
198763.381
198910.482
198746.764
198687.643
198856.309
198923.817
198799.531
198754.213
198686.810
198779.633
198765.518
198826.671
198805.054
198920.042
198855.467
198731.270
198562.672
198929.654
198772.882
198704.549
198606.025
198700.890
198751.203
198777.766
198699.484
198738.930
198729.680
198668.586
198650.305
198755.254
198687.146
198805.814
198809.461
198656.491
198838.419
198793.853
198806.063
198761.271
198834.292
198981.481
198625.505
198863.759
198931.416
198736.883
199062.354
198804.503
198910.205
198657.808
198777.861
198828.278
198803.187
198664.722
198726.025
198724.514
198692.379
198814.267
198811.950
198787.367
198765.804
198897.524
198912.536
198799.750
198628.446
198683.499
198782.354
198798.616
198742.809
198818.852
198840.154
198718.590
198676.465
198724.099
198637.640
198815.714
198795.714
198627.336
198633.512
198736.326
198729.398
198833.513
198753.417
198828.970
198652.458
198708.709
198698.708
198815.747
198784.164
198698.018
198872.290
198847.186
198783.754
198736.807
198910.247
198825.089
198678.422
198799.574
198642.887
198803.774
198671.742
198665.283
198759.246
198722.301
198713.030
198841.417
198743.708
198654.752
198671.402
198785.882
198685.673
198873.435
198802.031
198723.472
198868.161
198869.776
198784.410
198955.091
198790.959
198804.084
198901.169
198786.064
198649.500
198593.860
198635.319
198712.091
198665.997
198971.416
198788.067
198795.568
198831.349
198822.443
198853.381
198763.105
198695.344
198687.428
198791.283
198744.616
198789.549
198879.343
198780.644
198794.238
198727.050
198847.190
198603.180
198904.173
198747.453
198821.985
198816.863
198893.482
198831.971
198761.449
198877.753
198835.858
198815.758
198682.632
198730.081
198839.144
198836.729
198821.683
198818.818
198753.816
198872.516
198805.724
198776.302
198802.970
198669.896
198677.969
198694.509
198664.047
198833.477
198689.361
198775.195
198831.891
198773.618
198749.190
198732.628
198913.203
198671.614
198654.227
198803.448
198765.687
198804.437
198850.976
198745.881
198686.973
198757.495
198838.433
198766.740
198860.243
198795.658
198824.252
198700.657
198780.840
198837.050
198922.937
198740.799
198641.527
198938.638
198805.681
198826.411
198748.232
198934.172
198891.487
198866.501
198726.863
198773.634
198814.104
198777.042
198741.067
198770.338
198759.140
198871.173
198721.297
198808.449
198872.616
198869.075
198802.355
198731.281
198648.848
198840.154
198871.977
198711.609
198744.026
198850.711
198596.280
198757.324
198896.753
198759.010
198676.163
198718.194
198689.391
198826.894
198861.027
198806.045
198951.515
198868.649
198851.149
198764.551
198707.955
198637.954
198789.831
198857.957
198683.909
198778.149
198757.471
198733.617
198641.272
198801.238
198827.561
198833.499
198785.165
198836.728
198866.013
198828.275
198658.220
198778.743
198834.577
198956.624
198758.571
198686.226
198767.373
198973.313
198852.595
198860.171
198786.993
198744.336
198845.484
198747.577
198835.260
198858.437
198571.662
198786.040
198870.635
198680.033
198670.762
198495.446
198728.680
198766.607
198806.530
198629.755
198725.330
198633.871
198700.287
198812.034
198772.919
198783.961
198821.306
198766.000
198842.123
198743.163
198746.861
198789.413
198782.859
198748.512
198681.375
198841.013
198955.546
198775.029
198811.778
198747.454
198820.476
198712.974
198843.190
198794.834
198816.970
198846.085
198856.137
198900.830
198760.859
198765.495
198859.246
198773.984
198888.626
198750.530
198770.113
198801.104
198919.231
198800.899
198865.359
198753.951
198806.504
198903.693
198748.641
198970.762
198855.186
198954.667
198815.602
198823.989
198703.865
198711.052
198804.700
198737.147
198836.056
198602.024
198903.696
198790.569
198763.797
198893.279
198901.596
198893.627
198861.126
198909.409
198934.460
198863.661
198810.536
198760.274
198899.288
198969.185
198774.058
198848.957
198743.851
198843.436
198973.752
198848.990
198777.949
198833.054
198683.156
198742.115
198773.605
198712.410
198750.848
198915.851
198862.204
198747.754
198669.320
198734.216
198737.237
198584.578
198884.406
198752.845
198844.097
198768.106
198823.368
198747.354
198809.861
198699.233
198675.483
198831.059
198698.116
198760.311
198711.091
198867.084
198727.966
198815.861
198797.377
198829.618
198661.281
198782.065
198766.935
198628.920
198704.910
198687.462
198877.518
198786.656
198874.115
198648.954
198841.042
198803.801
198794.556
198750.606
198766.388
198682.167
198890.348
198668.858
198823.454
198960.489
198897.362
198915.852
198615.973
198780.258
198785.623
198779.217
198822.030
198860.231
198788.418
198742.219
198775.345
198664.665
198724.168
198709.441
198696.940
198732.410
198762.150
198861.912
198850.206
198821.143
198795.257
198801.299
198794.339
198674.716
198786.490
198736.748
198714.145
198653.536
198769.128
198768.502
198694.438
198755.950
198805.136
198717.025
198674.680
198752.182
198831.037
198744.907
198940.449
198735.914
198718.257
198750.341
198733.325
198787.979
198825.272
198738.603
198903.920
198822.058
198833.952
198892.651
198871.505
198748.429
198770.319
198844.663
198835.497
198848.621
198804.819
198644.151
198749.903
198990.325
198892.354
198987.668
198745.228
198818.272
198897.388
198812.594
198993.224
198762.918
198818.983
198691.271
198802.211
198655.645
198805.556
198644.324
198710.628
198898.392
198781.306
198876.371
198572.689
198596.856
198570.553
198904.781
198653.326
198698.298
198732.518
198708.507
198747.206
198725.703
198847.606
198644.424
198800.521
198902.399
198879.698
198775.762
198900.766
198787.273
198856.129
198790.926
198920.695
198666.262
198822.776
198821.682
198700.279
198916.874
198784.944
198697.077
198755.724
198710.624
198841.124
198767.372
198940.345
198750.965
198742.167
198699.070
198636.100
198858.397
198960.222
198734.336
198680.248
198753.844
198817.856
198840.200
198840.204
198920.860
198751.428
198858.723
198859.036
198812.266
198807.869
198782.764
198879.277
198709.637
198991.313
198761.495
199055.721
198763.266
198840.923
198677.899
198670.274
198803.403
198672.201
198689.702
198738.402
198757.965
198614.420
198724.528
198836.614
198801.977
198931.909
198759.873
198781.436
198737.477
198862.741
198862.771
198786.677
198678.185
198822.563
198723.134
198796.499
198753.740
198863.275
198821.607
198793.950
198806.687
198692.573
198851.379
198796.899
198874.713
198717.915
198781.358
198889.485
198699.688
198747.971
198839.564
198762.691
198876.444
198749.618
198896.392
198751.103
198833.871
198862.466
198790.015
198781.318
198775.823
198886.665
198807.392
198742.599
198755.360
198703.508
198687.160
198751.954
198842.842
198881.489
198801.199
198855.010
198860.009
198820.217
198842.509
198843.679
198775.508
198715.089
198759.987
198708.631
198821.783
198730.070
198850.594
198803.197
198849.917
198817.907
198974.118
198849.532
198916.148
198907.242
198846.793
198751.696
198891.023
198770.499
198779.198
198582.962
198774.176
198768.447
198643.912
198878.555
198713.049
198679.153
198816.709
198693.269
198820.355
198837.875
198758.249
198770.437
198717.728
198791.063
198674.307
198717.915
198786.824
198788.021
199035.736
198897.209
198938.995
198746.645
198785.866
198821.543
198777.809
198792.980
198712.196
198751.000
198933.817
198912.791
198773.688
198691.134
198654.882
198748.427
198827.923
198728.978
198822.210
198875.389
198865.336
198933.894
198855.002
198803.803
198580.464
198867.816
198760.743
198784.199
198686.748
198736.905
198711.123
198724.158
198777.146
198963.193
198751.052
198785.115
198716.739
198836.710
198798.844
198676.496
198869.940
198809.064
198796.271
198761.426
198680.538
198731.425
198632.526
198837.136
198777.238
198916.670
198887.242
198908.920
198718.673
198845.396
198838.260
199080.820
198672.483
198714.069
198836.938
198772.091
198817.353
198845.227
198666.338
198793.738
198796.706
198778.841
198742.963
198759.496
198752.465
198801.737
198828.978
198900.289
198805.674
198799.684
198828.852
198804.684
198735.886
198802.111
198762.474
198673.253
198805.705
198746.333
198822.194
198930.478
198819.382
198777.974
198680.736
198807.120
198896.081
198771.285
198694.772
198715.298
198739.544
198833.452
198748.346
198732.721
198724.286
198614.153
198774.158
198796.451
198914.319
198833.694
198760.386
198786.220
198848.566
198724.603
198728.147
198785.521
198869.743
198985.528
198767.239
198836.305
198678.100
198754.040
198838.573
198591.638
198791.333
198803.498
198682.348
198825.895
198867.251
198832.041
198845.978
198738.578
198872.541
198983.221
198766.964
198741.056
198576.103
198628.970
198610.114
198794.339
198688.895
198756.608
198702.126
198662.282
198821.609
198804.762
198765.492
198747.106
198810.389
198967.165
198678.380
198843.701
198847.399
198799.429
198810.991
198675.909
198627.682
198803.312
198839.095
198760.446
198741.878
198763.914
198865.896
198735.319
198728.183
198789.929
198781.913
198861.603
198865.613
198797.174
198871.731
198802.047
198722.461
198789.338
198860.695
198830.248
198720.876
198789.940
198670.354
198915.049
198722.044
198639.548
198876.796
198741.114
198780.178
198406.333
198738.852
198873.231
198780.312
198817.552
198731.372
198772.007
198845.343
198806.279
198815.238
199332.619
198883.030
198823.340
198855.893
198853.863
198834.506
198890.247
198914.049
198788.837
198821.338
198780.730
198744.333
198683.602
198816.055
198790.116
198914.930
198902.388
198768.478
198801.551
198717.747
198796.205
198776.216
198725.276
198628.606
198725.588
198941.029
198783.328
198893.332
198886.717
198863.487
198938.401
198699.343
198723.407
198939.248
198936.643
198875.406
198821.981
198971.569
198859.534
198786.406
198750.742
198989.672
198973.265
198810.342
199067.174
198921.141
198910.322
198810.058
199020.900
198765.942
198699.755
198834.880
198614.612
198743.626
198888.058
198796.245
198730.269
198768.708
198838.138
198761.572
198743.718
198925.461
198833.947
