197.559
193.341
194.486
196.361
224.643
191.882
193.288
195.685
223.550
194.851
191.570
202.455
195.320
227.977
194.851
193.601
191.205
196.466
220.789
190.840
200.945
199.955
219.852
190.215
193.289
198.861
192.507
222.820
190.945
202.143
195.215
193.288
223.029
194.018
201.049
194.121
196.205
191.674
196.726
190.580
194.955
220.998
197.560
195.215
189.903
192.351
223.081
193.548
190.371
200.112
198.653
221.988
198.080
198.393
195.215
221.102
201.674
201.830
190.371
192.663
233.186
191.205
195.685
201.049
195.476
226.779
188.444
194.226
194.591
223.914
191.048
196.674
193.080
191.204
228.654
191.517
194.851
195.633
198.965
226.779
201.309
200.008
197.924
223.029
191.726
196.258
194.382
198.028
230.582
192.872
197.663
195.319
195.789
224.539
194.069
200.841
198.549
233.290
197.299
192.559
198.445
195.059
222.143
193.237
199.070
198.601
228.342
195.424
200.789
193.028
201.987
224.070
189.173
196.310
195.945
195.736
226.831
194.903
197.767
200.736
226.780
193.496
195.371
192.663
199.538
229.852
190.840
194.746
189.695
201.674
228.915
196.049
193.757
188.496
230.008
195.423
193.652
197.923
197.819
232.613
200.841
191.152
200.215
194.173
189.695
190.632
194.955
194.122
222.925
193.913
194.173
193.705
194.642
224.227
202.403
197.351
190.684
188.028
224.435
194.330
196.726
195.111
225.424
197.143
193.132
194.539
202.039
227.143
195.892
195.997
201.518
194.590
228.445
195.111
198.184
199.279
224.956
193.080
201.466
190.997
194.903
224.800
194.539
195.163
189.902
198.496
250.582
193.340
197.560
194.590
224.384
190.319
193.601
196.830
196.100
224.904
194.903
198.757
195.215
222.404
192.351
195.892
193.549
199.903
232.612
193.340
195.216
197.924
189.798
222.561
194.174
195.736
200.841
223.967
201.101
197.299
197.351
200.008
227.404
189.903
195.112
194.590
192.716
222.039
194.694
197.456
190.319
219.123
197.611
191.725
199.330
192.819
224.747
195.997
191.986
194.330
198.393
228.290
194.538
200.268
196.726
222.300
198.965
193.757
195.736
192.820
223.914
193.496
197.612
192.455
195.320
234.331
194.434
193.549
193.965
223.290
195.945
193.184
192.872
190.788
230.790
194.226
190.997
192.768
191.621
227.039
196.570
193.653
193.966
193.080
229.800
189.226
192.872
194.069
226.831
198.393
197.194
195.476
194.435
221.779
194.590
191.674
193.080
193.653
227.873
195.736
194.642
190.320
221.310
192.038
190.163
193.237
199.330
224.852
194.226
199.694
194.746
195.112
225.320
193.288
192.820
194.799
217.091
188.028
192.664
196.100
193.184
221.935
198.496
194.642
198.705
193.757
231.154
199.018
200.060
199.434
229.488
195.372
191.934
198.393
194.851
228.810
195.371
189.070
194.278
193.861
228.394
194.121
192.923
194.747
228.030
193.601
193.913
189.955
194.851
231.623
194.486
190.215
199.382
192.664
232.560
197.194
194.591
202.976
218.966
194.539
200.112
195.580
189.277
226.779
201.778
193.705
191.414
196.830
232.821
193.809
192.923
200.581
227.248
196.622
199.486
197.038
197.038
225.633
192.507
193.080
192.611
201.049
228.081
195.476
194.486
195.163
227.925
193.340
196.726
192.715
202.299
231.467
192.663
191.152
195.736
196.101
190.476
192.819
199.851
194.121
227.925
193.393
194.122
192.142
189.070
225.737
193.757
198.028
194.226
227.039
198.497
196.674
197.768
196.101
225.060
201.883
199.122
198.184
200.424
234.227
194.382
198.913
191.361
220.477
198.757
197.611
194.642
201.518
223.133
190.632
198.185
200.841
191.257
224.540
199.122
193.913
189.122
225.060
197.767
193.445
195.111
191.361
234.540
195.475
201.361
193.809
196.622
227.144
200.476
192.403
192.143
227.300
198.601
189.538
197.247
193.393
228.967
198.288
195.319
194.903
194.591
222.821
193.445
200.267
195.371
224.695
196.517
195.737
198.653
198.913
225.685
197.976
191.361
193.809
192.611
225.582
191.309
193.861
192.767
225.217
193.132
197.975
191.205
191.257
226.050
193.549
192.559
198.549
192.819
223.498
189.330
193.966
198.184
193.809
192.820
193.861
194.330
192.612
227.248
199.642
200.267
193.237
192.351
228.446
194.174
198.497
192.038
226.623
193.861
186.673
197.403
189.486
226.466
193.392
194.695
191.309
194.017
229.852
193.444
195.008
196.778
228.758
199.695
194.174
197.872
188.132
226.935
194.278
198.862
190.840
193.653
226.206
198.184
193.132
193.862
197.611
188.861
196.987
192.142
197.768
232.717
194.747
200.112
189.851
199.590
227.196
194.799
194.798
198.288
193.080
189.330
194.591
194.903
193.132
224.435
199.747
190.007
200.633
195.111
225.424
197.559
192.299
191.622
191.048
222.195
197.976
196.257
194.434
229.904
192.767
194.643
197.768
190.476
223.654
196.778
194.955
192.976
201.987
231.727
191.309
192.976
198.185
226.571
194.434
193.913
193.809
193.080
226.987
190.163
193.080
192.350
191.673
225.321
192.976
192.038
190.267
224.748
196.621
199.486
199.903
195.059
235.269
192.664
200.736
194.121
194.851
198.705
194.173
201.570
193.862
219.070
199.018
200.268
200.424
192.976
227.456
191.309
193.809
193.549
236.154
195.580
193.549
197.820
195.267
226.623
193.705
192.142
193.705
198.862
232.248
195.528
194.591
190.111
227.664
200.684
195.580
194.121
189.955
228.810
190.216
193.600
193.600
194.590
222.925
190.476
195.528
202.455
193.236
196.726
189.590
194.174
194.174
235.530
192.976
188.548
197.664
195.268
234.175
194.382
194.903
193.601
233.238
191.882
188.132
198.080
198.757
234.644
192.455
194.434
193.393
198.601
223.550
197.976
201.674
191.414
227.820
190.528
192.142
195.371
195.319
229.800
198.705
194.851
196.726
191.830
227.665
192.142
199.851
194.642
230.425
196.987
195.059
196.518
193.132
228.759
198.184
198.914
201.049
201.362
227.456
193.237
194.538
189.903
227.092
192.090
194.746
190.788
190.632
228.186
192.611
196.048
194.955
191.413
234.800
195.840
197.871
196.935
232.665
199.330
190.528
200.685
194.121
230.633
191.257
198.392
192.403
201.727
197.299
196.361
192.246
194.955
225.425
194.121
199.903
194.851
202.351
232.195
201.570
194.278
192.924
224.748
192.455
193.757
198.497
195.580
231.519
195.372
191.934
195.737
190.111
229.227
198.913
201.882
196.986
222.456
199.382
196.257
190.163
196.934
229.332
197.507
194.539
195.112
192.872
229.644
194.486
192.975
194.850
217.976
196.413
200.528
193.392
197.663
227.456
188.132
199.382
193.496
196.101
226.935
193.236
194.434
194.330
227.040
197.403
190.580
192.715
192.559
234.019
190.527
199.122
193.028
195.632
227.508
201.049
197.611
200.840
230.113
196.726
193.028
201.465
193.653
225.477
198.444
202.403
194.486
193.965
200.528
200.476
196.361
195.736
229.071
194.330
195.892
194.382
196.883
226.935
191.726
196.622
192.455
233.290
195.372
200.007
194.538
194.643
221.831
191.882
189.903
193.705
195.424
226.415
191.830
200.059
196.100
235.112
193.340
201.622
195.216
197.768
227.925
190.424
194.747
193.809
190.267
232.195
191.257
201.153
194.434
226.310
193.965
200.215
194.018
201.257
229.436
189.643
201.517
190.893
191.569
228.081
194.903
193.705
191.674
224.591
190.580
195.268
200.111
196.414
226.519
192.455
194.486
195.580
196.465
222.977
190.736
189.225
192.663
195.632
229.175
196.882
197.090
191.466
219.903
195.371
197.090
195.111
191.882
230.165
193.236
189.277
194.695
189.070
200.060
198.966
196.048
193.444
234.280
193.184
197.612
198.809
193.914
221.258
192.247
194.539
197.924
223.445
199.590
196.517
192.612
192.767
222.352
197.038
194.955
190.631
191.986
231.831
192.559
200.372
201.362
226.466
201.778
198.966
200.580
194.017
224.904
194.330
200.059
195.685
193.705
230.216
197.767
195.945
201.570
223.446
196.934
190.528
195.580
195.372
233.290
198.185
193.340
192.039
193.444
229.280
188.600
191.621
195.424
220.008
203.236
196.883
193.913
194.955
227.248
197.923
194.435
194.226
193.392
220.842
197.560
196.517
200.633
223.967
198.914
188.392
197.715
191.205
228.759
197.403
187.559
202.143
197.403
233.394
200.996
194.903
199.747
219.904
193.913
197.247
195.841
194.017
233.602
194.799
189.434
192.403
191.205
227.040
192.872
190.111
192.924
217.612
200.580
195.580
199.382
193.861
224.332
195.632
192.767
193.184
192.090
228.759
201.882
190.527
193.861
220.060
201.674
197.299
189.695
193.548
226.154
202.039
194.694
190.684
192.507
233.133
199.694
200.632
