89935.626
89955.159
89952.762
89976.461
89961.148
89986.565
89946.200
89947.818
89959.807
89940.274
89949.077
89935.014
89944.963
89955.015
89973.609
89944.181
89977.359
89936.733
89974.865
89967.945
89994.508
89971.383
89972.112
89953.725
89962.320
90007.581
89969.872
89992.477
89988.102
89950.870
89928.946
89928.425
89939.311
89954.884
89997.750
89928.216
89996.031
89970.250
89977.853
89955.041
89970.418
89950.939
89933.802
89955.834
89938.959
89926.094
89938.542
89966.929
89975.523
89978.647
89990.629
89952.826
89975.640
89934.805
89938.919
89978.452
89977.358
89960.847
89949.597
89986.734
89958.087
89919.705
89982.788
89983.986
89980.496
89943.255
89969.610
89964.506
89920.130
89930.234
89971.642
89957.006
89981.963
89948.581
89968.634
89971.498
89971.446
89977.384
89960.665
89986.134
89959.310
89971.082
89932.383
89982.187
89948.177
89960.521
89941.666
89885.726
89994.377
89914.165
89956.458
89992.293
89922.238
89994.377
89987.514
89964.649
89960.741
89949.023
89965.638
89973.764
89950.012
89955.950
89986.732
89952.512
89960.069
89976.485
89955.234
89973.099
89946.535
89988.881
89965.390
89978.099
89954.192
89988.776
89972.265
89993.991
89940.454
89938.683
89979.674
89968.789
89971.861
89982.695
89929.776
89966.862
89993.268
89951.184
89967.964
89943.591
89966.509
89929.216
89947.966
89964.999
89949.321
89984.791
89967.551
89988.437
89954.790
89971.053
89948.396
89968.448
89985.898
89934.541
89949.386
89943.500
89958.969
89959.125
89953.865
89942.721
89941.793
89983.983
89959.086
89982.264
89968.670
90007.004
89958.669
89974.086
89972.889
89969.035
89977.634
89959.255
89967.120
89973.839
89980.818
89978.214
89953.630
89963.995
89973.839
89960.348
89928.785
89988.326
89956.247
89939.162
89955.153
89956.871
89954.684
89967.549
89939.683
89924.683
89954.788
89940.933
89946.882
89952.978
89965.010
89955.946
89959.957
89966.520
89959.436
89937.665
90009.074
89970.947
89940.478
89983.199
89963.459
89965.855
89951.739
89941.740
89985.283
89982.783
89953.927
90012.627
89977.053
89967.890
89947.950
89948.836
89947.221
89949.721
90002.536
89982.274
89962.899
89970.190
89996.650
89957.065
89944.050
89953.483
89978.276
89927.858
89926.087
89974.109
89971.662
89945.306
89978.537
90017.132
89928.170
89965.733
89980.841
89964.017
89929.901
89981.726
89990.060
89962.090
89967.559
89932.818
89995.112
89954.590
89952.570
89956.321
89971.530
89979.290
89971.894
89988.718
89997.260
89974.915
90000.333
89988.770
89991.011
89967.479
89959.614
89934.249
89975.344
89990.813
89997.012
89937.686
89946.020
89979.459
89947.843
89964.828
89949.053
89942.074
89924.937
89959.419
89958.897
89963.273
89957.387
89971.867
89998.066
89937.699
89970.468
89922.450
89989.796
89979.067
89946.826
89921.721
89965.837
89957.556
89980.473
89984.952
89967.973
89957.202
89967.569
89915.015
89962.621
89937.723
89975.538
89976.110
89988.559
90014.861
89936.890
89977.986
89968.154
89953.257
89958.831
89984.716
89968.310
89982.060
89967.841
89986.384
90006.488
89976.071
89952.688
89921.913
89942.332
89934.518
89986.813
89934.883
89926.029
89939.206
89959.259
89983.271
89959.103
89947.806
89969.688
89942.239
89954.948
89958.021
89945.260
89969.480
89961.198
89938.437
89981.981
89958.646
89943.551
89955.585
89956.314
89999.806
89999.598
89974.284
90012.879
90006.837
89999.910
90025.744
89996.212
89972.577
90008.203
89957.004
89971.588
89993.411
89940.857
89979.609
89962.369
89974.765
89944.920
89957.944
89973.631
89983.580
89964.307
89986.756
89991.757
89967.693
89952.797
89982.538
90028.529
89963.006
89964.105
90017.603
89987.915
89958.277
89957.653
89996.040
89959.580
89952.288
89964.945
90015.259
89976.196
89995.787
89975.634
89938.654
89950.685
89990.478
89983.343
89977.509
89996.521
89967.405
90039.752
89975.218
90004.343
90010.440
89980.647
89982.574
89978.407
90006.481
89970.177
89965.699
90042.212
89995.075
89961.532
89989.669
89991.389
90004.566
89987.222
89978.315
89964.720
89956.491
89990.191
90028.525
89961.648
89972.953
89972.545
89986.452
90001.244
90009.058
90014.058
89970.150
89995.671
89951.346
89985.098
89993.276
89973.229
89976.204
89971.047
90013.757
89960.734
90008.496
90003.653
89971.308
89990.110
90020.893
89953.182
90015.641
90015.071
89974.913
89980.330
89992.830
90014.706
90027.676
89996.372
89994.497
90014.237
89985.956
89969.821
89964.560
89975.133
89952.320
89971.852
89983.259
89978.936
89981.123
90008.989
89974.665
89986.230
89999.261
89979.624
89967.437
90004.834
89995.979
89966.916
89989.364
89988.740
89995.302
89971.447
90020.621
89965.677
89997.033
89979.584
89973.126
89974.636
90002.449
89958.803
89985.314
89992.762
89969.168
89967.143
90007.254
89957.044
89999.598
89953.918
89995.847
89992.513
89987.044
89985.950
90028.817
89992.409
89998.618
89967.264
89956.273
89981.275
90003.723
90001.744
89965.077
89963.982
89994.765
90014.870
89966.014
89992.120
89999.361
89962.328
89954.463
89980.297
89932.587
89990.193
90002.850
90021.393
90005.507
90002.801
89972.653
89976.506
90000.049
89971.246
89998.018
90027.186
90006.352
90025.831
90012.966
90025.467
90035.057
89978.029
90032.979
89937.298
90013.030
89968.288
90004.488
90004.019
89947.298
89973.185
89979.435
90009.341
89962.415
89953.300
89980.228
90021.480
90002.521
89967.624
89986.999
89996.114
90009.657
90007.781
89984.094
89975.552
89926.123
89987.376
89967.740
89969.198
89996.230
89978.989
89996.334
89959.354
89992.430
90008.847
89985.668
89956.501
89998.169
89981.814
89984.211
89992.440
90003.482
90009.837
89992.700
89990.100
89989.586
89982.190
89989.638
89983.909
89996.775
90003.233
89949.429
89979.377
90018.181
89971.721
89987.823
89968.191
90006.161
89960.430
89968.868
90001.786
89970.952
89977.202
89991.733
90017.621
89990.796
89995.598
89966.952
89994.558
89981.745
90012.892
89973.255
89987.943
89988.725
90017.996
90021.173
89946.848
90003.268
90004.518
89972.694
89982.485
89981.600
90003.164
89987.642
89977.225
90016.237
90021.758
90017.386
90002.446
89972.601
90017.811
89997.706
89987.393
89983.487
89983.122
89995.935
90010.624
89962.132
89994.274
89979.540
90019.854
90002.353
89981.259
89968.758
89996.937
89973.238
89960.372
89991.155
89995.478
90004.809
89990.020
89956.113
89987.000
90024.032
89969.915
90010.438
89984.396
90013.824
90004.552
89986.375
90007.012
89994.407
89979.251
89984.407
89993.782
89998.939
89999.407
89987.532
90021.492
89952.635
89998.002
90000.982
89999.679
90000.877
89973.064
89983.845
89981.032
89978.741
89982.074
89977.751
90009.992
90015.257
89960.262
89997.086
90233.191
89978.596
89956.199
90005.316
89967.398
89975.784
90015.213
89985.732
90003.656
89983.972
89957.096
90017.516
90012.151
89996.473
89995.275
90008.192
90004.963
90014.598
89960.378
89951.324
90018.361
89998.672
89982.057
89950.388
89993.464
89970.598
89980.859
90013.413
89976.535
89991.693
89996.548
89987.381
90000.766
89995.559
89989.673
89991.808
90020.664
89965.349
90006.236
89987.641
89979.467
89983.485
89998.330
89982.392
89948.120
89951.141
90005.518
90053.905
90001.455
90009.008
89965.724
89980.314
89970.840
89952.038
89990.216
90001.675
89973.809
89988.653
89963.027
89981.726
90000.061
89995.112
89991.683
89970.852
89990.853
89982.102
90009.551
89961.111
89945.069
89961.633
89998.562
90019.031
89983.300
90011.541
89945.549
89978.780
89990.969
90015.084
90014.824
90010.084
89949.300
89994.510
89978.832
89953.469
89980.302
89954.832
89984.052
89999.834
89974.312
89986.084
89987.854
89991.657
90049.784
90011.918
89990.411
89990.938
90040.680
90005.991
90022.398
89989.637
89980.730
89977.500
90017.346
90002.918
90024.066
89994.019
89960.636
90029.702
89986.471
89990.898
89937.354
89996.627
89952.510
89978.136
90014.024
90023.764
89999.918
89968.825
90007.107
89969.814
89968.147
89965.856
89995.597
89958.408
89980.180
89969.085
89975.284
89984.201
89988.993
89994.983
89961.023
89969.096
90024.672
89957.065
89983.993
90022.953
89973.211
89992.538
89986.608
89954.211
90017.651
89995.411
90009.994
89970.566
89992.963
89998.276
90033.694
89955.929
89975.519
89973.077
89939.482
90010.214
89953.701
89983.754
89992.453
89953.441
89958.337
90014.329
89958.076
89939.594
89987.985
89967.775
89963.713
89964.911
90003.507
90001.788
89964.703
90012.777
89998.715
89994.548
89970.912
89998.465
89984.610
89955.651
89984.506
89979.870
90018.727
89984.037
90004.455
89950.650
89970.965
89964.881
89967.746
89974.361
89972.589
89958.370
89990.090
90010.560
89993.736
90014.519
89975.819
89963.583
89983.434
89977.444
89918.744
89992.602
89994.633
89974.580
89997.967
89982.236
90016.040
89979.997
89968.389
89998.967
89988.654
89993.393
90006.571
89983.967
89963.757
89987.664
90002.404
90008.082
89973.393
89982.933
90000.384
89998.717
89977.207
90007.572
90000.645
89989.811
89977.414
90023.615
90006.895
90006.947
89984.249
89999.406
89980.290
89993.000
90032.897
90005.343
89975.863
89995.968
90023.834
89974.561
89990.502
89992.125
89978.270
90012.802
89986.343
90003.323
89997.125
89989.156
89987.073
90035.512
89974.676
89980.358
90019.168
89992.813
89991.719
89974.010
90002.292
89999.063
89989.010
89976.145
90053.597
89991.667
89980.372
89991.521
89996.678
90000.376
89978.292
89999.647
89975.583
89990.844
90009.700
90039.909
90007.773
90002.001
90017.210
89994.240
89991.272
89984.553
90007.887
90009.242
90003.408
89982.834
89995.074
89992.784
90023.628
90008.679
89962.948
90023.055
90000.554
89965.084
90003.158
89966.125
90004.044
90015.242
90022.955
89990.148
89998.690
90000.201
89965.876
89988.481
89981.501
89986.919
90024.421
89999.575
89949.886
89983.852
90023.598
89997.399
89983.752
89978.544
89982.034
89973.283
89994.481
89990.784
90031.411
89979.585
89975.375
89975.221
89980.482
89994.076
89989.493
90010.379
89979.857
89987.045
90024.651
89938.917
89988.555
89971.378
89976.481
89987.368
89996.534
90010.963
90029.088
89966.013
90004.400
90004.660
90000.806
90020.654
90016.026
89987.900
89980.607
89943.887
89978.368
90001.234
89967.585
89990.504
89992.952
90001.806
89991.708
89992.129
89982.076
89991.088
90008.223
89980.409
89981.139
89970.305
89984.160
90028.068
89967.596
89977.240
