274766.974
272993.615
273025.545
272986.896
273012.426
273022.643
273022.070
273029.779
273001.405
272998.073
273061.412
272986.045
273030.174
272997.411
272997.776
273009.714
273011.646
272990.967
272998.209
273033.278
273013.900
273006.296
273035.525
273033.136
273056.836
272999.905
273030.336
273026.224
273021.327
273022.165
273034.937
273013.738
273035.614
273030.103
273040.422
272999.221
273010.003
272999.027
272991.475
273014.966
273073.207
273022.273
272998.833
273030.659
273012.857
273019.371
273003.796
273043.595
273055.795
273031.209
273023.448
273016.843
273041.017
273039.610
273011.223
273004.101
273029.364
273009.363
272991.190
273014.586
273032.348
273020.055
273011.629
273034.133
273018.819
272979.184
273021.960
273050.087
273001.020
273039.731
273021.714
273027.079
273025.829
273060.274
273033.605
272986.986
272984.544
273027.629
273029.244
273140.086
273170.829
273123.276
273146.664
273158.752
273150.794
273204.704
273132.459
273170.647
273127.368
273126.483
273162.840
273148.687
273119.570
273138.582
273119.836
273173.808
273177.610
273149.430
273131.889
273104.442
273143.871
273154.188
273138.678
273170.399
273118.311
273198.535
273140.984
273195.728
273258.077
273166.104
273135.737
273177.720
273208.457
273155.649
273159.711
273161.744
273148.212
273178.009
273152.955
273225.099
273183.284
273190.056
273154.584
273177.719
273215.853
273179.548
273200.383
273194.251
273175.812
273173.781
273178.109
273217.549
273171.243
273174.732
273187.401
273192.196
273231.053
273169.748
273167.365
273160.176
273169.187
273218.783
273171.649
273213.112
273189.255
273197.967
273189.373
273147.859
273193.545
273172.979
273175.532
273158.812
273150.436
273191.173
273197.632
273218.781
273158.319
273195.718
273184.676
273182.131
273235.162
273177.658
273169.063
273164.024
273180.589
273209.393
273162.258
273197.478
273173.310
273176.384
273164.518
273177.440
273218.067
273154.575
273176.307
273205.216
273166.359
273243.768
273191.635
273177.675
273150.538
273193.679
273211.963
273184.460
273152.952
273195.464
273180.880
273206.872
273175.213
273206.157
273158.340
273172.041
273222.109
273152.936
273192.315
273178.518
273180.922
273178.994
273149.877
273222.084
273183.227
273172.185
273198.493
273150.738
273163.968
273175.375
273180.437
273182.056
273187.630
273167.473
273176.288
273166.808
273173.058
273225.414
273178.177
273179.375
273386.372
273172.356
273152.303
273177.982
273179.653
273152.108
273194.351
273196.018
273153.836
273153.111
273174.207
273159.884
273139.477
273154.166
273200.993
273184.645
273186.474
273176.526
273192.152
273200.967
273192.477
273150.859
273172.428
273173.531
273153.581
273176.292
273188.125
273168.804
273169.274
273158.597
273171.631
273200.591
273168.870
273178.826
273189.615
273186.489
273188.572
273146.966
273204.525
273178.116
273154.420
273149.950
273200.632
273190.005
273195.692
273210.280
273190.280
273148.766
273184.823
273161.592
273183.938
273194.570
273182.024
273190.879
273141.239
273140.522
273177.297
273206.622
273153.653
273182.935
273120.691
273177.988
273191.799
273173.052
273205.399
273191.700
273178.274
273207.651
273178.117
273188.750
273189.486
273164.067
273186.934
273158.192
273159.392
273180.019
273215.754
273148.883
273153.363
273185.137
273176.551
273191.452
273190.462
273168.430
273168.442
273178.444
273183.912
273183.970
273212.209
273168.090
273182.362
273168.258
273168.468
273200.034
273182.952
273177.076
273147.698
273152.282
273158.071
273177.765
273168.858
273178.964
273169.705
273149.703
273185.331
273152.886
273172.999
273168.259
273170.134
273050.135
273028.468
273038.104
273056.546
273010.094
273028.585
273041.034
273034.948
273063.653
273085.791
273021.931
273024.340
273046.528
273035.851
272998.509
273034.614
273075.034
273025.289
273051.968
273040.877
273023.948
273020.409
273019.585
273035.315
273030.784
273044.126
273032.984
273045.955
273037.203
273050.186
273032.477
273021.954
273012.219
273052.751
272998.319
272982.797
273025.987
273058.962
273025.261
273035.212
273036.733
273042.202
273021.575
273059.503
273065.081
273050.079
273057.424
273033.840
273067.229
273014.360
273019.417
273024.894
273016.300
273007.288
273058.240
273089.079
273031.886
273030.586
273030.596
272997.781
273004.084
273023.571
273002.013
273013.108
273014.514
273029.579
273005.984
273011.193
272994.528
273041.312
273025.008
273031.624
273024.809
273024.395
273040.594
273037.731
273050.452
273036.232
273011.177
273034.050
273045.724
273041.713
273058.381
273005.263
273035.631
273020.838
273030.842
273015.693
273044.758
273041.060
273010.806
273048.104
273062.793
273010.550
273019.468
273000.612
272999.519
273050.884
273005.000
273043.596
273019.793
273010.792
273029.337
273035.587
273041.842
273005.180
273012.421
273053.570
273046.546
273034.102
273019.569
273007.589
273031.925
273010.309
273019.997
273018.597
273042.147
272980.683
273028.812
273025.333
273026.480
273048.201
273024.765
273052.328
273047.692
273023.575
273020.823
273060.205
273019.993
272993.012
273017.609
273039.955
273019.327
273007.769
273032.831
273062.885
273061.844
273057.270
273027.009
273081.597
273043.315
273023.166
273028.374
273062.857
273039.216
273050.315
273039.742
273022.866
273026.887
273044.285
273010.532
273024.393
273029.035
273031.692
273019.086
273043.786
273010.244
273039.673
273042.957
273025.829
273044.841
273027.392
273020.888
273028.133
273033.550
273042.405
273034.343
273039.291
273032.572
273027.108
273050.658
273045.189
273006.643
273023.790
273049.524
273072.755
273056.870
273023.960
273036.670
273015.678
272997.351
273052.463
273024.857
273042.880
273061.748
273042.527
273034.453
273034.093
273034.725
273030.193
273024.724
273120.940
273018.277
273043.852
273034.791
273017.611
273023.966
273027.821
273052.204
273037.728
273040.333
273025.696
273053.887
273057.273
273011.539
272995.136
273039.731
273060.149
273058.691
273056.877
273028.647
273062.296
273010.210
272997.615
273028.554
273031.576
273039.969
273058.412
273041.432
273038.723
273018.264
273049.881
273003.523
273061.293
273032.183
273045.934
273041.193
273030.942
273037.142
273041.622
273043.655
273064.447
273078.355
273033.299
273037.211
273015.392
273027.998
273029.248
273016.445
273067.648
272988.891
273034.055
273019.373
273030.364
273031.771
273043.394
273004.227
273025.166
273067.046
273036.376
273063.149
273044.971
273022.058
273059.098
273029.876
273021.334
273049.316
273045.201
273018.532
273067.446
273054.068
273026.774
273022.190
273038.449
273042.932
273031.160
273018.191
273036.953
273052.006
273026.431
273029.978
273039.516
273041.703
273019.202
273017.857
273057.914
273014.421
273060.730
273003.442
273033.183
273082.562
273040.535
273033.299
273072.781
273009.652
273036.799
273025.601
273039.351
273046.389
273074.470
273059.208
273012.277
273038.331
273028.175
273027.133
273047.762
273028.654
273008.340
273056.209
273053.455
273025.332
273026.009
273022.675
273038.937
273010.653
273081.337
273052.537
273024.051
273067.023
273042.334
273031.873
273029.948
273037.970
273033.284
273084.912
273019.698
273045.116
273056.061
272997.727
273006.217
273022.208
273071.025
273035.293
273008.781
273015.348
273033.741
273048.847
273036.866
273034.948
273051.722
273033.856
273041.359
273037.409
273027.095
273048.295
273049.083
273039.399
273016.793
273032.471
273027.065
273048.108
273006.021
273018.214
273031.555
273039.003
273019.887
273038.230
273031.669
273038.805
273026.619
273029.180
273028.555
273019.491
273078.253
273040.649
273054.557
273027.836
273045.139
273025.138
273035.087
273006.651
273034.681
273064.318
273016.711
273029.428
273069.069
273036.671
273079.540
273034.597
273017.200
273051.786
273029.759
273043.984
273046.484
273060.912
273013.210
273057.589
273029.149
273033.319
273046.608
273038.744
273023.690
273061.410
273016.148
273001.719
273037.089
273034.597
273012.721
273057.828
273026.165
273037.160
273037.837
273048.099
273033.993
273032.326
273031.232
273030.819
273046.764
272997.281
273059.891
273024.114
273038.806
273019.273
273031.983
273040.952
273037.097
273022.773
273045.228
273022.575
273023.460
273163.421
273144.158
273148.429
273194.892
273199.532
273180.057
273160.681
273159.379
273209.807
273190.850
273186.110
273181.319
273191.485
273168.201
273161.639
273203.418
273173.837
273186.495
273191.026
273172.961
273165.722
273194.005
273153.640
273198.235
273220.580
273167.242
273175.011
273183.556
273194.182
273202.465
273189.191
273158.877
273170.857
273170.028
273153.053
273185.712
273190.765
273193.117
273175.357
273173.116
273186.922
273191.097
273178.387
273182.919
273175.894
273178.398
273159.072
273179.701
273221.432
273201.482
273170.334
273158.775
273180.917
273219.254
273173.209
273173.895
273174.000
273176.239
273227.497
273185.677
273167.186
273178.385
273178.444
273173.968
273144.850
273237.046
273184.968
273217.939
273194.761
273179.191
273238.472
273154.767
273178.414
273177.069
273186.967
273176.133
273158.842
273166.871
273201.978
273159.109
273158.179
273180.684
273203.863
273143.077
273174.756
273163.140
273173.974
273213.149
273171.849
273154.399
273153.930
273157.585
273182.641
273162.847
273178.684
273180.098
273216.247
273155.200
273165.468
273174.013
273170.315
273188.963
273167.720
273193.348
273174.543
273186.685
273182.627
273157.885
273188.982
273158.570
273199.774
273162.896
273184.931
273147.540
273199.888
273176.864
273188.643
273135.100
273162.655
273164.477
273218.659
273173.602
273197.615
273189.597
273183.300
273156.110
273187.624
273198.205
273166.173
273313.738
273034.600
273047.161
273045.025
273026.899
272992.944
273078.007
273059.567
273012.897
273044.732
273183.286
273034.939
273028.744
273069.327
273019.583
273030.990
273040.009
273078.296
273029.749
273015.479
273014.810
273000.641
273036.218
273049.141
273031.695
273020.184
273075.866
272977.272
273046.863
273036.133
273033.584
273028.850
273037.288
273038.434
273060.057
273018.129
273066.101
273050.842
273017.252
273036.161
273021.264
273024.290
273021.324
273053.984
273089.716
273029.929
273047.743
273041.336
273055.195
272998.268
273026.656
273050.513
273049.947
273056.460
273069.118
273040.054
273033.863
273033.290
273038.238
273024.440
273071.948
273041.061
273025.017
273036.694
273030.600
273041.903
273020.393
273093.427
273043.683
273025.817
273064.421
273040.098
273043.015
273032.964
273039.691
273037.659
273059.068
273067.094
273018.083
273024.959
273006.989
273022.936
273035.490
273048.512
273024.398
273036.437
273052.324
273055.501
273020.712
273045.666
273026.185
273033.947
273011.713
273036.559
273089.168
273058.077
273046.048
273044.902
273031.672
273015.220
273029.597
273039.025
273033.038
273034.033
273005.698
273009.813
273046.698
273054.826
273022.375
273034.043
273028.999
273043.323
273044.209
273045.672
273030.727
273037.863
273163.656
273158.351
273188.980
273162.884
273172.939
273199.302
273180.811
273192.896
273160.763
273213.740
273170.767
273179.675
273193.278
273200.049
273157.389
273172.759
273189.901
273186.828
273191.724
273154.854
