489.681
523.069
523.434
488.639
488.692
521.871
522.965
524.371
488.640
488.691
523.642
524.060
488.691
488.691
521.611
522.913
523.694
488.640
488.691
522.444
523.382
488.639
488.587
515.830
522.861
523.903
488.744
488.535
522.600
523.174
488.587
488.744
521.715
522.966
523.173
488.692
488.639
522.340
523.330
488.639
488.639
522.809
521.298
488.588
488.743
519.215
523.330
523.591
488.640
488.639
521.976
524.580
488.847
488.639
523.955
524.423
568.126
488.691
488.692
522.288
523.226
488.639
488.796
517.548
524.007
524.580
488.743
488.744
522.497
523.122
488.639
488.640
516.090
524.163
523.486
488.639
488.639
522.861
522.913
488.692
488.691
525.153
524.320
524.371
488.639
488.640
523.903
523.694
488.692
488.587
522.080
522.966
488.639
488.640
488.535
522.236
523.486
488.691
488.692
518.174
523.069
488.900
488.588
488.639
522.184
523.486
488.691
488.692
523.382
522.965
523.591
488.587
488.587
565.990
523.903
488.691
488.587
522.184
523.017
523.903
488.691
488.639
522.549
523.226
488.691
488.587
520.100
522.809
489.108
488.639
488.692
522.340
523.955
488.535
488.640
522.288
523.225
488.899
488.639
488.587
522.497
523.226
488.691
488.587
522.600
522.809
488.795
488.639
488.691
522.445
523.487
488.691
488.691
521.871
524.632
489.056
488.691
488.639
523.538
523.591
488.743
488.639
522.236
523.330
489.004
488.691
488.587
522.341
523.382
488.743
488.587
522.236
523.017
488.848
488.795
488.639
523.226
523.174
488.640
488.796
522.497
522.757
488.587
488.639
488.744
522.965
524.893
488.588
488.588
522.237
523.434
488.952
488.691
488.639
522.653
524.893
488.692
488.535
522.236
520.986
488.639
488.639
488.587
522.028
524.372
488.640
488.743
521.350
523.695
488.795
488.691
488.691
522.497
563.438
488.639
488.640
522.601
523.226
488.692
488.691
488.639
522.549
523.799
488.639
488.743
521.663
522.653
523.903
488.639
488.691
524.372
522.966
488.587
488.639
521.611
524.008
488.952
488.639
488.535
522.080
523.382
488.639
488.639
521.299
523.069
488.900
488.587
488.640
522.966
523.174
488.640
488.691
521.820
523.018
488.796
488.692
488.587
522.549
523.747
488.691
488.639
522.184
524.424
489.108
488.587
488.691
522.340
523.017
488.691
488.587
559.636
523.486
488.587
488.692
488.743
522.340
524.320
488.587
488.587
522.236
522.913
488.899
488.639
488.640
522.340
523.851
488.640
488.639
522.185
522.861
488.848
488.639
488.743
523.017
523.903
488.587
488.743
522.497
523.694
488.847
488.587
488.640
522.496
523.382
488.691
488.535
522.549
523.017
488.795
488.743
488.535
521.767
524.997
488.743
488.639
523.070
523.538
488.744
488.691
488.640
523.539
524.424
488.639
488.639
522.028
522.965
524.267
488.640
488.640
522.653
523.799
488.639
488.587
522.236
524.840
524.007
488.639
488.639
523.173
523.382
488.639
488.743
521.924
522.809
489.056
488.639
488.639
521.819
523.225
488.692
488.588
522.236
523.070
488.952
488.639
488.587
518.746
524.163
488.640
488.639
523.539
523.174
488.535
488.691
520.257
523.121
523.590
488.639
488.692
522.392
566.094
488.691
488.587
520.569
522.809
524.007
488.692
488.587
521.976
523.330
488.639
488.639
525.309
523.851
523.382
488.639
488.743
523.017
523.173
488.691
488.640
520.621
522.340
523.590
488.744
488.640
523.538
523.278
488.483
488.639
518.433
522.601
523.955
488.639
488.639
522.340
522.914
488.743
488.692
488.691
523.643
523.226
488.691
488.743
522.028
523.174
488.691
488.744
523.486
522.965
523.382
488.640
488.640
522.913
523.278
488.587
488.587
488.692
522.757
521.507
488.691
488.744
522.393
523.330
488.483
488.691
488.640
522.393
523.590
488.692
488.639
522.289
523.174
488.639
488.587
522.237
522.809
523.486
488.639
488.691
523.330
522.914
488.639
488.692
519.215
523.018
523.851
488.639
488.587
522.341
523.278
488.587
488.588
517.965
522.757
523.382
488.639
488.691
522.184
523.174
505.880
488.640
517.235
522.289
523.851
488.639
488.692
522.340
523.486
489.264
488.639
488.639
522.705
523.590
488.691
488.743
522.549
522.392
488.639
488.691
488.587
523.121
566.876
488.639
488.639
522.497
523.382
488.692
488.692
522.080
522.601
523.070
488.587
488.796
522.497
524.371
488.744
488.691
519.111
522.913
524.163
488.639
488.639
523.851
523.070
488.639
488.639
516.142
522.652
524.476
488.639
488.639
523.018
522.914
488.744
488.639
521.559
563.594
488.796
488.639
488.692
522.341
524.215
488.744
488.691
522.600
522.966
523.277
488.744
488.692
522.445
523.590
488.639
488.587
522.861
522.965
489.056
488.691
488.639
522.913
523.694
488.692
488.744
522.288
523.330
488.796
488.691
488.639
522.289
523.070
488.692
488.691
519.059
522.965
489.004
488.640
488.744
522.080
523.382
488.640
488.691
523.278
522.705
488.744
488.691
488.639
522.705
523.590
488.535
488.691
519.423
522.861
524.632
488.587
488.691
523.955
523.798
488.640
488.535
524.007
522.966
523.903
488.640
488.587
523.122
523.643
488.743
488.691
521.767
524.112
488.847
488.639
488.640
523.069
523.695
488.744
488.587
521.976
523.069
525.205
488.692
488.588
523.277
522.965
488.587
488.692
523.174
522.809
523.382
488.587
488.691
523.903
523.643
488.587
488.639
517.860
522.705
566.043
488.639
488.639
522.809
523.382
488.587
488.639
522.079
522.966
488.952
488.744
488.587
522.184
523.538
488.691
488.640
522.341
523.069
488.744
488.639
488.744
522.184
523.278
488.587
488.639
523.590
523.903
488.848
488.536
488.691
522.966
523.590
488.691
488.691
522.601
522.757
489.003
488.692
488.691
522.549
523.903
488.692
488.743
518.174
523.383
488.535
488.691
488.692
522.236
523.226
488.639
488.639
522.080
523.330
489.003
488.639
488.587
565.625
521.507
488.692
488.692
522.392
522.757
488.796
488.639
488.639
522.861
523.747
488.639
488.640
521.715
523.903
488.847
488.640
488.639
522.757
522.965
488.639
488.535
522.861
522.548
518.017
488.640
488.639
522.028
523.225
488.796
488.639
522.132
522.913
488.796
488.692
488.691
522.236
523.122
488.588
488.639
520.674
522.601
521.820
488.691
488.639
522.497
523.747
488.640
488.535
521.820
522.549
488.899
488.587
488.587
522.809
523.538
488.639
488.588
522.392
522.757
488.899
488.588
488.639
522.497
523.226
488.691
488.587
521.820
523.174
523.590
488.692
488.535
522.809
523.590
488.587
488.795
522.497
523.122
489.160
488.692
488.743
522.548
524.424
488.639
488.692
521.507
519.684
488.587
488.692
488.640
522.497
524.008
488.587
488.691
521.976
522.653
524.528
488.639
488.640
522.340
568.490
488.744
488.744
521.871
522.966
488.951
488.743
488.640
522.548
523.226
488.587
488.640
513.329
523.330
523.643
488.639
488.640
522.496
523.799
488.692
488.587
521.559
523.174
525.674
488.692
488.640
522.392
523.122
488.639
488.691
522.080
522.705
489.004
488.692
488.639
522.965
523.851
488.743
488.795
521.872
523.122
523.017
488.640
488.640
522.236
523.487
488.587
488.795
522.393
523.121
523.278
488.483
488.588
522.445
523.487
488.640
488.692
546.822
523.903
488.743
488.692
488.639
522.236
524.007
488.640
488.587
521.716
522.393
523.799
488.587
488.743
521.820
522.861
488.692
488.640
523.174
524.215
523.069
488.639
488.639
524.737
523.070
488.691
488.743
518.225
522.652
520.413
488.691
488.692
522.184
524.632
488.639
488.639
521.611
522.861
523.486
488.691
488.587
524.111
523.173
488.900
488.691
522.028
522.653
522.965
488.587
488.640
522.757
523.018
488.743
488.691
521.090
523.903
523.590
488.692
488.587
523.487
523.434
488.639
488.692
521.559
523.122
525.466
488.587
488.692
522.809
523.226
488.691
488.639
522.184
523.382
488.900
488.639
488.691
522.965
523.070
488.587
488.640
521.559
523.538
524.164
488.639
488.587
522.913
523.122
488.587
488.743
523.955
523.382
488.796
488.639
488.744
523.382
523.590
488.587
488.588
521.872
571.720
489.108
488.691
488.587
522.965
524.633
488.692
488.639
522.341
524.215
523.069
488.587
488.535
522.809
523.695
488.795
488.587
521.611
523.070
488.743
488.588
488.639
522.757
523.382
488.691
488.535
522.862
524.945
523.799
488.692
488.639
522.132
523.591
488.587
488.587
521.767
523.278
523.226
488.587
488.692
522.861
523.122
488.691
488.691
522.080
522.705
489.108
488.691
488.639
522.757
523.122
488.692
488.743
521.820
522.600
523.851
488.587
488.744
522.340
