297222.115
292967.646
293080.726
292941.416
292989.083
292838.865
292984.717
292911.139
292948.640
292950.411
292915.750
293006.433
292990.026
292941.810
292939.791
292973.596
293066.159
293043.264
293016.388
292914.037
293027.869
293089.442
292962.768
293012.105
292920.555
293010.768
292966.234
293005.796
292960.690
293024.860
293001.752
292999.106
292996.084
293016.561
292946.319
293022.365
292993.197
292976.658
293046.874
293042.499
292867.345
293002.837
293027.058
292921.845
292971.145
292999.533
292931.090
292853.970
293085.399
293022.843
293049.676
292989.380
292986.411
292944.065
292881.900
293056.600
292985.398
292952.859
292920.683
292930.370
292987.513
292933.889
292998.372
293020.664
292973.026
292954.334
292897.613
292872.829
293015.877
292947.539
293052.649
292976.787
292885.376
292875.636
292845.962
293031.871
293041.768
293105.215
292927.778
292918.402
292934.602
292702.631
293035.052
292974.059
293019.073
293021.433
292977.577
293103.731
292968.176
293050.108
292999.116
292868.292
292944.661
293082.326
292971.232
292980.733
293083.134
292935.001
293030.916
293014.147
292961.853
293106.354
293084.804
293033.499
293159.759
293196.349
293095.614
293171.399
293115.999
293105.850
293200.440
293136.694
293139.577
293066.500
293086.866
293073.088
293180.441
293149.605
293015.445
293173.697
293089.108
293106.197
293173.567
293100.439
293123.720
293077.177
293108.904
293132.498
293170.012
293105.596
293121.483
293204.457
293122.083
293152.450
293133.906
293134.080
293057.992
293154.977
293130.919
293076.718
293073.853
293125.991
293149.245
292783.862
293070.963
293109.728
293073.438
293109.430
293161.206
293085.496
293146.230
293028.670
293053.013
293154.955
293043.229
293040.529
293183.108
292983.200
293069.611
293122.868
293055.627
293125.319
293059.391
293173.733
293061.435
292991.330
293121.621
293120.945
293062.660
293119.298
293132.014
292967.159
293077.436
293097.506
293044.221
293102.507
293196.549
293115.242
293034.352
293047.545
293111.570
293086.672
292980.422
293061.177
293104.409
293130.452
293147.298
293146.156
293121.102
293127.677
293035.029
293077.116
293079.461
293047.452
293157.199
293144.646
293107.213
293082.533
293170.506
293099.572
293083.809
293152.979
292937.654
293344.786
293153.006
293187.383
293122.808
293136.884
293154.021
293096.937
293093.887
293160.610
293076.490
293095.312
293097.767
293044.274
293140.592
293007.005
293108.106
293180.767
292808.059
293083.755
293124.748
293131.534
293112.429
293052.477
293138.737
293125.527
293066.045
293098.547
293078.879
293177.276
293149.253
293089.885
293090.681
293060.575
293054.326
293084.508
293106.020
293028.463
293137.444
293042.135
293090.263
293124.438
293114.717
293116.071
292999.397
292939.415
293110.731
293122.972
293010.529
293074.609
293140.759
293049.557
293143.545
293088.437
293017.860
293087.778
293161.383
293058.668
293133.942
293045.203
293147.293
293161.929
293210.081
293170.236
293144.505
293038.679
293107.810
293106.194
293111.147
293094.656
293132.262
293129.294
293145.252
293140.777
293168.696
293113.911
293169.190
293111.634
293075.695
293114.784
293150.203
293069.052
293044.170
293170.802
293049.961
293107.106
293133.949
293147.284
293217.392
293018.286
293095.013
293094.232
293033.667
293123.425
293160.563
293167.701
293041.361
293104.282
293029.069
293119.248
293082.169
293103.472
293068.374
293015.731
293171.784
293102.664
293122.323
293074.613
293099.043
293010.196
293145.528
293144.487
293059.432
293112.009
293074.194
293107.946
293101.350
293173.599
293017.756
293057.143
293159.716
293125.235
293128.100
293099.633
293075.620
293100.622
293149.390
293037.309
293069.238
293161.281
292858.050
293099.994
293082.856
293146.735
293086.058
293094.861
293161.179
293084.779
293118.740
293164.526
293115.535
293073.345
293167.987
293111.749
293059.097
293154.885
293129.838
293093.290
293169.493
293146.939
293056.174
293076.854
293114.721
293070.043
293060.783
293027.656
293121.936
293002.417
293140.865
293151.334
293082.961
293095.937
293056.976
293146.626
293133.203
293118.358
293078.824
293034.052
293035.355
293080.410
293074.955
293166.794
293061.839
293093.356
293119.105
293103.167
293154.368
293134.647
293131.474
293081.366
293054.812
293054.356
293137.331
293072.223
293146.626
293035.680
293177.513
293109.191
293177.954
293182.902
293136.967
293086.824
293181.258
293078.802
293187.320
293086.795
293109.766
293132.644
293125.207
293093.850
293085.571
293137.106
293043.454
293131.220
293127.799
293083.427
293112.387
293190.682
293089.856
293152.621
293102.201
293112.797
293202.700
292933.203
293086.247
293112.196
293107.769
293003.130
293012.785
293047.996
293133.574
293142.708
293127.816
293131.201
293105.584
293082.731
293122.109
293084.243
293120.465
293103.849
293149.842
293108.812
293127.103
293126.791
293145.079
293089.154
293177.129
293175.462
293042.088
293115.324
293198.820
292896.674
293084.772
293113.524
293106.598
293080.419
293152.299
293116.932
293028.660
293083.463
293175.188
293052.686
293094.476
293072.546
293141.093
293192.420
293130.803
293046.473
293123.002
293109.208
293167.859
293151.872
293163.037
293133.295
293084.698
293133.677
293060.812
293141.078
293118.482
293061.929
293133.496
293133.288
293041.376
293072.837
293066.534
293065.611
293122.654
293122.863
293129.275
293143.459
293086.476
293134.136
293102.694
293221.820
293070.455
293125.104
293116.627
293042.610
293178.039
293139.931
293141.962
293124.514
293195.419
293077.553
293084.741
293137.668
293118.724
292940.534
293147.736
293014.518
293119.214
293128.329
293083.077
293140.175
293108.401
293035.015
293147.749
293113.216
293098.110
293143.391
293075.631
292997.083
293097.046
293019.346
293135.448
293104.509
293148.856
293193.911
293098.383
293050.789
293166.431
293141.013
293089.191
293194.996
293042.903
293145.931
293108.863
293148.452
293125.221
293167.369
293045.550
293095.240
293177.435
293027.705
293124.639
293182.977
293171.740
293070.125
293181.957
293126.541
293132.964
293142.548
293133.641
293166.059
293090.743
293120.848
293088.149
293077.534
293125.089
293117.383
293002.914
293012.758
293127.038
293139.450
293035.489
293132.736
293127.222
293131.767
293054.783
293067.753
293047.980
293146.634
293114.756
293062.734
293032.063
293004.717
293051.756
293037.709
293045.835
293115.527
293148.984
293042.679
293097.109
293115.505
293014.937
293068.274
293116.299
293036.574
293100.641
293173.407
293034.244
292867.624
293158.739
293076.760
293141.728
293114.225
293074.118
292980.849
293113.049
293081.119
293048.105
293046.085
293010.822
293120.155
293136.581
293106.996
293118.039
292997.471
293135.612
293062.326
293140.671
293064.325
293112.298
293106.463
293132.474
293116.642
293109.454
293043.679
293058.115
293166.197
293110.571
293133.662
293180.593
293154.289
293151.440
293087.378
293118.734
293147.651
293107.451
293090.471
293109.067
293053.302
293067.104
293064.188
293167.333
293120.306
293057.853
293181.722
293161.475
293107.357
293135.744
293109.197
293053.623
293228.323
293099.885
293088.854
293140.681
293089.949
293105.751
293037.672
293142.732
293147.851
293108.948
293069.153
293005.405
293024.274
293126.781
293173.972
293043.253
293142.167
293135.136
293139.001
293121.092
293151.251
293195.267
293107.882
293116.111
293083.245
293016.380
293077.900
293080.191
293165.779
293046.875
293057.918
292952.858
293094.138
293135.184
293230.867
293130.924
293074.677
293142.287
292984.415
293113.085
293171.632
293125.378
293150.814
293134.774
293057.425
293072.746
293069.841
293115.834
293124.533
293145.648
293154.762
293165.701
293099.511
293061.546
293080.558
293178.384
293112.507
293153.083
293089.849
293146.486
293123.100
293116.485
293114.985
293136.870
293075.929
293075.775
293127.410
293060.739
293117.149
293061.952
293122.273
293101.959
293117.280
293112.500
293104.271
293044.265
293213.308
293067.360
293057.880
293164.358
293146.551
293103.684
293077.956
293073.701
293014.113
293167.250
293069.810
293125.964
293141.329
293121.440
293087.021
293016.443
293085.199
293132.513
293144.806
293106.938
293011.267
293084.507
293065.131
293030.134
293033.013
293126.874
293110.206
293087.513
293142.363
293114.860
293106.328
293131.652
293078.784
293094.516
293042.185
293115.993
292980.513
293128.143
293092.989
292839.115
293106.486
293139.835
293115.405
293020.242
293018.854
293003.124
293040.263
293161.324
293085.753
293104.973
293069.662
293055.978
293128.275
293138.172
293066.046
293175.016
293140.170
293037.357
293082.528
293122.792
293142.793
293188.805
293086.297
292990.561
293033.805
293099.442
292984.485
293093.925
292803.916
293153.215
293031.798
293171.982
293150.212
293048.485
293046.307
293114.811
293080.902
293052.568
293054.669
293082.848
293037.428
293052.181
293037.811
293021.872
293095.529
293089.917
293202.633
293096.376
293126.916
293002.897
293021.075
293060.360
293103.027
293126.258
293071.622
293114.348
293074.658
293163.831
293078.266
293106.710
293089.208
293316.734
293099.800
293160.535
293151.836
293127.269
293108.517
293111.018
293095.767
293035.561
293095.618
293035.357
293120.117
293094.230
293114.231
293104.194
293041.692
293127.011
293028.991
293095.412
293098.173
293111.509
292926.719
293136.683
293067.146
293048.303
293034.401
293068.988
293028.000
293055.046
293021.033
293171.357
293076.263
293121.683
293162.729
293113.620
293083.573
293199.103
293105.609
293105.208
293043.276
293081.196
293134.078
293184.138
293142.155
293082.314
293188.948
293022.632
292988.932
293043.016
293092.136
293036.089
293082.718
293180.702
293036.992
293109.918
293165.249
293043.000
293163.687
293165.316
293102.762
293048.435
293155.534
293090.956
293041.420
293070.903
293086.338
292994.247
293029.510
293186.305
293044.633
293138.859
293096.360
293066.996
293129.918
293112.156
293141.237
293082.536
293110.924
293080.253
293125.369
293048.801
293043.646
293061.527
293121.011
293099.707
293012.943
293104.569
293185.148
293099.053
293080.418
293087.450
293040.779
293152.523
293078.663
293131.220
292995.386
293071.076
293140.561
293080.872
293111.514
293020.152
293100.888
293142.780
293155.805
293056.162
292928.243
293074.202
293130.768
293086.495
293063.697
293133.442
293067.239
293095.272
293121.427
293100.957
293149.038
293015.862
293078.576
293057.688
293060.464
293124.586
293085.833
293003.231
293068.297
293051.681
293072.569
293088.628
293027.582
293019.924
293094.369
293061.299
293115.782
293070.628
293129.967
293080.223
293052.669
293021.901
293152.538
293080.657
293122.232
293070.205
293049.994
293141.775
293098.973
293099.130
293101.109
293113.623
293143.890
293115.242
293099.413
293000.562
293075.150
293120.779
293009.277
293109.285
293121.995
293039.914
293020.389
293014.815
293076.698
293139.894
293108.432
293073.847
293132.876
293084.177
293085.426
293083.976
293089.558
293015.594
293062.109
293081.032
292981.128
293093.117
293081.721
293133.710
293050.838
293043.603
293139.404
293043.094
293126.329
293172.390
293029.931
293093.843
293180.578
293094.380
293090.787
293040.108
293151.641
