93202.817
90161.106
90118.552
90121.053
90146.574
90126.678
90151.064
90194.661
90137.939
90174.608
90132.991
90205.026
90188.879
90163.044
90200.754
90162.523
90142.055
90229.830
90139.043
90161.857
90164.722
90150.138
90148.002
90141.700
90121.230
90232.746
90144.721
90144.203
90177.911
90155.305
90134.783
90159.785
90127.440
90193.431
90127.126
90157.805
90200.411
90130.355
90174.061
90159.222
90172.661
90199.172
90145.523
90150.992
90159.795
90147.242
90199.745
90180.213
90141.982
90141.572
90183.713
90145.170
90154.337
90164.962
90206.110
90152.097
90136.315
90152.044
90152.201
90289.031
90156.272
90237.112
90151.796
90164.973
90209.662
90147.941
90167.368
90162.681
90154.243
90208.673
90199.090
90149.618
90128.575
90153.993
90268.165
90088.000
90127.533
90273.739
90165.296
90236.653
90188.631
90182.277
90060.353
90009.049
90032.175
90052.697
90017.539
90031.759
90013.945
90016.133
90074.416
90019.987
90032.647
90013.122
90040.884
89991.819
90025.831
90010.727
90048.019
90031.508
90025.675
90075.312
90037.811
90029.482
90030.737
90047.041
90022.040
90022.456
90019.799
90017.716
90020.685
90027.873
90051.572
90045.790
90022.514
90016.060
90042.259
90056.010
90024.237
90013.299
90032.103
90039.030
90012.050
90039.655
90029.185
90027.111
90024.509
90025.967
90036.957
90042.373
90029.039
90029.509
90043.832
90020.914
90090.136
90051.228
90023.268
90037.436
90053.323
90051.968
90028.112
90050.353
90034.311
90018.425
90065.823
90033.165
90028.114
90025.884
90053.125
90009.060
90038.228
90046.458
90025.727
90045.104
90047.083
90039.634
90039.166
90041.304
90011.571
90045.062
90025.478
90035.895
90008.757
90037.248
89990.215
90033.291
90042.822
90051.364
90065.849
90033.248
90066.063
90024.706
90029.706
90033.509
90014.654
90015.123
90047.677
90062.208
90020.383
90036.328
90043.311
90032.582
90014.352
90000.757
90064.042
90032.009
90021.019
90045.708
90122.691
90027.165
90068.737
90071.448
90048.062
90056.343
90045.978
90027.540
90025.560
89993.267
90033.686
90061.396
90024.362
90021.507
90021.039
90022.290
90051.093
90032.498
90044.791
90027.446
90030.831
90035.728
90015.519
90024.687
90027.873
90016.258
90044.802
90022.664
90012.300
90040.374
90014.122
90049.437
90054.853
90035.791
90059.283
90015.851
90013.352
89988.246
90038.769
90033.977
90057.520
90006.684
90018.768
90044.759
90042.728
90009.189
89994.455
90022.685
89998.882
90031.644
90027.112
90041.696
90027.685
89999.767
90053.781
90025.967
90020.399
90035.560
90023.060
90045.822
90012.330
89972.068
90069.834
90012.122
90019.205
90040.404
90057.281
90014.265
90007.653
90032.967
90021.820
89995.204
90043.071
90032.758
90039.529
90034.425
90079.428
90046.769
89989.276
90033.446
90040.582
90029.903
89998.236
90053.291
90042.249
90019.122
90063.759
90024.591
90047.509
90002.778
90061.635
90029.341
90048.873
90008.507
90003.142
90030.330
90031.164
90065.020
90045.176
90057.418
90012.059
89999.402
90011.851
90026.695
90058.207
90044.091
90068.051
90052.477
90054.926
89998.568
90022.011
90067.801
90034.622
90026.340
90020.038
90085.146
90034.101
90071.447
90017.694
90051.915
90048.113
90044.419
90041.716
90041.977
90006.714
90005.204
90010.100
90020.360
90034.060
90065.988
90069.738
90043.487
90032.816
90056.727
90042.090
90036.465
90038.445
90061.832
90043.080
90069.800
90041.309
90062.561
90004.277
90019.598
90038.194
90042.987
90030.329
90024.600
90045.747
90012.516
90052.831
90039.966
90020.276
90066.217
90028.412
90040.965
90051.955
90034.038
90007.526
90043.881
90051.434
90061.070
90084.926
90041.225
90050.707
90027.016
90035.767
90023.109
90034.360
90016.756
89988.264
90017.119
90025.350
90009.827
90039.309
90037.333
90062.601
90044.007
90052.704
90048.017
90031.193
90047.444
90012.755
90044.111
90028.120
90045.047
90001.822
90030.942
90070.008
90000.056
90025.735
90027.349
90026.255
90036.152
90029.953
90051.881
90044.328
90010.427
90001.472
90045.693
90038.505
90058.350
90039.599
90024.858
90009.754
90063.090
90064.652
90053.975
90098.568
90056.433
90061.902
90036.536
90043.464
90027.473
90057.214
90030.442
90025.389
90016.119
90037.422
90052.120
90033.004
89990.918
90067.068
90054.359
90052.119
90015.087
90025.868
90056.807
90057.277
90026.391
90056.974
90100.882
90066.505
90047.338
90039.369
90023.899
90042.181
90024.316
90049.994
90050.932
90049.319
90010.731
90028.961
90035.472
90022.606
90025.524
90051.619
90054.483
89967.239
90056.202
90039.274
90042.665
90046.993
90061.994
90010.324
90039.180
90040.430
90032.669
90062.254
90025.064
90032.096
90030.898
90003.871
90051.014
90061.327
90039.138
90076.535
90053.774
90039.710
90048.201
90064.035
90059.764
90043.044
90014.301
90049.617
90019.042
90042.324
90028.365
90047.273
90051.961
90059.722
90000.604
90064.931
90069.201
90051.033
90064.211
90007.854
90030.095
90087.546
90024.782
90039.470
90049.210
90052.752
90035.303
90013.324
90042.553
90024.531
90039.271
90012.969
90007.551
90020.000
90061.877
90030.782
90049.533
90034.741
90032.294
90037.407
90039.281
90067.043
90021.416
90084.909
90038.657
90031.781
90039.490
90094.024
90044.699
90031.733
90009.550
90022.676
90035.593
90047.260
90021.634
90028.978
90055.229
90056.792
90050.854
90032.676
90082.007
90007.789
90034.717
90031.124
90067.480
90054.718
90048.468
90009.768
90068.417
90082.689
90040.968
90030.194
90011.496
90035.977
90037.853
90033.789
90041.394
90021.758
90029.102
90039.103
90054.312
90067.124
90032.496
90095.313
90057.290
90039.008
90075.000
90056.926
90030.882
90066.666
90083.802
90047.759
90010.049
90026.152
90028.757
90047.456
90045.008
90036.830
90091.104
90050.893
89985.212
90102.980
90042.924
90058.864
90043.976
90028.454
90025.068
90015.589
90016.682
90010.120
90010.849
90044.809
90050.174
90033.871
90037.625
90023.047
90013.046
90041.225
90016.171
90028.932
90034.349
90063.934
90035.391
90057.945
89997.108
90055.241
90036.963
90011.077
90034.932
90028.734
90022.848
90035.713
90045.089
90061.496
90061.132
90009.931
90004.885
90014.367
90044.056
90058.068
90023.483
90032.389
90021.503
90068.537
90011.919
90092.549
90048.172
90055.629
90030.367
89994.064
90015.627
90015.003
90025.680
90065.526
90039.796
90044.535
90016.513
90030.941
90028.086
90058.921
90088.349
90045.586
90039.440
90010.741
90039.180
89995.688
90009.334
90023.398
90028.608
89994.864
89998.510
90027.418
90029.501
90018.563
90015.698
90024.033
90054.034
90079.452
90054.503
90069.820
90088.160
90023.729
90009.510
90048.001
90073.888
90016.333
90066.388
90038.001
90039.043
89964.716
90024.724
90045.355
90081.868
90054.939
89972.070
90245.053
90003.217
90001.863
90025.614
90026.447
90070.773
90037.861
90080.574
90083.960
90083.491
90019.321
90076.564
90040.000
90005.154
90028.228
90081.981
90075.574
90034.747
90022.612
90026.362
90021.779
90060.271
90023.445
90044.489
90035.113
90075.688
90076.366
90054.281
90037.622
90057.051
90048.509
90066.739
90010.225
90013.715
90086.063
90050.748
90097.574
90046.321
89999.444
90060.915
90027.944
90062.893
90058.779
89981.379
90018.204
90086.437
90041.695
90080.812
90060.550
90097.221
90023.214
90092.697
90008.265
90045.246
90071.498
90019.412
90023.682
89949.043
90048.423
90054.413
90005.874
90021.244
90035.099
90056.506
90065.100
90047.495
90027.806
90034.786
89995.044
90042.651
90069.631
90069.743
90109.539
90041.880
90052.192
90056.203
90039.171
90021.514
90029.952
90041.984
90032.817
90046.463
90013.188
90008.814
90062.984
90061.682
90042.513
90046.680
90046.369
89995.793
90001.886
90067.203
90004.386
89997.104
90012.209
90045.023
90028.512
90027.158
90041.013
90024.605
89987.104
90018.356
90009.344
90069.401
90040.136
90029.406
90028.886
90035.188
90006.384
90042.324
90044.460
90054.043
90088.317
90015.708
90061.026
90097.753
90010.926
90039.209
90074.575
90035.094
90019.260
90063.637
90026.916
90027.854
90037.593
90019.628
89966.088
90063.542
90054.792
90032.082
90034.582
90031.717
90038.020
89967.547
90042.551
90040.364
89976.251
90043.603
90031.362
90044.071
90041.050
90034.956
90074.073
90058.759
90015.424
90016.257
90041.623
90045.850
89997.619
90036.996
89966.108
90022.257
90019.079
90027.673
90076.999
90070.957
90060.228
90025.589
90104.092
90060.965
90057.267
90012.473
90025.859
90077.529
90083.363
90054.299
90093.364
90035.130
90055.341
90095.196
90032.327
90060.714
90070.611
90072.069
90014.462
90070.871
90065.507
90077.695
90013.056
90047.279
90051.192
90039.837
90039.733
90011.658
90025.358
90048.327
89986.449
90005.564
90090.048
90027.024
90055.988
90043.544
90045.941
90050.888
90015.939
90008.855
90079.796
90049.378
90095.527
90125.320
90030.002
90034.070
90059.492
90057.929
90073.451
90085.952
90088.921
90048.710
90053.294
90046.835
90085.900
90032.147
90054.135
90028.770
90030.437
90035.073
90044.709
90061.272
90036.792
90043.146
90052.365
90140.131
89988.820
90042.791
90050.083
90076.021
90052.322
90049.093
90064.146
90072.688
90046.645
90061.333
90070.657
90032.114
90057.124
90080.459
90079.573
90030.143
90078.896
90052.957
89984.620
90004.152
90059.728
90069.885
90063.584
89995.306
89984.004
90020.829
90029.371
90012.652
90047.810
90044.371
89996.140
89999.838
90008.693
90092.868
90032.245
90028.442
90083.915
90069.851
90054.173
90019.692
90091.363
90074.070
90038.183
89996.618
90064.283
90039.338
90040.379
90056.682
90057.568
90069.443
90061.162
90070.433
90070.745
90074.288
90071.266
90022.155
90053.931
90045.962
90058.046
90073.776
90015.283
90002.990
90025.700
89999.657
90061.587
90061.483
90021.072
90035.137
90027.793
90081.233
90021.073
90075.244
90043.106
90029.199
90079.254
90060.190
90039.355
90009.571
90038.688
90080.044
90054.053
90056.866
90012.800
90054.522
90059.626
90097.702
90061.346
89991.707
90004.424
90064.062
90061.614
90041.770
90042.291
90073.282
90068.438
90049.010
90106.825
90064.896
90016.823
90034.695
90052.353
90088.605
90049.175
90059.072
90044.852
90002.766
90009.955
90065.530
90078.292
90063.920
90026.006
90026.631
90006.213
89990.847
90010.692
90052.257
90058.091
90029.860
90074.342
90037.569
90015.021
90049.453
90035.963
90044.974
90071.330
90005.701
90035.495
90034.088
