54.171
54.276
54.276
54.588
54.744
52.869
54.693
54.536
53.651
54.797
54.588
54.588
54.692
81.257
54.796
54.640
54.640
53.703
54.745
54.641
54.536
54.640
54.589
54.692
54.692
54.589
54.588
54.589
87.456
54.589
54.640
54.640
54.589
54.536
54.485
54.588
54.589
54.588
54.640
54.641
54.536
54.588
86.206
54.588
54.588
54.641
54.640
54.380
54.588
54.589
54.588
54.537
54.692
54.744
54.692
54.641
54.536
80.684
54.641
54.692
54.484
54.589
54.589
54.641
54.640
54.641
54.536
54.641
54.693
54.328
54.692
54.745
54.901
54.693
54.588
54.693
54.536
54.692
54.693
54.641
54.588
54.328
54.536
54.589
54.484
54.693
54.744
54.328
54.536
54.536
54.536
54.641
54.640
54.692
54.589
54.640
54.640
54.693
54.588
54.640
85.269
54.848
54.640
54.589
54.588
54.693
54.588
54.692
54.537
54.640
54.641
54.536
54.641
54.537
54.588
85.112
54.640
54.692
54.641
54.641
54.536
54.641
54.589
54.640
54.641
54.693
54.588
54.276
54.692
82.977
54.849
54.536
54.693
54.640
54.589
54.693
54.588
54.641
54.641
54.588
54.589
54.588
54.641
54.537
85.424
54.536
54.537
54.588
54.537
54.536
54.641
54.641
54.536
54.692
54.224
54.537
54.588
54.640
54.641
54.953
54.328
54.641
54.536
54.224
54.537
54.640
54.589
54.484
54.589
54.536
54.693
54.589
54.640
81.883
54.797
54.589
54.641
54.641
54.641
54.536
54.693
54.224
54.693
54.641
54.640
54.380
54.589
91.207
54.797
54.536
54.589
54.640
54.641
54.588
54.536
54.589
54.588
54.589
54.588
54.640
54.693
54.641
88.758
54.589
54.589
54.640
54.641
54.745
54.536
54.536
54.640
54.537
54.536
54.641
54.536
54.641
88.863
54.640
54.588
54.537
54.692
54.640
54.641
54.589
54.640
54.588
54.589
54.588
54.537
54.640
54.693
84.383
54.796
54.640
54.537
54.536
54.537
54.640
54.536
54.641
54.640
54.589
54.640
54.589
54.693
54.588
54.953
54.589
54.589
54.640
54.641
54.641
54.588
54.589
54.588
54.589
54.588
54.536
54.589
54.588
81.623
48.911
54.640
54.693
54.693
54.744
54.484
54.536
54.640
54.589
54.692
54.589
54.693
54.640
89.280
54.745
54.588
54.484
54.588
54.589
54.693
54.588
54.588
54.693
54.484
54.537
54.536
54.693
54.641
85.737
54.797
54.640
54.537
54.536
54.484
54.640
54.641
54.537
54.536
54.589
54.588
54.589
54.588
54.588
85.373
54.692
54.693
54.589
54.588
54.589
54.588
54.589
54.588
54.640
54.589
54.484
54.537
54.640
82.248
54.797
54.640
54.536
54.589
54.692
54.641
54.588
54.588
54.641
54.588
54.588
54.588
54.536
54.536
85.581
54.641
54.589
54.224
54.640
54.641
54.641
54.692
54.276
54.588
54.641
54.692
54.328
54.692
54.641
54.432
54.276
54.745
54.484
54.589
54.641
54.537
54.276
54.640
54.641
54.588
54.328
54.588
54.641
88.081
54.641
54.641
54.641
54.588
54.537
54.640
54.537
54.640
54.641
54.641
54.588
54.588
54.641
81.831
49.223
54.588
54.536
54.537
54.588
54.588
54.693
54.588
54.641
54.536
54.275
54.536
54.537
54.640
82.404
54.849
54.589
54.640
54.536
54.641
54.588
54.744
54.589
54.640
54.589
54.641
54.588
54.641
54.640
84.800
54.640
54.745
54.537
54.588
54.589
54.536
54.693
54.536
54.693
54.588
54.589
54.641
54.536
83.706
54.641
54.641
54.588
54.641
54.537
54.276
54.693
54.640
54.536
54.537
54.640
54.589
54.640
54.589
87.612
54.640
54.640
54.693
54.588
54.537
54.536
54.589
54.589
54.640
54.641
54.640
54.276
54.640
83.185
54.589
54.693
54.484
54.589
54.536
54.641
54.641
54.640
54.432
54.640
54.641
54.537
54.640
54.693
54.224
54.589
54.588
54.537
54.640
54.693
54.693
54.693
54.640
54.589
54.536
54.537
54.588
54.589
84.695
54.797
54.641
54.588
54.588
54.589
54.588
54.641
54.589
54.536
54.589
54.640
54.641
54.536
54.641
86.206
54.641
54.589
54.640
54.537
54.640
54.589
54.589
54.536
54.589
54.588
54.641
54.588
54.536
82.404
54.901
54.641
54.640
54.588
54.589
54.536
54.589
54.640
54.693
54.693
54.589
54.640
54.640
54.589
85.529
54.745
54.641
54.640
54.693
54.589
54.588
54.589
54.588
54.589
54.693
54.589
54.640
54.537
87.196
54.797
54.536
54.588
54.641
54.588
54.589
54.536
54.692
54.589
54.588
54.640
54.537
54.536
54.537
87.456
54.589
54.640
54.588
54.641
54.692
54.640
54.641
54.588
54.641
54.588
54.640
54.693
54.537
86.674
54.640
54.641
54.588
54.588
54.589
54.588
54.640
54.641
54.588
54.641
54.537
54.692
54.641
54.588
82.664
54.849
54.641
54.588
54.536
54.589
54.484
54.641
54.641
54.484
54.589
54.536
54.745
54.589
54.588
55.005
54.485
54.692
54.640
54.536
54.640
54.640
54.693
54.589
54.588
54.641
54.485
54.640
54.536
86.987
54.224
54.588
54.537
54.536
54.641
54.589
54.536
54.589
54.536
54.641
54.693
54.275
54.640
84.070
54.796
54.537
54.536
54.641
54.536
54.641
54.693
54.641
54.640
54.589
54.536
54.485
54.640
54.641
85.424
54.693
54.536
54.641
54.692
54.328
54.536
54.589
54.640
54.641
54.588
54.589
54.588
54.537
54.588
87.716
54.641
54.641
54.641
54.276
54.640
54.536
54.589
54.588
54.641
54.589
54.588
54.589
54.693
86.414
49.120
54.641
54.588
54.536
54.641
54.588
54.380
54.588
54.484
54.588
54.589
54.640
54.588
54.589
82.559
54.641
54.588
54.589
54.484
54.589
54.588
54.744
54.693
54.588
54.640
54.589
54.692
54.641
54.641
53.546
54.588
54.537
54.588
54.589
54.641
54.588
54.328
54.693
54.693
54.588
54.536
54.484
54.589
87.612
54.589
54.641
54.536
54.224
54.641
54.484
54.641
54.588
54.692
54.276
54.589
54.588
54.641
81.414
49.171
54.536
54.640
54.589
54.588
54.693
54.693
54.640
54.537
54.640
54.588
54.641
54.588
54.692
81.935
54.640
54.693
54.641
54.588
54.537
54.641
54.692
54.640
54.693
54.588
54.588
54.485
54.484
54.693
54.276
54.693
54.484
54.589
54.588
54.692
54.641
54.588
54.640
54.536
54.536
54.641
54.640
54.693
85.477
54.745
54.588
54.640
54.693
54.588
54.589
54.588
54.484
54.588
54.640
54.589
54.693
54.692
54.536
87.039
54.640
54.641
54.640
54.640
54.641
54.588
54.588
54.537
54.640
54.588
54.641
54.588
54.641
85.216
54.692
54.589
54.640
54.172
54.745
54.693
54.589
54.588
54.537
54.640
54.589
54.640
54.640
94.176
54.693
54.588
54.485
54.692
54.640
54.641
54.589
54.588
54.537
54.484
54.693
54.641
54.640
54.640
84.383
54.537
54.588
54.484
54.588
54.693
54.693
54.589
54.640
54.693
54.536
55.109
54.641
54.589
54.640
54.797
54.433
54.588
54.589
54.484
54.588
54.588
54.641
54.640
54.641
54.536
54.588
54.537
54.640
82.508
49.015
54.641
54.641
54.640
54.589
54.588
54.588
54.588
54.588
54.537
54.536
54.641
54.640
54.536
83.550
54.640
54.589
54.588
54.589
54.537
54.536
54.537
54.744
54.588
54.641
54.589
54.588
54.537
54.640
54.953
54.588
54.536
54.380
54.588
54.537
54.536
54.693
54.536
54.537
54.640
54.589
54.641
54.640
85.476
54.640
54.641
54.693
54.536
54.537
54.588
54.640
54.589
54.640
54.641
54.693
54.692
54.536
80.581
54.848
54.536
54.589
54.536
54.589
54.692
54.693
54.589
54.692
54.588
54.589
54.693
54.640
54.589
82.456
54.641
54.641
54.641
54.588
54.641
54.693
54.536
54.589
54.588
54.485
54.588
54.484
54.641
54.640
53.963
54.589
54.588
54.589
54.588
54.589
54.641
54.692
54.588
54.693
54.328
54.641
54.536
54.641
84.227
48.858
54.380
54.536
54.537
54.536
54.641
54.589
54.588
54.328
54.641
54.588
54.536
54.641
54.640
80.060
54.745
54.745
54.537
54.692
54.589
54.536
54.693
54.745
54.589
54.588
54.589
54.693
54.640
84.227
54.692
54.589
54.640
54.640
54.536
54.589
54.589
54.588
54.484
54.640
54.641
54.589
