36.201
33.336
33.128
33.128
33.180
33.128
33.180
33.180
33.232
33.284
33.232
33.076
63.652
33.232
33.128
33.129
33.232
33.232
33.232
33.128
33.128
33.180
33.128
33.284
33.128
33.076
33.233
32.816
33.233
33.233
33.233
33.128
33.701
33.336
33.336
33.285
33.232
33.232
33.232
33.232
33.285
33.493
33.492
33.180
33.180
33.180
33.232
33.284
33.284
33.232
33.180
33.180
33.388
33.284
33.232
67.037
33.180
33.232
33.232
33.233
33.285
33.232
33.284
33.284
33.180
33.181
33.232
33.128
33.336
63.287
33.232
33.180
33.232
33.285
33.180
33.336
33.232
33.232
33.285
33.232
33.284
33.232
33.232
33.233
33.493
33.233
33.285
33.233
33.232
33.232
33.128
33.128
33.180
33.128
33.129
33.180
33.128
33.180
63.913
33.336
33.128
33.336
33.180
33.233
33.389
33.180
33.076
33.128
33.024
33.232
33.076
68.704
33.284
33.284
33.180
33.180
33.181
33.128
33.232
33.128
33.128
33.076
33.024
33.024
33.076
33.180
32.294
33.128
33.128
33.181
33.076
33.180
33.233
33.128
33.128
33.180
33.076
33.180
33.129
33.128
62.610
33.180
33.181
33.180
33.128
33.180
33.180
33.076
33.076
33.285
33.180
33.180
33.128
33.232
68.131
31.462
33.180
33.181
33.285
33.233
33.232
33.232
33.180
33.233
33.284
33.180
33.180
33.181
33.232
33.649
33.285
33.284
33.232
33.180
33.181
33.232
33.128
33.336
33.336
33.128
33.181
33.180
33.128
62.089
33.180
33.180
33.284
33.232
33.076
33.180
33.232
33.336
33.232
33.128
33.232
33.180
33.233
61.256
33.440
33.232
33.232
33.233
33.233
33.232
33.232
33.232
33.128
33.128
33.180
33.232
33.232
33.232
32.294
33.180
33.233
33.285
33.128
33.180
33.180
33.232
33.180
33.180
33.180
33.128
33.128
33.180
33.233
33.181
33.128
33.180
33.128
33.128
33.076
33.180
33.284
33.128
33.128
33.285
33.128
33.232
29.117
33.285
33.285
33.180
33.181
33.181
33.233
33.285
33.285
33.233
33.337
33.181
33.180
33.180
62.818
33.180
33.336
33.128
33.233
33.284
33.233
33.285
33.181
33.285
33.233
33.128
33.180
33.232
33.076
33.388
33.285
33.180
33.232
33.232
33.128
33.233
33.180
33.128
33.128
33.128
33.180
33.232
33.232
32.190
33.232
33.336
33.180
33.180
33.285
33.181
33.233
33.181
33.128
33.076
33.129
33.128
33.128
64.590
33.284
33.284
33.180
33.232
33.232
33.129
33.232
33.337
33.233
33.180
33.180
33.076
33.285
68.444
33.284
33.180
33.233
33.232
33.232
33.128
33.285
33.181
33.180
33.128
33.180
33.128
33.180
62.505
32.659
33.232
33.232
33.233
33.180
33.232
33.232
33.128
33.180
33.180
33.180
33.128
33.180
33.180
33.440
33.180
33.180
33.181
33.076
33.076
33.232
33.232
33.232
33.284
33.128
33.180
33.285
33.285
27.190
33.336
33.232
33.128
33.128
33.232
33.128
33.233
33.128
33.128
33.128
33.128
33.180
33.284
61.151
33.180
33.233
33.337
33.181
33.128
33.232
33.284
33.180
33.076
33.129
33.180
33.336
33.284
33.232
33.388
33.284
33.337
33.180
33.285
33.076
33.284
33.180
33.181
33.128
33.128
33.232
33.180
33.181
29.169
33.180
33.232
33.076
33.076
33.232
33.180
33.128
33.128
33.180
33.128
33.128
33.284
33.128
84.383
53.755
33.336
33.233
33.128
33.180
33.232
33.181
33.128
33.180
33.180
33.180
33.180
33.076
30.211
33.284
33.180
33.232
33.180
33.128
33.180
33.180
33.180
33.232
33.180
33.128
33.232
33.232
30.732
33.233
33.180
33.285
33.180
33.180
33.128
33.129
33.180
33.336
33.180
33.180
33.180
33.180
61.412
33.232
33.284
33.180
33.180
33.233
33.128
33.180
33.336
33.232
33.284
33.233
33.285
33.233
67.142
33.389
33.180
33.180
33.180
33.180
33.181
33.180
33.180
33.232
33.284
33.232
33.180
33.181
33.180
33.544
33.389
33.180
33.232
33.232
33.180
33.128
33.233
33.128
33.232
33.233
33.180
33.232
33.284
59.902
33.284
33.284
33.128
33.336
33.128
33.180
33.180
33.232
33.284
33.180
33.180
33.129
33.180
62.506
32.294
33.285
33.285
33.337
33.128
33.232
33.232
33.180
33.128
33.232
33.180
33.232
33.180
33.233
32.816
33.181
33.180
33.232
33.180
33.336
33.284
33.232
33.284
33.232
33.180
33.284
33.180
33.181
33.440
33.180
33.180
33.180
33.180
33.232
33.232
33.285
33.233
33.180
33.180
33.180
33.181
33.180
33.701
33.492
33.285
33.180
33.180
33.180
33.285
33.233
33.232
33.232
33.232
33.180
33.232
33.180
64.589
33.181
33.128
33.180
33.232
33.233
33.233
33.285
33.233
33.180
33.232
33.284
33.284
33.180
68.601
33.389
33.180
33.181
33.233
33.232
33.285
33.180
33.232
33.180
33.180
33.233
33.232
33.232
33.232
32.815
33.232
33.232
33.180
33.076
33.232
33.232
33.128
33.180
33.181
33.181
33.232
33.232
33.232
61.204
33.180
33.232
33.128
33.233
33.180
33.232
33.232
33.232
33.180
33.284
33.337
33.285
33.180
62.871
33.233
33.128
33.180
33.232
33.128
33.128
33.181
33.233
33.180
33.284
33.180
33.284
33.232
33.232
32.607
33.128
33.128
33.285
33.233
33.284
33.180
33.129
33.128
33.180
33.232
33.180
33.232
33.076
33.389
33.128
33.233
33.232
33.180
33.232
33.232
33.284
33.181
33.076
33.128
33.232
33.181
33.180
32.398
33.441
33.232
33.180
33.180
33.285
33.180
33.233
33.180
33.076
33.232
33.284
33.180
33.180
63.548
33.232
33.128
33.180
33.285
33.180
33.233
33.180
33.232
33.128
33.181
33.129
33.232
33.128
33.180
33.493
33.180
33.180
33.180
33.181
33.233
33.180
33.180
33.232
33.233
33.180
33.284
33.232
33.128
33.493
33.180
33.076
33.180
33.180
33.233
33.285
33.128
33.232
33.232
33.128
33.129
33.180
33.180
62.610
33.336
33.180
33.336
33.232
33.180
33.232
33.181
33.233
33.285
33.180
33.180
33.128
33.180
68.027
33.493
33.129
33.232
33.128
33.128
33.233
33.181
33.232
33.232
33.232
33.232
33.180
33.337
63.496
33.285
33.233
33.232
33.180
33.232
33.128
33.128
33.232
33.284
33.284
33.180
33.232
33.232
33.180
33.233
33.181
33.180
33.180
33.284
33.128
33.285
33.180
33.285
33.233
33.232
33.180
33.180
33.128
32.347
33.389
33.181
33.285
33.232
33.180
33.180
33.128
33.181
33.233
33.181
33.285
33.337
33.233
60.579
33.180
33.180
33.233
33.128
33.232
33.128
33.128
33.180
33.284
33.232
33.180
33.336
33.180
33.129
33.284
33.180
33.232
33.180
33.128
33.233
33.180
33.232
33.232
33.180
33.233
33.232
33.232
33.284
27.607
33.284
33.232
33.232
33.180
33.232
33.128
33.128
33.284
33.232
33.076
33.128
33.233
33.232
60.214
32.399
33.232
33.180
33.284
33.284
33.180
33.232
33.128
33.128
33.285
33.232
33.284
33.232
33.128
33.440
33.180
33.128
33.128
33.181
33.181
33.285
33.180
33.232
33.232
33.232
33.232
33.232
33.233
33.440
33.180
33.181
33.181
33.180
33.180
33.180
33.181
33.337
33.232
33.284
33.128
33.180
33.284
33.337
33.129
33.180
33.232
33.180
33.232
33.180
33.285
33.129
33.180
33.232
33.180
33.284
33.233
60.162
33.285
33.180
33.128
33.233
33.180
33.232
33.180
33.233
33.180
33.284
33.180
33.180
33.284
67.767
33.440
33.284
33.232
33.284
33.232
33.232
33.128
33.232
33.232
33.232
33.232
33.128
33.181
33.233
32.815
33.285
33.181
33.232
33.232
33.128
33.284
33.232
33.232
33.180
33.180
33.285
33.285
33.180
64.016
33.180
33.232
33.232
33.180
33.128
33.232
33.181
33.232
33.180
33.180
33.180
33.232
33.232
64.798
32.295
33.076
33.285
33.284
33.128
33.128
33.180
33.180
33.180
33.232
33.284
33.232
33.285
33.181
33.180
33.180
33.024
33.076
33.024
33.128
33.076
33.023
33.024
33.023
32.972
33.076
33.076
67.818
33.076
33.180
33.076
32.972
33.024
33.128
33.076
33.024
32.971
33.076
32.972
33.024
33.024
33.180
32.607
33.024
33.129
33.076
33.024
