363.419
411.340
444.729
84.539
18.283
14.793
397.590
227.417
582.762
152.046
400.714
147.723
129.335
183.923
115.792
179.340
257.472
533.174
164.599
367.378
50.630
400.975
100.322
475.252
45.994
419.987
531.456
180.642
261.171
591.618
241.481
437.437
205.748
362.482
87.560
256.899
531.821
179.496
227.105
360.294
186.632
363.159
112.459
386.755
428.217
73.392
454.522
47.817
203.925
86.414
233.876
129.283
358.419
441.864
418.476
98.238
40.160
392.588
407.747
313.102
23.492
44.014
391.599
25.419
212.728
299.767
260.232
212.936
47.817
62.714
459.887
574.897
505.568
349.043
313.884
359.617
374.098
569.219
367.118
11.251
50.109
574.637
147.670
237.522
477.493
396.912
43.858
69.485
299.403
383.473
270.858
590.888
279.661
171.891
116.156
530.102
322.686
251.743
380.973
271.484
196.268
405.403
282.787
119.751
301.435
83.706
182.673
380.869
112.458
429.988
201.373
96.206
447.959
40.212
346.178
359.565
356.387
489.264
163.244
232.314
285.443
509.005
137.669
539.373
273.880
102.354
374.514
559.375
137.044
501.141
229.761
483.639
48.806
170.849
205.592
469.887
311.175
442.437
56.307
88.289
480.618
438.999
521.872
307.007
338.573
210.905
593.128
40.629
329.926
406.966
381.911
440.926
261.483
218.145
55.422
393.110
370.191
258.253
488.588
126.939
514.735
567.188
520.309
294.402
189.237
543.645
335.552
464.679
554.479
24.742
413.163
416.497
408.945
67.558
438.531
124.959
422.696
555.051
191.841
116.521
54.848
280.703
53.651
153.972
93.862
344.511
82.664
351.231
480.253
63.704
239.346
338.729
41.931
352.429
557.136
532.445
125.949
196.060
498.901
203.821
473.794
373.055
211.009
435.614
67.714
539.737
325.707
354.461
348.626
405.923
294.976
121.157
150.379
284.870
161.370
264.817
473.794
176.631
406.288
86.831
77.715
484.525
95.009
356.752
464.002
263.983
589.117
379.827
483.483
572.970
401.443
522.236
109.229
419.154
146.732
206.894
559.167
508.380
528.487
131.054
532.081
427.956
549.009
91.363
548.437
331.646
227.938
483.014
491.139
115.532
315.394
521.768
230.178
552.239
426.707
146.472
45.785
458.793
20.470
82.717
211.322
315.394
436.290
185.382
597.087
39.587
20.366
321.697
20.418
416.758
11.876
509.474
588.232
410.559
408.371
463.428
258.618
276.588
24.637
39.014
240.387
321.436
351.751
220.750
155.431
285.860
141.784
425.561
82.195
284.453
270.806
115.480
218.093
407.954
286.746
360.138
593.753
439.625
219.291
403.371
205.071
502.130
540.467
346.699
16.200
530.310
383.161
453.115
159.077
538.436
485.671
452.125
556.562
376.806
283.463
206.165
485.514
118.500
144.128
382.432
274.244
466.502
280.338
376.598
78.497
545.781
498.640
522.393
478.638
232.417
293.413
185.694
257.264
548.280
250.596
257.629
238.616
86.362
538.749
507.652
110.896
15.731
587.919
445.667
419.622
70.632
543.749
111.729
459.418
217.676
562.083
91.050
440.978
417.019
295.704
375.764
9.949
559.323
394.255
148.035
160.484
568.178
587.971
244.085
16.772
15.053
95.738
257.784
471.451
517.913
11.459
270.286
250.805
122.668
85.997
70.111
42.191
452.542
25.159
117.980
277.161
118.084
110.427
34.013
410.768
194.029
200.956
194.028
56.255
427.696
461.918
375.712
355.085
37.920
332.426
155.795
300.914
562.917
349.042
216.479
410.663
445.302
280.807
98.030
228.458
435.717
251.898
509.527
19.533
520.413
548.176
586.774
580.679
129.596
564.271
256.379
545.936
255.128
255.023
386.702
300.861
357.169
138.919
447.125
144.753
499.317
543.279
347.220
58.599
17.658
360.033
205.800
116.313
398.891
200.800
446.448
547.395
122.199
29.638
167.933
72.246
113.917
168.922
525.153
27.816
34.795
197.310
572.970
58.235
75.111
25.315
80.112
63.548
454.313
549.999
448.479
425.717
331.020
471.971
372.326
487.598
203.561
100.478
209.499
52.661
431.603
98.238
119.490
339.406
16.877
390.713
279.766
116.261
267.421
231.689
32.555
426.550
343.678
170.641
207.416
451.761
412.538
468.012
71.256
415.351
268.931
558.489
383.422
466.241
88.811
206.843
377.743
462.491
91.988
236.688
466.762
524.268
494.785
455.511
403.006
279.661
19.533
196.997
27.971
13.386
157.046
465.148
373.628
386.129
181.996
20.211
469.054
44.952
448.427
271.015
476.399
163.973
440.458
406.236
138.190
593.337
324.926
456.814
170.641
567.658
77.039
417.175
46.723
50.161
538.904
488.640
217.208
112.459
157.202
279.662
209.135
505.776
546.301
275.338
351.856
285.287
74.382
194.601
39.275
345.813
556.510
197.935
209.291
446.552
589.482
255.805
115.740
214.134
589.378
156.629
148.243
31.617
18.283
100.999
64.069
156.473
530.778
182.986
187.882
29.898
341.907
193.091
111.104
328.363
20.158
489.369
228.355
377.327
113.709
495.410
94.071
481.295
24.430
338.990
527.185
237.574
382.067
566.147
178.402
509.266
436.187
27.867
459.105
148.034
12.449
437.802
81.779
371.493
98.030
238.043
524.528
407.538
26.825
89.435
336.854
112.615
251.950
444.938
13.543
430.144
480.826
583.908
250.753
118.344
260.910
36.462
159.547
28.232
70.214
408.840
249.398
564.324
199.914
508.850
476.555
336.386
485.202
180.121
59.850
116.522
434.884
71.934
32.034
344.303
217.989
104.125
139.232
457.073
457.230
321.696
461.762
597.295
489.160
273.775
353.887
362.013
150.223
113.396
347.740
160.796
392.224
498.016
47.349
538.435
596.566
558.802
198.144
43.025
344.928
244.971
398.214
437.541
443.583
371.701
42.712
314.821
596.410
199.550
116.626
61.464
172.152
119.751
181.788
470.148
100.269
350.970
64.589
210.645
308.414
523.903
525.101
116.991
414.205
491.869
451.240
122.147
166.734
572.345
63.235
127.408
384.150
292.891
101.884
537.342
189.445
261.378
151.629
455.459
41.879
117.511
223.302
462.803
546.353
534.789
343.834
424.779
457.856
274.400
462.960
336.594
417.643
597.295
202.415
75.632
460.200
21.200
62.662
175.277
205.957
129.178
98.811
163.140
382.483
192.674
338.417
482.805
124.751
217.729
9.532
129.439
400.558
267.056
186.268
405.142
247.523
186.319
365.242
153.869
461.137
90.529
212.519
388.525
155.796
284.557
296.070
334.927
150.014
448.166
306.643
236.688
527.497
61.516
454.053
335.031
52.817
222.469
124.074
582.971
48.286
488.275
11.199
259.451
329.093
90.009
29.898
313.310
156.473
451.709
370.659
151.733
365.815
262.733
225.646
471.086
85.998
60.422
322.687
392.016
582.189
235.335
587.294
233.355
311.487
565.313
78.341
427.228
30.471
387.432
129.023
505.464
110.323
167.412
407.642
77.195
38.180
192.362
462.439
228.875
449.625
367.274
342.740
161.994
133.346
133.763
131.210
468.065
125.272
80.528
102.665
189.341
501.349
177.048
358.419
591.774
61.777
533.539
307.164
418.737
41.098
42.191
414.882
356.752
355.398
432.592
217.989
443.583
474.523
323.832
443.948
235.075
280.651
471.763
121.314
250.753
308.831
364.878
260.545
16.251
478.847
381.807
76.934
36.670
529.059
137.304
28.024
308.726
373.473
62.453
260.284
76.726
185.069
195.851
99.905
9.532
323.937
48.233
39.170
597.972
133.711
370.763
482.389
31.097
137.201
428.894
407.278
177.308
326.540
142.201
151.368
339.771
545.572
433.582
214.655
211.426
458.897
535.831
88.602
391.859
541.196
370.087
164.025
543.800
226.427
172.100
553.125
556.771
116.157
550.729
469.263
305.862
126.834
453.532
348.574
539.529
513.225
208.509
474.159
47.557
365.659
541.873
510.933
523.851
460.251
487.649
221.948
149.962
83.133
190.903
370.920
578.908
344.720
248.721
37.764
562.917
198.299
338.729
245.387
113.291
184.236
461.032
53.443
305.028
481.242
461.189
525.622
510.881
91.780
574.533
432.957
247.627
546.144
417.903
351.127
309.560
384.827
507.860
162.150
587.242
21.929
84.488
59.173
379.358
239.815
492.234
332.896
138.763
279.922
18.283
384.515
245.648
121.782
338.625
103.082
235.282
560.469
145.326
579.377
219.031
226.219
237.158
290.496
458.115
216.062
479.784
273.203
434.155
520.361
524.996
322.009
168.610
324.406
239.814
195.175
319.665
222.989
582.502
111.417
423.424
261.223
257.733
427.280
121.678
187.674
440.770
439.780
32.034
571.303
425.977
21.564
535.519
66.204
310.081
190.539
462.127
512.340
302.528
489.994
482.493
290.496
458.845
19.221
192.049
363.784
10.990
376.337
