214.343
220.072
207.675
197.102
199.654
219.656
194.185
194.757
201.008
196.060
194.809
189.601
191.372
198.665
232.678
197.258
192.622
191.111
224.292
201.009
193.976
193.039
229.397
194.862
204.185
202.831
227.365
190.851
214.134
202.415
231.219
192.466
194.914
200.695
232.522
192.830
191.580
204.238
228.042
198.613
196.633
196.268
226.428
192.206
196.685
201.530
226.531
201.790
201.582
193.820
237.887
200.644
192.102
198.352
225.386
191.684
192.518
189.861
192.778
192.414
189.705
204.967
198.508
194.966
191.841
192.361
190.487
226.584
196.372
190.122
194.393
224.969
192.205
185.174
193.560
233.981
191.007
187.726
197.726
231.272
193.872
199.862
201.165
220.489
195.956
195.226
201.790
221.323
195.591
201.477
205.019
224.448
192.414
194.341
196.112
236.272
198.456
192.413
202.675
230.126
192.362
196.112
192.674
194.341
204.967
190.539
195.487
193.768
193.924
192.153
195.019
210.800
227.678
193.716
187.361
193.976
235.178
196.789
199.862
192.206
230.491
196.268
202.571
196.685
231.637
191.059
191.893
195.226
225.334
202.310
192.987
194.966
227.938
199.289
196.008
199.185
227.730
191.008
195.226
196.372
231.480
190.122
198.508
201.217
216.322
191.060
190.955
193.091
195.643
194.185
204.811
193.820
203.040
200.800
198.716
201.633
191.164
224.188
193.247
200.019
191.215
224.761
198.561
196.633
197.726
224.083
208.926
193.300
194.706
225.541
202.310
197.831
187.726
241.168
197.102
198.040
192.778
230.594
196.112
187.310
193.820
224.604
191.320
207.780
192.258
222.052
203.821
193.924
193.664
221.791
188.663
192.830
193.976
232.834
203.769
195.070
193.039
202.102
197.675
197.831
203.404
196.425
190.747
195.592
192.466
191.529
221.011
192.518
197.049
195.695
238.304
198.247
193.091
191.215
231.116
191.059
193.820
194.341
228.980
191.580
188.664
192.727
228.459
188.872
190.278
191.268
219.448
193.039
197.311
192.362
189.601
199.081
194.654
193.612
190.747
199.289
194.862
196.633
188.091
236.740
190.435
190.331
204.237
232.470
192.622
192.153
196.738
229.605
192.154
196.164
195.643
229.657
199.967
189.289
187.935
224.448
194.861
193.924
189.861
217.468
195.123
190.539
199.133
227.365
213.978
198.664
192.518
222.834
194.341
196.789
200.227
220.854
192.414
195.226
192.882
195.435
194.966
198.092
192.466
192.101
221.166
196.997
191.216
199.654
235.439
197.363
196.633
196.424
222.521
192.310
192.727
194.914
231.168
190.069
193.404
189.340
225.229
205.228
191.580
194.497
216.687
190.174
187.049
197.675
190.799
195.955
195.644
195.279
187.309
199.341
191.477
189.862
188.455
229.084
197.570
194.601
198.144
223.771
192.674
193.195
188.611
227.730
197.831
194.758
192.310
225.750
199.497
198.196
193.769
234.658
195.330
192.414
190.799
232.365
196.112
193.404
191.580
226.323
192.726
200.488
192.465
197.050
191.789
193.143
199.706
191.112
207.467
194.133
198.456
198.716
194.810
203.560
193.404
191.476
197.102
188.351
190.695
194.706
224.657
195.539
191.372
191.268
227.781
199.134
189.393
192.987
231.532
196.477
206.998
194.029
231.323
190.226
194.967
195.539
235.387
197.831
198.508
191.945
222.052
199.185
190.330
190.747
244.085
200.696
195.747
203.040
219.395
187.309
192.726
197.101
232.470
200.435
191.685
195.226
195.122
196.789
201.998
198.768
200.071
196.893
196.425
196.946
194.133
236.011
193.143
198.092
195.852
233.771
196.477
198.820
195.279
224.657
208.718
191.580
199.445
235.231
190.069
194.341
195.435
227.625
197.675
196.893
190.903
223.354
193.872
190.122
198.977
234.606
195.539
191.997
186.840
220.228
195.175
199.498
189.705
189.757
201.217
202.258
191.007
194.185
193.924
189.966
191.893
202.467
202.831
198.612
196.998
194.705
189.653
197.779
196.737
192.727
224.135
190.852
200.019
193.456
227.573
206.009
195.071
191.112
223.771
191.164
193.456
191.320
226.219
193.768
195.071
193.299
226.479
196.112
190.278
194.289
222.104
195.122
199.394
201.477
234.033
187.361
197.258
195.383
199.133
200.905
191.840
195.123
191.477
199.602
204.185
190.539
194.341
222.677
189.341
200.539
192.570
226.740
199.706
193.924
192.257
230.438
196.633
190.643
196.893
232.313
191.945
193.768
195.852
228.042
195.748
192.883
199.966
233.980
196.268
190.278
208.457
223.667
198.196
194.914
193.820
229.761
200.852
189.810
198.977
224.448
193.663
206.686
191.789
189.341
198.508
197.883
189.705
186.372
228.199
193.248
195.226
195.904
230.647
192.101
196.008
190.487
232.261
193.508
195.330
199.550
234.865
194.550
194.914
185.694
221.219
194.549
190.799
195.174
225.646
205.853
193.821
192.882
233.876
194.653
203.456
189.862
217.521
191.580
188.715
194.810
236.324
209.499
188.976
197.415
191.841
196.060
192.050
198.873
193.768
200.279
190.591
193.507
191.424
228.250
192.674
191.216
206.009
235.386
192.153
193.925
200.644
229.657
189.184
190.382
199.759
228.095
193.611
190.852
199.394
224.760
195.800
206.843
206.582
234.449
195.331
205.227
202.206
230.334
194.497
199.290
194.446
224.969
195.018
191.059
194.237
218.510
197.987
187.882
204.185
232.105
195.279
191.163
194.029
193.611
191.007
200.800
190.435
194.549
228.354
195.487
194.758
189.080
224.083
197.675
193.768
190.747
228.720
185.643
193.403
195.956
224.761
192.153
193.456
202.154
220.281
196.477
192.414
196.893
232.261
186.268
195.800
188.663
216.843
197.258
192.674
197.623
245.752
197.674
208.301
191.163
190.174
207.572
204.862
198.821
188.403
208.717
195.747
197.519
197.675
193.872
202.207
194.185
188.351
228.043
190.643
192.310
201.738
233.146
192.466
189.705
190.903
232.521
197.779
194.549
194.185
230.803
195.747
191.685
191.945
230.178
193.090
189.810
194.446
231.428
190.903
201.113
196.789
234.553
198.664
193.611
193.248
223.511
191.111
194.550
194.550
195.487
200.435
204.395
192.883
198.039
193.716
198.769
197.258
193.299
225.854
191.945
196.060
192.257
233.876
197.779
201.737
192.622
226.427
197.727
198.039
194.549
226.687
192.153
194.393
195.226
226.531
200.228
189.341
194.705
227.209
197.466
192.205
192.726
224.916
201.008
210.957
192.570
224.083
193.560
192.466
199.498
225.021
205.488
193.716
194.133
223.250
189.497
193.820
196.320
200.331
200.852
199.133
189.340
189.497
234.293
196.581
203.248
192.935
230.907
199.134
193.612
190.174
231.324
193.195
196.841
212.624
229.657
195.904
197.935
195.852
231.271
195.904
204.134
196.112
228.459
202.676
195.956
204.602
229.449
201.165
187.986
202.155
224.291
198.717
213.770
191.789
223.093
196.165
197.675
190.278
231.532
191.059
201.269
196.789
242.887
191.581
193.977
191.997
223.302
194.653
195.174
198.143
228.980
194.810
196.007
191.060
230.959
187.882
197.311
191.632
196.893
191.476
196.477
195.071
204.654
227.886
193.924
194.028
210.749
218.770
193.612
199.706
190.017
236.845
191.320
196.997
189.810
224.136
197.311
197.363
210.801
229.970
202.675
197.206
196.945
228.615
205.852
207.571
190.904
229.761
195.539
191.007
188.768
225.281
190.695
192.518
190.434
233.876
193.196
192.883
195.956
233.147
198.769
196.424
193.091
188.924
192.205
194.914
189.549
199.550
223.250
199.862
191.580
199.862
229.657
194.393
196.946
200.228
223.458
194.081
196.632
196.737
226.480
192.934
194.393
199.393
221.479
205.071
198.613
189.862
228.147
192.362
201.269
203.300
227.521
192.882
197.831
201.373
224.239
196.476
190.903
193.247
224.084
193.195
201.373
196.476
219.708
194.446
196.685
203.926
187.570
192.050
206.634
192.570
200.904
195.800
194.705
196.372
191.581
234.605
199.967
192.727
186.164
222.885
196.425
198.508
194.810
233.928
196.320
197.101
196.477
230.543
188.351
195.539
190.122
224.031
202.728
189.966
204.602
227.834
194.966
201.582
196.633
218.666
194.914
193.716
198.144
226.376
185.799
192.413
199.863
199.081
195.330
192.883
197.102
194.758
227.677
196.060
198.560
192.778
227.677
192.206
194.289
193.612
221.843
193.716
194.966
196.372
223.927
194.498
200.957
207.624
228.354
201.685
197.102
203.144
231.272
203.144
195.122
192.205
233.094
198.977
194.237
188.820
233.563
195.487
191.476
195.539
224.708
193.143
194.705
191.320
234.657
200.748
195.487
197.779
217.728
195.331
194.237
194.341
194.706
199.185
196.477
190.747
193.195
238.928
201.009
195.070
194.081
227.834
193.559
198.560
198.508
