1789.959
6743.911
314.873
5907.947
4330.873
5178.087
1775.635
5011.718
19.533
4365.825
7779.372
5122.614
3331.353
7956.368
6438.257
1741.100
5515.151
2982.778
7035.293
2663.530
3077.110
991.864
3058.255
4864.152
7245.937
761.738
2675.771
6454.352
3352.604
1712.764
4047.045
2999.082
118.084
64.590
2871.466
2109.468
8230.352
3362.241
2332.405
646.987
3848.745
913.575
4334.572
983.061
4340.405
3788.478
6153.544
7040.501
7410.171
1476.804
7719.836
5880.706
5781.426
2006.281
133.345
128.710
3170.556
1491.025
6536.548
561.875
436.655
7837.451
7570.238
1671.458
2827.087
6142.240
7127.541
6535.402
5343.832
3498.712
1422.008
7251.198
3770.509
5083.964
6766.673
5923.678
127.252
5295.338
5367.324
7044.460
1925.023
6546.652
3674.093
7842.347
1712.764
7306.047
2711.607
6163.023
5858.152
6233.916
823.879
4140.699
8093.673
3214.259
2431.946
4239.979
1370.544
727.725
4832.014
4957.078
6348.510
6894.915
2516.849
4123.979
5895.343
2512.579
1534.206
924.461
3640.861
7205.413
541.665
5407.588
5697.355
338.208
3135.501
6921.949
2932.773
2164.108
2224.479
367.691
5809.292
3097.269
3463.501
3453.499
3505.535
5534.683
6948.722
1054.265
117.980
96.259
6665.101
4633.402
1495.609
2359.075
6020.354
1324.290
2312.924
1488.524
2041.284
1400.912
649.592
2087.591
3077.839
7770.100
6784.696
7360.896
519.997
3621.484
7373.657
4291.859
2381.472
4249.563
1279.234
1190.320
3868.850
6586.656
521.820
4606.315
5707.617
4866.079
6497.951
831.328
3747.954
4223.676
7321.309
1391.640
4660.383
2374.493
2151.243
170.640
594.639
7519.140
7147.230
4234.457
641.154
6982.996
6633.588
4999.217
4812.220
2631.547
3044.659
136.628
7116.133
7060.816
7358.499
7005.342
7922.979
3948.598
398.318
3855.673
2631.548
7145.042
4847.068
7557.997
2465.074
3862.861
3147.689
7232.655
5909.250
4181.224
6445.810
5086.777
1598.691
1235.219
6184.431
931.910
39.640
4337.801
1356.169
3997.665
549.895
3796.709
1116.614
342.428
1347.730
2418.507
5328.206
2314.018
197.987
229.970
6654.997
6937.731
186.163
3426.778
8043.824
6779.123
4641.476
1217.353
4660.071
1936.587
3725.608
2562.843
7004.196
3664.822
4834.046
2900.063
6944.815
5606.669
608.911
2174.318
7133.636
4220.342
2424.133
489.108
4819.096
6503.368
5939.721
1702.398
6812.146
794.501
868.518
5077.974
744.028
3976.830
4303.318
550.729
4893.165
950.036
225.281
1004.365
2102.176
4588.918
4809.407
7095.767
4823.731
4769.039
3392.348
4656.685
5057.608
2601.909
1347.053
8117.164
7035.345
7136.552
3379.378
170.329
6686.510
7001.383
6981.902
1941.067
1463.835
6202.194
1962.631
7688.427
7902.041
293.726
5112.561
6397.316
2193.018
4915.199
4697.209
5220.071
7426.006
7091.600
6592.856
865.758
3069.037
1114.428
5432.904
3957.453
3229.781
1221.573
1207.457
3854.006
7200.673
4948.952
1293.506
4799.094
5813.303
5025.469
2407.777
2513.151
3089.612
4098.560
5379.201
1343.876
636.102
8084.610
5952.535
2369.544
5821.482
1917.471
4120.906
145.691
969.622
1461.907
1337.677
442.593
7143.688
6712.449
650.581
197.049
7621.285
4030.012
2042.795
837.005
2160.514
2505.598
4786.020
6124.010
761.581
3530.121
2204.477
5327.841
8035.855
5534.892
4573.969
106.833
7010.343
7346.780
5238.718
7722.128
1995.031
3072.995
3806.658
4116.790
237.783
5271.169
195.174
7380.898
527.132
6521.963
117.407
6643.225
565.053
1033.742
465.512
7420.120
5885.550
2239.585
3243.272
96.259
2754.424
281.016
6148.387
1103.957
3001.947
3696.700
2306.152
7373.813
6995.028
4593.397
4464.375
2802.918
5718.502
4884.987
4112.832
3079.872
4496.826
4104.029
1628.330
5125.426
3966.100
2823.441
4763.101
2358.450
1064.058
369.879
3746.444
2745.517
30.055
5603.648
3937.815
5175.848
914.461
1888.301
141.315
1334.083
6287.879
7904.072
4436.300
1301.944
2652.123
3071.225
4019.229
812.211
1084.112
3746.183
4648.872
1313.456
6806.522
7248.750
4994.008
468.638
5363.209
3592.054
2254.221
5186.891
666.781
7242.864
3239.522
3917.241
3347.605
5746.370
1689.168
5243.406
281.745
2762.393
3428.080
1884.134
6660.466
7568.259
3252.127
523.121
1533.945
4846.859
4666.738
1524.674
3292.079
7111.185
900.188
917.429
744.705
6309.443
6524.203
3156.858
3324.893
7561.279
3738.110
4601.732
896.542
2220.416
372.275
2482.472
7649.673
2981.893
179.288
928.629
5336.227
5877.789
3565.125
2688.949
6265.325
7035.918
4135.960
7475.698
6105.831
663.187
4891.343
2661.030
4521.100
4412.183
5476.918
2164.213
7388.295
1241.054
2461.845
156.473
3577.939
7594.772
2791.250
7560.238
3436.154
1005.511
1189.225
7237.239
5213.404
5883.362
743.350
6114.165
7636.442
6958.515
5529.736
526.299
1203.185
1450.553
346.126
4213.207
6190.370
6742.973
6838.607
7006.227
7621.285
1910.648
2037.846
6896.999
1620.724
2048.993
5229.291
7682.749
1031.971
6814.543
7168.118
840.808
2622.173
5011.406
943.943
4529.538
317.947
4094.029
1793.397
1579.263
1592.180
1981.695
4321.237
551.718
6738.025
7887.976
7555.029
5856.850
5073.339
4013.812
5280.077
2631.340
4904.677
3112.947
5889.144
2695.043
1962.632
5092.819
1208.759
1874.550
145.587
1112.552
5354.719
3775.926
1574.418
7148.272
438.947
521.663
69.538
7380.742
1064.110
2677.282
4552.144
4389.577
6794.905
4090.331
2392.307
1613.536
1591.815
5084.069
3803.689
3731.963
312.842
2477.836
874.561
2523.569
164.182
6762.507
3170.765
1769.801
3608.202
3268.275
183.923
2627.329
7794.113
3673.937
8089.038
4020.219
1628.537
7763.955
1006.501
6397.056
6168.910
6882.882
3523.663
630.841
2682.490
2747.965
357.012
260.024
4390.723
4665.800
522.080
2054.983
7053.419
4816.701
3625.547
2504.922
2619.672
3677.843
489.317
7608.054
6622.025
5771.008
5487.544
1325.019
528.748
1131.147
1567.178
3815.617
2717.858
4206.279
5590.575
1400.964
1006.396
3493.295
772.989
6569.885
1071.975
4813.002
1201.571
1602.754
2899.594
960.975
3916.512
7441.060
6977.527
999.937
7598.053
5983.788
5087.298
4210.341
1744.486
7778.383
2763.018
4747.162
2870.112
75.840
1724.432
8039.866
2052.431
6452.165
5544.685
3129.667
2788.126
6144.116
1326.269
7058.681
4865.142
5818.044
3366.408
1450.292
6174.795
694.179
3796.292
4884.050
7457.728
2499.608
812.732
6890.175
1382.525
1379.139
4233.781
5258.564
1081.195
4026.626
3857.340
7019.302
234.709
2872.144
5406.599
4205.028
6567.645
7881.987
2722.077
3747.485
7205.048
4662.102
4430.309
7974.964
7638.474
3609.296
2628.996
1251.992
766.425
2615.244
1511.339
6670.935
5859.193
3696.803
4897.958
6734.900
3575.334
3479.492
7184.734
7544.820
2824.118
4319.726
768.822
1550.249
547.916
963.267
5263.200
334.615
244.866
2229.375
2416.424
7327.820
4309.517
2577.793
5650.059
342.689
1118.126
6868.142
5257.783
7673.165
4655.175
6848.348
4973.746
1448.104
3029.346
3299.632
5241.115
787.365
4302.746
2304.746
4817.846
6481.022
525.465
5983.945
1075.309
646.831
5322.008
928.889
6595.043
1679.792
3949.849
5277.577
35.211
1044.160
2823.493
6410.912
6832.774
6044.420
6765.111
4054.441
7067.848
5495.514
3195.455
4709.398
7637.016
1328.197
2309.175
5418.944
4227.114
3469.543
5416.287
3329.217
3984.071
7851.307
5720.899
1665.311
4584.231
6206.621
3152.846
5180.015
8059.242
384.306
4067.308
4950.619
54.953
1010.719
1872.102
2988.665
4358.376
6763.289
160.432
6313.090
7002.113
3948.233
3660.863
2168.692
1343.875
4587.200
4770.238
4189.715
3915.522
750.435
7055.347
6372.731
6303.662
8015.697
4822.795
4171.171
2668.114
4736.068
6263.085
6270.430
2801.459
6899.551
7322.820
7570.447
3493.399
3327.811
3617.838
1139.638
3708.315
4880.248
6366.324
5845.963
7568.676
6802.407
5140.741
1550.457
8153.158
3474.127
6031.137
5817.575
1062.808
5761.684
4288.317
5701.314
6689.323
5777.988
2117.073
2863.653
7495.492
7656.237
1196.518
6967.683
7454.916
3890.832
1733.755
4239.407
3665.134
7576.854
4626.422
7044.461
993.374
6664.165
6598.637
3975.893
6830.899
1993.676
6392.629
528.227
3597.523
4568.917
122.042
5034.273
747.882
3315.466
4461.094
5198.819
4351.396
3100.186
8029.553
4336.551
4636.683
932.222
7306.464
2753.903
3461.938
2729.890
627.350
1404.559
2331.051
7674.311
5979.830
283.047
372.431
3694.304
6280.535
3890.728
6203.132
6413.307
6405.286
604.952
419.049
335.240
480.253
4419.163
698.191
2916.992
325.395
6964.141
1600.046
7197.808
3362.918
1043.743
4693.407
238.148
7946.159
6535.819
4509.431
2271.566
554.687
6922.470
1175.527
3583.512
5619.275
7686.448
2513.256
582.398
4349.886
6557.748
2640.090
6791.989
976.341
4611.525
1910.960
4429.997
3337.239
1564.000
3611.692
5715.951
1319.447
4714.607
7249.688
5212.154
3854.736
7969.964
153.608
3712.534
1407.059
380.556
7947.461
1132.189
2054.723
1661.197
5459.156
3022.001
1458.938
2229.063
795.022
894.042
7286.775
7888.706
6106.717
1459.303
5857.422
4099.185
3509.130
2130.460
367.222
7235.416
2672.073
7554.300
2648.529
3298.798
4436.717
7748.902
4931.555
3558.666
64.798
2562.427
4285.089
7429.549
1083.747
993.687
1428.988
4135.179
3517.152
6969.245
1955.547
5007.135
3222.228
5177.463
5925.815
1283.505
4732.421
6563.635
1915.231
2904.594
2263.545
2946.109
4969.267
3804.887
5100.320
5983.164
2020.137
180.121
5400.036
5017.344
6829.024
7970.068
927.639
1623.172
