32.139
22.554
2473.721
396.807
3019.137
3358.803
2669.052
52.869
27.138
3482.253
1374.139
822.420
2510.495
1955.339
941.129
1083.956
912.846
2177.756
458.689
2921.992
317.738
810.388
3565.489
634.382
83.237
648.029
248.096
2135.408
1484.045
2088.529
2906.834
419.258
1438.156
638.914
3160.764
2146.503
1249.857
3210.612
1165.630
3113.572
476.971
2275.838
653.030
3367.450
55.265
1863.507
798.200
2063.786
2983.769
1315.435
2481.065
2002.687
2432.623
635.789
1779.334
2895.896
2759.893
352.064
692.408
3473.398
2820.681
887.062
772.677
332.792
142.774
871.123
1388.985
716.109
2155.775
613.442
256.326
1920.961
1076.767
869.248
3195.611
1982.425
2449.864
155.275
656.936
2660.144
1290.642
847.163
696.106
2978.873
624.642
1008.010
1361.846
3355.470
1619.787
2934.545
1245.012
1056.922
232.105
2349.595
1024.835
2779.583
79.174
889.771
62.194
1618.641
657.874
458.741
2826.722
2401.943
200.071
3432.821
2683.689
1589.420
2490.702
3055.598
3192.694
1894.240
3145.606
316.228
3075.861
631.153
1332.572
1450.188
1328.510
2468.043
685.949
1254.024
2852.819
1409.819
2742.652
120.949
2176.506
1360.283
2340.427
155.379
1380.494
3383.650
396.964
1839.495
3027.888
120.845
678.554
3348.386
2550.603
2271.358
2509.609
2900.219
803.460
2530.966
2721.088
1550.822
1232.250
1074.944
3130.397
3113.468
2427.623
2522.684
2688.898
370.972
1083.591
3269.524
180.329
2340.271
2486.900
1221.729
3156.128
1253.347
1580.356
2024.512
2415.590
1020.564
1722.036
2317.247
2725.724
764.655
3056.223
1696.460
1563.427
938.629
1694.273
3191.184
792.886
2613.734
1498.890
2846.933
3075.496
1664.895
2049.202
3288.849
1932.993
1077.236
881.906
3350.939
3120.709
754.081
1407.684
2517.579
1990.707
2335.322
2656.238
325.447
3221.447
428.217
2980.591
2940.275
958.943
2976.789
954.151
657.301
1393.255
980.873
2523.621
2306.934
3104.718
2354.282
3428.810
774.968
3354.844
1359.033
1245.273
3505.849
132.773
844.141
2661.603
1993.155
2227.917
2467.678
1806.002
1915.856
3055.442
3235.928
3038.148
3137.065
3540.332
3007.626
1259.388
2807.710
1396.797
2217.186
3110.604
2557.427
1523.007
1626.454
2051.130
3253.117
2414.653
2357.461
969.049
2085.091
3149.617
1722.973
779.656
3096.592
1853.247
2643.633
467.127
1862.987
109.698
530.466
3007.364
1521.132
2345.063
1808.190
2959.079
1620.464
2323.342
1504.307
1339.813
587.086
3408.235
3156.389
2531.487
2957.516
44.275
662.875
129.595
516.663
1135.992
1447.843
1846.162
2047.743
2657.540
2932.827
1577.960
1406.746
1253.398
1279.443
109.490
2789.532
869.196
1085.466
2690.772
3345.677
3542.988
2311.310
1252.930
3232.437
2137.752
2777.187
2895.948
2203.800
1256.055
454.366
2766.353
473.638
805.700
2861.466
3014.813
1537.123
109.489
2717.025
2872.769
496.609
1060.515
1040.618
1209.957
1463.991
3155.086
3123.782
2844.276
964.673
2293.808
1239.283
707.931
2993.769
1518.267
2936.316
1993.363
3022.574
3097.113
3380.212
1405.340
1707.295
91.987
2074.308
1417.529
1059.787
3509.755
1975.549
2435.384
1822.618
3288.589
3266.973
1145.785
1661.405
1487.431
603.442
2755.310
904.043
1918.304
194.081
631.257
2097.644
234.709
2989.290
1315.018
2155.723
3410.892
2416.320
1511.496
574.845
72.454
2680.615
571.043
2315.008
2523.674
624.642
633.862
3306.976
112.615
2736.610
3013.772
3268.014
3364.013
1552.957
1073.642
2531.383
2224.531
3221.968
291.798
3318.956
2875.321
2604.983
2157.649
3029.190
2977.622
352.064
2738.590
2833.651
3435.738
215.437
743.090
1027.180
2012.636
2892.510
3183.683
1541.342
1695.679
2269.275
2788.646
843.360
352.116
2710.670
1522.746
1067.131
668.187
3109.822
2023.627
1749.070
1887.417
1155.368
1880.072
2912.929
3083.205
878.259
692.096
3452.198
1362.732
1611.766
186.215
3099.717
1627.235
2190.413
3231.083
2291.360
249.919
484.368
743.559
567.813
3059.140
2765.519
3183.162
283.829
197.518
3234.521
1799.491
1235.011
1856.528
1163.443
155.640
1088.383
1907.418
1835.797
1442.270
2872.925
1825.535
870.237
2474.398
1859.445
1646.248
3112.322
2571.022
1860.799
302.216
2514.454
978.321
228.094
2719.629
356.700
2748.643
976.966
2179.787
2490.546
560.261
312.060
1154.483
1144.951
367.170
711.994
2477.524
2427.675
2059.516
3226.552
1869.446
3121.178
1541.081
3569.344
2245.366
2809.429
2629.256
269.400
486.920
764.603
3082.841
357.742
1223.604
337.323
1212.822
2965.329
2051.963
40.890
1305.434
3368.701
849.142
656.364
2073.996
3053.202
904.043
427.227
3024.605
590.055
2183.329
3555.801
3202.487
3188.111
1306.424
283.360
3511.683
3222.801
3247.752
1415.758
3566.635
2579.721
882.479
2295.788
2336.573
2156.452
58.912
674.438
488.379
796.845
25.106
3001.166
996.082
30.159
2033.941
260.337
2315.633
1554.937
3435.582
2259.325
723.922
1512.641
406.861
3529.341
2350.376
1640.414
1270.484
340.709
2614.359
1592.441
3419.174
136.107
260.441
38.285
300.393
2255.471
1643.070
2674.052
2364.961
1713.493
2251.356
3033.461
3521.476
200.852
3555.697
1893.927
2462.418
1158.963
1413.831
1115.834
828.880
1453.208
2088.372
590.420
2150.201
2521.173
3413.913
396.756
754.133
27.815
665.635
3471.939
909.512
1232.511
222.573
3134.564
371.129
430.145
146.055
371.337
2591.909
2091.394
3238.793
291.590
74.070
3181.027
2555.396
1254.909
291.955
2378.243
1723.599
33.336
1680.730
2706.191
3232.958
541.874
1787.042
2093.165
1313.821
1699.951
2997.728
495.619
1287.985
1516.079
1609.056
1335.698
1646.248
2027.585
299.039
1087.185
3235.250
708.400
2624.777
1907.053
938.994
870.759
371.493
850.809
454.469
2785.104
1901.896
154.754
350.658
1306.320
3356.408
1669.583
1873.457
1592.805
1969.403
189.080
3345.470
2020.137
2547.426
1900.750
272.526
528.279
1612.547
3178.526
1649.894
3148.263
650.165
503.016
69.589
83.028
2171.609
1457.272
937.379
940.036
487.285
3131.230
1067.443
1550.822
641.154
760.228
1182.038
1372.107
1690.106
1484.514
2583.315
297.371
1610.567
2961.475
498.171
2825.108
3079.246
681.522
879.405
3293.173
997.124
2148.638
1511.860
2295.162
488.431
742.466
1667.292
393.683
428.218
2611.442
1539.259
1185.632
1578.793
481.451
1250.064
357.533
178.142
124.074
72.246
3334.582
2061.234
1196.779
3407.193
1156.723
1392.317
36.045
610.005
1015.251
707.827
822.473
545.312
62.298
495.255
3480.586
3279.682
3081.174
1458.105
1585.096
3210.769
503.120
2596.129
2804.324
3025.231
1883.509
2319.384
1475.034
2136.189
2720.984
2456.271
869.717
1396.953
976.654
1361.326
3358.544
3518.142
1163.598
469.211
674.230
2211.405
472.388
545.155
1043.483
404.777
2772.655
1055.619
2061.547
2523.986
634.279
3510.693
2053.161
2098.113
246.012
1376.066
1918.513
483.587
2592.118
1482.847
701.941
3559.187
269.348
938.369
487.650
977.539
3375.837
3092.633
529.632
215.645
1250.117
1955.287
2650.925
657.406
359.982
1911.898
1237.407
1550.978
418.893
3220.458
249.606
1573.064
2513.569
314.300
257.367
3322.238
3338.281
177.829
3574.762
3521.318
2303.810
743.090
2608.213
3448.396
260.806
113.396
1408.048
3285.620
1043.431
643.654
415.248
1101.614
91.363
3158.421
3255.513
3330.207
1123.855
937.536
702.253
3191.548
979.779
2977.622
1088.227
1100.468
870.602
2551.176
2802.867
2924.232
423.217
3019.085
155.275
2979.445
2043.785
3013.980
746.424
2725.463
1381.432
1572.752
1746.362
2779.635
1661.770
3023.720
3303.798
2922.409
1137.085
769.134
938.838
2653.686
1321.217
2267.035
1365.909
1503.006
3178.370
1040.462
2224.322
2952.099
482.910
2632.851
2371.785
2953.662
2089.362
680.897
3462.199
2823.546
3212.072
3407.767
1438.624
3331.562
1043.692
1114.271
1325.176
1226.313
234.657
1085.049
768.092
1403.777
1510.715
3457.199
810.284
2264.952
3273.536
1290.589
2850.058
2444.812
1588.117
55.578
1458.053
2354.751
2953.037
2106.134
555.625
2555.083
3520.954
1941.380
117.772
510.517
937.640
420.456
1135.367
932.744
147.410
1007.074
586.721
1900.386
333.937
98.290
869.508
1006.708
3429.904
3484.545
1884.239
25.106
1517.173
350.762
3069.194
2132.387
1559.313
1614.578
1150.056
2862.299
3278.068
1176.829
2408.611
3565.438
3251.398
1313.091
348.939
1574.471
933.369
659.125
2285.787
1236.678
3103.415
2674.521
327.062
1526.445
2825.525
769.083
979.623
1825.640
2327.040
1514.152
1086.873
2138.846
330.760
888.520
1612.182
3541.373
2613.995
132.616
2711.139
601.150
316.852
2303.237
3561.271
2527.007
3410.059
870.967
146.316
739.705
1415.966
350.605
3408.600
2773.124
385.036
911.700
2582.481
636.466
3204.831
3453.761
2242.658
2460.491
1708.910
3511.631
167.047
1709.014
129.751
382.327
2928.243
896.751
1609.890
734.965
3083.517
2013.105
3130.709
1816.993
2591.597
370.972
1412.319
2980.070
1482.743
1142.763
2888.343
1741.621
2472.523
1427.113
949.777
3140.919
2747.965
1027.700
2105.093
2804.273
958.996
2111.761
2074.204
75.892
3296.976
688.294
3004.395
3164.411
1067.547
494.525
1396.485
782.469
2742.027
961.028
931.077
1378.097
3075.131
2120.459
2480.544
2121.969
470.356
1709.431
3222.176
63.548
3055.494
972.279
1358.981
