66966.789
66780.574
66975.331
66903.085
66965.279
66952.204
66696.763
66876.937
66900.585
66944.182
66811.566
67011.481
66838.443
66997.208
66728.121
66820.997
66886.211
66905.171
66727.914
66693.796
66892.982
66962.781
67005.701
66849.488
67026.901
66707.288
66857.562
66890.169
66921.162
66756.928
66912.465
66804.486
66756.930
66753.752
66915.486
66930.539
66804.851
66774.640
67028.622
66629.782
66897.984
66876.941
66721.666
66851.105
66884.963
66910.592
66903.040
66797.092
67026.905
67085.192
67005.497
66788.497
66791.050
67248.124
67012.893
66903.508
66906.686
66947.940
67091.442
66816.677
67168.587
66830.535
66868.299
67063.317
66966.641
66737.140
66970.391
66830.586
66929.398
66933.201
66924.189
67186.037
66921.011
66788.551
66795.792
66909.710
67097.176
66963.466
66930.962
67036.493
67107.698
66911.325
67016.439
66967.945
66845.121
66873.145
66856.685
67100.093
66906.741
67064.413
67025.036
66885.284
66790.483
67158.851
66961.384
66911.484
67088.531
66948.883
66939.560
67035.297
66892.263
66871.220
66795.431
66981.594
66914.870
67064.105
67052.906
66989.462
66833.197
66906.537
67060.145
67047.332
66961.595
66986.441
67086.242
67072.387
67009.308
66862.419
67116.870
67105.307
66893.778
66982.953
67088.588
66911.748
67005.299
66932.896
66899.976
66879.506
66980.557
67044.730
67180.784
66921.333
66866.119
66859.399
66784.446
66998.582
66868.465
66968.631
66886.228
67005.249
66996.082
66932.482
66778.613
66781.582
66883.935
66770.383
66881.956
66986.237
66802.522
66867.685
66953.683
66989.259
67117.605
66895.397
66904.773
67041.088
66963.685
66937.224
66942.849
66997.125
66999.625
66975.456
66923.369
66858.310
66885.345
67189.124
67076.093
66891.180
66973.687
66954.624
66811.381
66976.032
66921.287
67059.997
66960.093
66998.899
66894.461
67049.268
66837.477
66857.793
67155.999
66934.259
66843.677
66985.045
66929.831
66821.696
67043.279
67073.855
66934.311
67104.119
66996.192
66815.393
66926.341
66875.972
66858.055
66843.992
66917.019
67138.759
66910.457
66973.691
66893.215
66983.692
67103.183
67081.254
67051.616
67131.050
67104.850
66962.388
66815.136
67049.274
66938.430
66939.628
66947.285
66924.939
67075.943
66968.381
67000.467
67118.863
67140.949
67053.180
67102.924
67025.365
67046.201
67206.111
67081.883
66908.377
67067.454
66986.457
67033.336
67097.197
67023.596
66999.635
67152.410
67144.597
66955.204
66990.156
66996.198
67040.368
67139.753
66900.878
67051.622
67072.457
67051.152
66965.207
66968.593
67066.779
67040.058
66811.860
66916.453
66780.398
66873.376
66685.442
66878.741
67032.714
66902.651
67051.571
66960.990
66906.453
67081.418
67005.421
66895.098
67021.881
67079.282
66966.616
67041.571
66933.384
66929.008
66980.992
67103.087
66917.290
66960.107
66929.479
66901.351
66932.084
67055.272
67014.695
66892.497
66952.554
67083.661
67000.527
66997.402
66829.834
67004.746
67098.610
66891.352
67060.170
66949.483
66959.849
66971.672
67115.436
67018.187
66859.787
66972.871
67043.815
67086.371
67098.611
67059.753
67083.610
66891.718
67038.816
66879.582
66877.760
67125.803
67193.102
67025.430
66928.650
66982.717
67006.625
67036.784
67001.885
67143.982
66879.009
66962.090
66941.516
67027.567
66977.198
66931.204
66903.180
66921.567
67072.779
66955.738
66913.754
67062.935
67015.066
66998.815
67035.068
66882.970
66928.443
66827.341
67040.330
67173.103
67084.189
67083.460
67074.083
66796.662
67150.394
66852.709
67307.595
66958.969
67114.088
67100.597
66973.293
66825.519
67102.994
67077.940
66872.504
66912.144
66846.408
66930.479
66719.782
66988.141
66957.461
66985.692
66763.745
66675.142
66674.048
66761.505
67020.279
66946.210
66944.179
66801.770
66981.996
66680.301
66931.419
66964.442
67000.175
66977.412
67096.538
67017.155
66972.776
66971.526
67046.533
66878.601
67048.149
67064.505
67052.838
67088.831
67088.935
66952.672
67099.561
67029.346
67002.624
66927.826
66990.228
66969.236
66811.513
66923.607
66892.354
66893.085
66889.179
66872.146
66926.265
66998.512
66761.458
66865.999
66936.006
66831.205
66893.294
66834.069
66872.562
66983.719
67053.153
67147.589
66930.851
67032.684
67143.632
67147.278
66975.959
67031.173
67084.825
66812.455
67092.950
67206.294
67197.595
67077.948
66951.010
67071.281
66937.362
66785.996
67078.055
66954.658
66956.325
66932.260
66998.412
66972.733
66922.936
66933.979
66856.888
66888.870
67077.691
66964.763
67089.566
66925.540
67280.211
67042.012
66935.230
67058.054
67090.558
67160.096
66906.374
67111.602
66974.714
67244.739
67090.297
67096.079
67157.283
66842.982
66699.271
66988.259
66972.684
66875.540
67144.263
67151.087
67109.052
67043.889
67002.530
66718.441
66951.692
66944.765
66967.944
66997.322
67069.621
66889.760
66779.751
67004.356
67085.613
66864.811
66993.313
66868.614
66990.656
66985.812
66872.260
67046.027
66949.246
66932.891
66961.227
66906.482
66976.020
66967.480
67007.171
67022.953
66859.812
66959.301
66967.062
67049.778
67038.892
66873.617
67040.872
66977.585
67000.190
66833.977
66973.886
67017.276
67020.976
66983.212
67058.271
66949.563
67110.932
67003.214
66921.956
67088.587
66929.717
67010.767
67045.041
66945.292
67016.184
66967.742
66871.067
66909.926
67049.002
66857.056
66817.521
66981.182
67068.587
67105.882
67042.699
66966.910
66826.897
66945.710
67039.104
67157.293
67054.106
66998.373
67085.882
66993.217
66977.434
66844.505
66947.015
66895.968
66769.341
67082.340
66940.243
66966.131
66888.832
66802.574
66864.872
67129.844
67015.251
66884.355
67012.960
66973.373
67016.138
67095.833
67000.824
67015.773
67047.339
67144.744
67121.304
66980.248
67034.368
67068.746
67011.710
66960.717
66860.031
66935.455
66969.260
66808.203
67052.705
67006.919
66908.056
66950.352
66917.537
66989.627
66951.029
66898.680
66882.221
66999.002
67032.028
67016.610
67035.205
66927.383
66954.105
66789.974
66930.978
67135.423
67029.424
67036.456
67090.211
67118.547
67023.903
67079.637
67047.029
67103.391
66875.401
66915.925
67164.751
66897.173
67074.430
67046.563
66927.593
67069.794
66952.491
67009.320
66814.562
66886.756
67122.768
67044.531
66984.840
66876.497
66804.407
66755.652
66915.042
66919.261
66863.527
66996.872
66803.053
66973.537
67092.350
66988.903
66971.245
66759.767
66970.829
66948.484
67050.682
66905.668
66967.184
67078.602
66965.465
67008.386
66970.154
67049.067
66899.001
66895.824
67156.056
66968.955
66904.731
67052.766
66997.189
66865.614
66960.988
66761.125
66883.324
66979.062
67083.187
66971.405
66797.795
66945.465
66938.851
67131.213
67010.420
66959.738
66938.850
67013.703
67034.434
67019.537
66996.410
66713.310
66994.483
66942.759
66820.247
66929.529
66872.075
66978.335
66781.389
66894.057
66862.283
67112.202
66940.156
67026.519
66957.918
66872.285
66884.526
66948.490
66917.393
67049.854
66952.293
67117.153
66945.574
67022.820
66834.990
66735.397
66798.476
66768.059
66954.900
67004.435
66866.453
66868.589
66994.590
66916.718
67067.358
67061.263
66990.892
66983.652
66897.029
66856.036
67111.841
67048.138
67071.371
67027.981
66920.002
66904.688
67093.299
67043.972
67058.974
67014.126
67081.945
66957.298
66971.986
66958.496
66983.237
67032.930
66899.949
66979.281
66992.199
66895.731
66783.429
67115.491
67090.280
67164.246
66785.513
66872.708
66996.939
67155.026
67166.225
66885.469
66955.997
67068.613
66970.636
66970.271
66808.589
66868.960
66884.951
67027.360
66945.738
67011.786
66941.310
67063.926
66939.331
67026.630
66978.658
67103.826
66976.106
66881.879
66974.127
66968.502
67010.850
67060.229
67004.287
66776.192
66867.399
66948.291
66937.249
66676.443
66812.498
66972.304
66944.698
67144.874
67113.049
67195.661
66730.148
66971.473
67068.149
66964.702
67176.961
66937.146
67096.173
66967.514
66999.288
67032.677
67009.080
67095.078
67164.045
67085.496
66986.268
66939.649
66970.798
66947.462
67028.512
67093.206
66947.150
66886.363
66942.826
67133.366
66891.363
67054.764
67052.263
67150.139
66864.696
66881.833
67024.711
66956.267
66968.768
66960.487
66798.023
66912.461
66807.347
67060.235
66946.214
67076.486
67062.058
66973.300
66866.781
67002.940
67005.389
66790.368
66997.210
67083.573
66951.686
67051.591
66872.615
66786.565
67129.566
66897.982
66857.979
66815.683
66929.808
66930.018
66954.083
66928.924
66849.073
66901.943
66732.969
67045.863
67014.088
66948.978
67091.544
67065.552
67088.940
66950.593
66894.651
66874.597
66935.177
66923.978
66982.161
67022.425
66993.307
66961.586
66995.131
66973.879
66993.985
67078.420
66975.441
66850.221
66905.434
67026.592
67032.635
67007.061
67137.281
67208.851
66946.118
66886.789
67049.409
67100.871
67021.229
67021.541
66978.256
66812.563
66964.452
66865.589
67030.553
67195.829
67019.199
67063.630
66972.528
66998.780
66855.017
66947.161
66987.477
66963.569
66987.842
67046.702
66993.728
66999.301
66728.234
66780.895
66975.601
67085.613
67074.467
66808.869
66941.590
66703.859
66923.046
66969.873
66854.185
66873.666
66874.760
66815.796
66983.729
66852.675
67031.441
66951.643
67088.793
66899.191
66881.169
66977.896
66790.483
66751.834
66987.481
66827.674
67006.597
67084.209
67011.441
66916.277
66910.755
66931.382
66981.908
66725.062
66790.120
66791.839
66857.835
66940.031
66802.049
66749.335
66886.900
67005.349
67133.903
66936.072
66829.239
66884.348
66847.574
66755.326
67064.679
66878.724
67118.331
66994.517
66855.858
67071.868
67023.530
67022.437
67036.084
67023.322
67133.280
66851.690
66803.561
66954.878
67096.507
66894.665
66948.680
66974.986
66939.618
66995.457
66840.025
66976.392
67022.177
66918.365
67030.355
66778.300
66991.393
66959.463
67000.196
66967.747
67094.895
66932.379
66874.301
66979.571
66919.357
66861.539
67012.648
66918.992
67092.603
66892.532
66956.444
66983.269
66788.042
67114.949
66985.302
67028.119
67086.667
67063.175
67086.718
66918.161
67121.410
66846.175
67097.188
66854.196
66915.765
66949.987
67046.610
66962.384
67197.927
67083.438
67163.238
67040.570
67015.099
67078.386
66980.356
66956.083
66918.319
67101.410
67142.351
67061.093
67015.152
67058.801
66963.792
66876.961
67056.250
66943.167
67046.197
66993.692
66882.745
67083.024
66907.487
67063.804
66814.040
66827.583
66942.751
66988.120
66991.766
66936.552
67117.975
