605761.433
606983.584
605728.513
605717.679
605331.911
607122.452
605719.346
606033.074
605760.391
605722.940
605883.685
606979.574
605581.259
606736.946
607014.108
606676.731
606921.651
605419.941
605135.643
605716.117
605743.724
607205.378
605917.073
607924.511
606124.959
606139.752
606347.949
605712.679
606034.637
606870.761
605862.902
606639.489
606332.219
606143.398
605972.027
607792.102
605856.859
605914.365
605620.066
606122.199
606393.475
606065.735
605399.106
605545.683
606126.366
605208.463
605177.210
605934.732
605706.689
606580.316
606184.496
607008.639
606503.694
607404.616
606754.865
606079.017
606997.025
605896.291
607027.913
606233.095
607104.691
607071.199
607058.750
606115.166
607345.600
606351.128
606983.690
607582.708
605894.208
606817.892
605936.087
605952.807
606458.274
606210.385
605800.189
605847.537
605820.711
605479.479
606759.918
605697.418
606928.216
605275.710
606786.900
606606.309
606001.459
606876.596
606243.357
605039.437
605691.219
606312.218
605603.294
606635.791
606655.742
606535.521
605878.269
605786.697
604372.913
605573.500
605763.883
606226.429
605870.040
605547.196
605641.840
606670.900
606146.889
606334.825
606620.217
605617.410
606077.977
606631.000
607307.629
605588.554
606774.452
606943.427
605895.928
605475.365
606297.217
606224.241
606257.943
605667.937
605102.047
606656.472
606619.332
606410.927
605533.080
605764.978
606566.046
605146.636
606180.175
605953.330
607010.465
606184.446
607064.533
605989.740
606596.883
607799.033
606303.520
605992.657
605530.736
605706.795
606500.571
605239.354
605838.891
606405.979
605585.742
605956.872
606578.340
605821.337
605837.121
606812.164
605595.586
605641.424
606650.691
606805.862
606636.626
606324.148
606205.230
606022.452
606776.172
606013.180
607236.112
606835.865
605854.935
606442.181
605692.575
605572.772
605485.315
606640.794
606742.523
606241.068
605570.845
606608.291
606076.311
606017.555
606219.190
606787.632
605177.994
606002.242
606629.491
605465.626
606743.721
606687.570
606119.337
606166.893
606743.930
606051.101
606787.111
605704.921
605110.227
606271.748
606658.608
605889.054
606062.456
606866.858
606976.921
605941.820
605118.041
606338.421
606102.044
604801.864
606690.799
606532.972
606490.311
605808.160
606178.562
606583.915
606188.510
605821.600
605698.359
607339.770
607480.982
606472.705
605382.129
604778.267
606116.056
606386.968
606601.937
606032.141
606560.266
605870.354
605227.740
606754.348
605669.033
606476.196
605944.737
605942.705
606511.980
607200.017
605508.340
605548.656
606416.555
606007.556
607286.588
606372.279
606838.731
607062.295
605186.017
606237.631
606587.405
606296.959
606144.653
606219.400
606649.859
606554.121
606519.221
606149.497
605563.606
605907.651
606146.268
606109.597
605889.159
604700.500
606911.135
606374.571
606514.221
606529.951
606959.577
605748.990
605270.557
606339.985
606665.799
606397.907
606423.171
606489.583
605727.842
606638.712
605439.844
606535.265
606366.237
605319.832
605174.350
606117.047
606580.947
606701.739
605698.099
606721.481
607003.019
606348.423
606532.088
605546.522
606333.422
605650.751
605933.227
606117.203
606149.446
605218.626
606934.784
606955.619
606549.902
605903.849
605659.763
605650.907
605207.687
606208.775
605935.675
606811.959
606545.475
606602.772
607525.155
606238.621
605005.844
605771.076
605982.919
605356.086
607229.865
606364.676
606522.087
605557.097
605790.192
606109.964
605541.782
605749.616
606740.338
605744.146
606190.388
606307.066
605712.737
606159.865
605875.461
606122.934
606223.464
605273.736
606936.399
606060.323
606065.532
606167.990
605785.765
606312.223
606469.322
606620.691
606358.478
606690.854
607388.475
606826.441
605648.460
604801.971
605768.732
606355.509
605443.127
606003.859
606460.572
605922.810
605458.858
606134.029
605925.779
605602.518
606024.123
605936.458
606000.422
607118.084
605738.365
605914.476
606316.756
604924.327
606128.091
605054.548
605405.676
605095.489
607017.501
606059.803
605317.022
605425.835
605434.220
605886.765
605440.159
605190.446
605770.139
605896.350
606343.685
606145.228
605996.099
606653.716
605716.905
605537.095
606439.633
606206.901
606197.734
606918.534
606766.175
606687.469
606759.091
605803.319
606044.698
606103.141
607111.990
606717.108
606462.916
606542.455
606726.588
607183.300
606196.327
606700.336
606021.831
605905.726
605962.086
606083.296
605978.858
606852.538
606427.027
607744.813
606077.722
605484.278
606021.519
606289.566
605573.037
605427.554
605986.412
606305.765
606578.605
607043.338
606390.670
606862.331
607656.367
607240.493
606687.105
605997.402
607376.496
606869.676
606622.151
606314.985
606024.696
606651.113
606405.776
605968.858
604729.309
606124.550
606512.505
606188.306
606881.499
605891.506
606544.904
606636.371
605963.753
606685.699
605747.951
606061.263
606329.415
605848.222
606370.564
604792.701
606228.884
605703.832
605935.157
605947.346
606039.125
607040.161
606161.533
605768.057
606425.361
606129.238
606182.577
606391.973
607116.106
606208.621
606223.883
606132.468
605971.618
605372.862
605677.528
605252.590
606895.460
606393.587
605172.686
606627.204
606416.715
606160.543
605801.654
605129.557
606254.720
607103.293
606569.543
606392.702
606610.692
606368.272
606720.911
606287.588
606270.138
605214.253
607261.070
606707.004
606593.972
605855.358
606048.450
606101.892
605244.725
606050.429
605782.590
605728.158
607071.103
606213.571
606441.301
605269.779
606260.763
606243.834
607583.341
606125.280
606129.135
606641.373
606835.611
605404.584
605520.898
606548.447
605200.137
605931.616
605313.951
607460.255
605746.858
606742.268
606313.320
605444.276
605388.697
605604.865
606179.244
605876.923
606371.242
605953.232
605848.066
606302.017
605583.561
606290.610
606145.543
606385.150
606196.173
605583.352
606239.875
606188.621
606449.428
606379.056
606014.906
607637.096
606505.579
606932.861
606694.296
606410.309
606488.129
605901.093
606542.197
606067.619
606593.400
606070.640
605814.938
605575.852
606406.611
606761.333
605934.845
606633.717
605645.078
605691.748
606324.624
606731.227
605279.052
608039.428
605427.244
605869.058
606831.027
606329.885
605585.541
605604.397
606237.063
606092.830
605857.390
606009.645
606045.691
606372.337
606900.931
606731.435
605746.494
605751.547
605450.944
607087.511
605914.167
606292.068
607208.617
605807.646
605940.420
605992.456
605529.598
605937.451
605592.989
606341.084
607464.320
605936.149
606726.799
606730.237
607052.508
606658.511
606989.898
606317.853
606302.747
605871.902
605506.963
606480.600
605344.763
605831.790
605128.651
605873.099
606532.331
605945.192
606390.548
606072.447
606260.486
606660.527
606896.280
606678.447
607009.678
606266.899
605809.356
607004.890
606322.378
605634.917
605884.109
605457.402
604625.657
607154.599
606384.839
606368.797
605734.466
605825.362
606526.940
606614.972
605483.666
606465.898
606726.965
606874.533
606237.234
605444.762
606357.716
606149.729
606821.304
606099.414
606761.927
605273.451
606715.102
605577.233
606210.316
606160.521
606476.125
605928.886
606094.007
607286.832
606133.181
605848.675
606248.715
606111.255
605856.961
606176.524
605623.451
605986.561
606807.734
605063.297
606079.803
606087.304
606186.743
606663.560
606379.680
606410.778
605808.585
606717.216
605827.757
606177.427
606487.510
606856.869
605746.244
606559.760
606012.312
605949.443
605783.543
605699.526
606039.456
605707.601
605226.306
605697.239
607066.487
606385.380
605841.996
606854.491
606396.166
606996.382
605259.601
606221.152
605935.085
606498.786
606397.475
606950.499
605145.169
606263.351
605403.790
606189.441
606117.507
605322.849
605299.931
605577.042
605570.845
606020.056
605548.709
606625.742
606348.684
606398.691
605828.429
605852.651
606656.167
606611.841
606315.355
607268.834
606853.482
605634.147
605866.879
606704.982
606614.246
606493.453
606729.103
605437.416
605814.381
606144.206
605944.343
606284.221
606380.534
607013.304
606120.459
606588.473
605333.874
607038.259
606950.022
605810.434
605817.780
606898.093
606225.738
606243.033
606646.041
607290.949
606332.888
606383.623
606548.588
606094.900
606137.561
606219.445
606243.147
606515.049
606354.410
606505.102
606113.815
606280.239
606262.634
606213.151
606353.479
605471.207
606125.125
606784.200
605930.577
605776.032
606650.857
606971.827
606248.269
605852.607
606911.148
605972.828
605891.103
605798.231
605629.830
605770.887
606695.352
606451.162
605443.931
606154.157
605362.363
606783.491
605249.854
606238.701
605994.771
605784.075
605978.782
606288.762
606141.405
606466.906
606083.537
607036.077
606661.564
605242.052
606620.416
606195.272
606706.988
606927.271
607029.418
606215.068
605810.656
606558.021
605745.808
606377.224
606085.999
605971.666
606130.693
606888.996
606458.019
606865.246
606331.342
606262.899
606233.053
607281.437
606123.669
605906.253
604703.794
606037.726
606533.922
606050.178
605801.614
606170.921
604801.519
605476.220
605723.015
604725.317
607293.743
606373.134
606255.467
606449.341
605684.372
606714.525
606192.080
606029.148
606458.670
605002.801
607150.406
606415.387
605390.290
606109.683
606312.672
607276.100
606383.202
606705.943
605745.486
606262.568
604907.021
605597.871
606417.847
606526.035
606364.927
606210.382
605229.194
607166.570
606207.936
606061.464
605367.753
605895.565
606233.985
605330.408
607594.482
605839.522
606230.290
606937.547
606538.447
605900.990
605751.081
605892.085
606482.039
605943.550
605441.054
605469.131
605967.409
606003.455
605843.025
606178.839
605977.571
606401.206
605906.159
606015.285
606580.706
606997.570
606292.971
606426.683
606547.478
606197.548
606573.991
605962.110
606076.550
606404.134
606582.642
606420.075
605819.862
605478.892
606105.309
606230.581
606800.064
606594.889
606211.051
605173.400
605574.220
606697.976
606391.021
606829.501
606012.287
607136.616
605665.849
605744.244
605888.893
606812.318
606303.727
605844.881
605884.679
606446.765
606856.493
605610.279
605901.349
605178.364
606481.304
606198.153
606113.770
606943.591
607072.824
606867.491
605718.996
606616.688
605763.741
605506.322
605996.422
605864.431
606383.493
605613.418
606364.483
606778.325
605734.944
606441.680
606566.276
606520.648
606910.374
606888.237
607390.266
607392.715
606338.864
605870.486
605811.053
606064.933
606337.877
605736.570
606292.719
605629.946
606724.585
605839.917
605742.252
607313.134
606000.299
607019.983
606835.591
605866.540
606721.623
606565.098
606988.578
605375.349
605517.239
606351.383
606197.775
605719.084
607314.864
606411.757
605438.799
605731.797
606177.413
606939.415
606516.928
606894.257
604797.231
606200.701
605558.036
605880.880
605940.053
605998.810
606174.662
605427.142
607469.580
606243.109
606174.196
604985.696
606858.847
605400.946
606673.884
605728.844
606065.909
607002.042
606371.878
607428.075
605960.746
606081.904
606499.394
606240.932
607207.068
606352.976
606722.439
606207.026
606031.645
606225.415
605441.277
606289.016
606210.833
605878.769
606077.176
606685.360
606242.974
606609.833
606103.744
605860.074
607163.744
605899.403
