7923.166
4427.722
4444.338
4411.366
7886.964
7886.964
7886.234
4439.910
7889.047
4407.980
7888.943
5460.061
5455.009
4445.692
5460.218
7882.275
4404.073
5479.907
5494.908
4404.282
5492.200
5454.228
4408.397
5489.439
5450.269
4411.939
7890.349
5491.262
4444.078
7886.547
4410.845
4409.959
7889.464
7882.849
7886.287
4407.199
4406.990
7883.317
4409.751
4442.463
4411.939
5469.646
4443.608
4409.073
4409.751
4442.880
4412.720
4408.241
4442.931
7852.898
7890.453
7910.820
5462.978
4440.640
4410.481
5453.394
7890.871
4408.813
7887.797
5495.221
4409.126
4406.782
4441.785
5500.169
8035.051
7885.557
8006.663
5495.013
5461.884
4441.629
4408.814
4407.980
7881.859
7885.922
7878.577
7885.349
5486.522
7849.408
4438.399
4407.459
5454.592
7887.276
7888.526
7887.068
7929.832
7857.169
5501.211
4411.001
4408.917
5502.045
5455.842
5502.774
5494.856
7888.630
4410.741
4407.199
7907.226
4437.098
7889.568
5500.169
4406.990
4409.751
4444.390
5462.458
5468.396
7886.651
4438.504
4441.577
5470.531
4443.036
5497.982
5460.739
5505.066
5465.896
7889.151
4408.449
4410.949
5500.273
5470.270
4443.088
5503.242
7888.839
5472.979
7905.872
5469.749
4443.140
5462.145
5462.927
4444.546
5467.302
4408.292
5486.731
5462.197
4410.636
4445.692
7887.849
5505.587
4409.282
7888.370
4407.981
5490.429
7859.617
7889.203
7887.589
7893.631
4409.438
4409.699
5487.200
5466.572
7888.214
7993.693
7880.401
4404.542
5466.780
7886.130
4406.522
5488.137
5457.873
7882.276
4409.335
7886.182
8012.445
4408.501
4446.317
8029.947
4442.827
5459.384
5490.221
7855.033
7886.651
7948.740
13113.617
4409.126
7891.548
7906.184
4409.021
4442.880
4443.140
4407.407
5492.409
7887.902
4446.265
4407.095
5461.989
4445.640
7857.013
7887.016
5495.378
7855.763
4446.109
4409.126
4410.897
7887.589
4409.386
7888.318
7889.152
4413.502
4440.796
4409.751
7890.662
5471.261
4408.345
7887.068
4438.347
5463.343
7887.016
5454.124
7897.642
7928.062
7885.401
4443.765
4407.772
4412.303
4442.307
7886.183
7885.505
4443.557
7852.742
5496.523
7884.828
5500.639
7882.068
4403.761
7884.308
4405.688
4407.511
4442.254
5464.072
5510.119
4440.640
7943.219
7895.142
5486.106
4406.834
5487.721
4442.567
7889.933
7846.596
4437.931
4408.240
5470.740
7884.828
5502.253
5494.960
4406.522
5491.992
7854.356
4443.608
4410.637
7893.162
5465.947
7890.297
4411.106
4443.869
7913.789
4444.286
4409.595
7887.016
7910.560
4409.751
7885.818
4408.397
5498.971
5494.961
7888.787
4410.429
5468.031
7888.838
5492.252
7945.927
4441.734
4408.605
7892.849
5461.884
5489.961
7882.276
5497.929
4408.918
4406.886
7888.162
7890.870
7887.901
7857.690
7889.308
7889.881
7908.581
4409.907
7890.974
4409.803
5509.806
4411.522
4407.043
5501.784
7877.432
7888.996
7889.256
7887.120
7884.359
7887.901
4442.254
5154.198
5458.343
4406.990
5495.325
4407.720
7880.817
4409.230
7885.245
7889.308
4410.272
4409.959
7934.989
4445.535
4445.588
4450.328
4438.660
7928.999
7956.346
5863.173
4410.533
4443.869
4407.720
7888.266
7882.536
7890.454
4445.068
4257.393
7889.620
4444.755
5453.655
5496.367
4407.980
5472.927
7888.578
4411.261
7890.766
7889.672
7890.766
5468.864
4441.994
4447.620
4406.834
4409.595
7889.308
5503.607
7855.346
4440.952
5462.405
7891.183
7888.422
5468.604
7886.547
7888.527
4438.452
4405.897
7888.474
5470.531
4438.191
5464.228
7884.829
5460.999
5503.399
4407.199
7880.973
4405.115
7908.945
7887.797
7886.859
5500.378
7879.931
7881.546
7884.151
7883.942
7885.141
7849.876
7879.203
5488.658
5491.054
4406.626
7879.723
4409.751
4440.483
4401.885
4408.553
5506.159
5456.051
4407.980
7885.818
4406.053
7886.078
4436.889
4445.171
7891.235
4407.355
4409.751
5504.805
5462.093
4411.002
4356.308
4445.640
7885.922
7858.107
7908.060
7882.953
7880.817
7886.599
4443.504
7885.245
4408.553
4407.563
5498.919
8021.821
7929.051
5497.826
7925.926
4410.272
4405.064
5490.377
4406.000
5467.250
7893.006
7915.248
4412.408
7935.770
5459.593
4443.712
5471.312
7935.771
4403.708
5490.116
5458.239
7889.307
4410.741
7881.755
5463.604
7887.589
7974.368
7883.266
4409.491
7905.195
7903.736
4405.740
4404.177
5488.450
7852.481
4436.837
7877.171
5502.670
5456.467
5492.356
4408.606
7886.547
5467.354
4408.605
4442.567
7874.984
4436.942
5461.936
7885.193
4411.262
4439.285
7850.033
4443.765
7855.503
4437.983
4405.479
7893.006
4409.959
4432.149
4445.483
5464.385
5497.826
9362.940
5460.530
4438.400
5494.597
5465.114
4443.661
5491.366
4413.241
7902.434
5460.218
4443.296
4406.782
4315.784
5496.783
4407.928
4404.178
4442.307
7854.408
7882.588
5487.043
8005.256
7892.225
4377.508
4442.984
4409.751
4410.377
4440.014
5467.249
4409.856
7889.672
4444.129
4441.525
4406.991
7886.703
4408.553
4442.254
5469.021
4409.959
4443.452
4407.563
5464.020
7891.339
7890.089
7892.590
5471.573
5463.343
5496.576
7890.037
7856.388
4446.838
7889.308
4445.223
4408.970
5489.023
7888.891
7889.360
7891.235
4408.292
7890.402
4412.355
5498.138
4409.855
4413.762
7893.110
4407.876
5503.555
7884.151
5499.701
7887.537
7889.933
4441.421
4409.960
5497.930
4445.536
5466.104
5498.346
4408.501
4408.136
7890.297
7931.187
7887.797
4409.178
7891.547
4407.616
4411.209
7893.058
7887.328
4407.042
4442.203
5462.822
7887.954
4408.605
4410.689
8040.103
7918.529
7894.412
5463.239
4439.494
7857.117
4437.983
4409.282
7884.672
7887.954
4407.563
4407.876
4441.993
5504.441
4408.970
7889.152
4406.469
4440.171
4409.126
4409.230
4445.484
5463.030
5462.249
4444.495
5467.145
7883.995
5460.894
7912.227
5463.552
4445.692
4406.521
7887.380
5462.874
4442.723
4443.452
5464.854
7890.089
5467.250
7891.287
4439.024
7890.141
7887.537
5451.050
5495.951
4410.064
7893.162
4407.876
4444.442
4446.994
5460.426
5496.055
4409.231
4406.313
5498.711
4412.721
5462.510
7929.468
7942.699
7889.829
7890.245
7885.401
7901.340
5491.158
4446.890
7886.860
7854.565
7886.912
4439.077
5491.939
5455.061
4445.952
4437.514
7890.454
5466.052
4407.772
4440.379
7853.158
5499.596
4408.188
4405.844
4440.535
5470.010
5498.919
5495.326
5460.947
4443.244
5462.353
7888.579
7889.412
7927.177
4443.244
4410.011
7919.935
5463.916
7888.630
5456.675
5497.461
4409.594
4410.168
7890.662
7892.277
4410.064
4446.734
7891.131
4443.140
7928.531
4444.182
4407.824
5495.117
7889.620
4444.286
5464.020
7888.162
7929.989
7857.586
7886.807
7892.224
5471.469
5495.690
4408.240
5467.666
5493.293
4410.376
4410.637
4441.785
4412.356
7916.758
4409.751
4440.327
7887.328
7928.374
4408.866
5501.315
4410.897
4411.001
4443.192
7890.974
4440.171
4408.449
4436.525
4438.452
4408.761
7888.683
4409.282
10688.695
7880.505
5464.906
4408.814
7985.931
4445.536
7888.318
7961.555
7999.423
4409.907
4446.630
5463.135
4406.522
7883.005
5495.274
7885.557
7885.140
4406.469
4438.765
4404.647
4404.490
4340.213
7854.148
5490.586
7901.288
7888.474
4445.067
7914.102
8063.178
5505.118
5453.082
4444.025
7983.952
5490.116
5465.218
5494.857
4442.932
5464.750
7907.278
7884.516
4410.428
5501.107
4445.380
4412.304
5492.617
5501.836
7951.658
5465.531
5496.315
4445.223
5466.051
4435.899
7960.982
7887.172
4406.053
7934.260
7884.203
4406.470
4445.015
4406.626
4403.866
5501.316
5465.010
7885.870
7879.567
7871.233
4441.994
4411.574
7885.714
7891.235
5465.219
7906.861
7885.766
4444.598
5460.738
4443.712
5467.302
7886.652
5457.613
5492.669
7888.318
7901.028
7886.964
4411.157
5494.752
5502.930
7891.391
7919.050
12303.903
7850.137
5493.763
5465.530
4439.910
4435.223
5460.113
7891.183
5465.166
4443.869
5463.135
7889.776
4409.646
4440.796
4445.849
4410.845
4410.741
8055.366
7888.162
7920.457
5466.989
4443.557
7893.371
5492.669
4441.942
7887.433
7892.537
4407.408
5496.628
5491.679
7891.130
5468.864
4409.855
5489.492
7888.892
5503.660
4411.366
4440.953
7891.131
7983.744
8129.748
5505.274
4409.335
4412.096
7895.558
7890.141
4409.387
7889.984
7891.288
5465.114
4410.689
5493.346
4408.605
4410.532
5485.012
4407.407
7890.298
4409.074
4442.724
7891.443
7894.204
7889.047
7887.693
7856.492
4442.619
4408.345
7894.829
4410.585
4435.170
4446.473
7895.194
7847.012
4437.619
4407.043
4406.052
7891.340
7881.494
4411.001
4442.202
7879.879
7883.005
4407.667
5105.444
7908.268
5499.544
4408.293
4409.855
4444.338
8219.809
4405.532
5467.302
4445.327
7871.233
5499.649
5606.795
7890.298
5491.940
4441.578
7891.652
5459.749
4408.866
4444.234
5470.531
7893.423
7887.745
5472.407
5465.270
4442.515
4409.282
5464.750
7886.131
5502.670
4442.202
7886.963
7857.898
7892.590
7888.057
7886.027
7881.599
7887.484
5498.502
5458.551
4408.241
5495.533
4407.772
7887.797
5460.687
8381.283
7889.099
7887.797
4404.543
4441.785
4407.928
7890.349
5472.198
6828.789
4410.897
4444.963
7909.831
5504.649
7909.883
7907.851
4439.546
7857.586
7891.131
7891.079
5468.656
7926.499
4444.963
7953.168
7888.682
7888.006
5463.187
7890.401
7894.100
5455.478
7907.122
7891.548
4407.876
5500.847
5491.367
4410.116
7890.610
4413.033
7890.766
7909.726
5471.782
4443.401
4371.623
4413.033
4442.098
4447.411
7888.943
7853.784
7888.214
7890.297
7894.985
5460.114
7889.725
5464.594
4445.432
4412.147
4412.929
5495.898
7857.742
4444.911
5458.707
5505.848
5504.180
7889.725
5455.738
5463.239
4444.494
7889.360
4435.118
4405.115
7884.099
7946.345
5469.281
5489.074
7926.863
4441.734
4407.564
