1523.169
1549.994
1543.639
1549.786
1547.181
1549.265
1549.317
1554.578
1559.630
1560.308
1559.474
1557.235
1558.329
1558.902
1523.534
1525.460
1525.617
1525.356
1523.793
1525.564
1525.044
1525.721
1525.305
1523.377
1523.846
1555.463
1555.359
1557.912
1557.912
1559.213
1557.599
1558.693
1557.443
1556.401
1558.329
1560.412
1554.838
1558.485
1525.617
1523.794
1526.398
1524.419
1525.408
1523.586
1527.492
1524.836
1523.742
1527.180
1549.890
1559.058
1558.068
1557.026
1559.318
1557.859
1559.266
1557.547
1561.715
1557.183
1560.516
1557.079
1559.110
1525.096
1525.565
1524.054
1526.555
1525.825
1527.023
1525.460
1525.826
1524.783
1525.929
1557.026
1560.151
1557.912
1559.891
1560.984
1559.422
1557.287
1561.402
1557.964
1558.433
1559.579
1558.797
1525.930
1526.034
1525.773
1526.242
1525.825
1525.044
1525.305
1523.377
1526.815
1525.304
1553.536
1560.256
1559.161
1559.162
1558.277
1556.818
1557.234
1561.037
1559.475
1556.505
1559.891
1557.287
1556.558
1524.523
1525.252
1526.033
1525.982
1525.565
1525.409
1526.138
1526.137
1523.846
1526.086
1555.620
1555.307
1561.349
1558.954
1559.422
1558.641
1559.839
1559.423
1558.641
1557.391
1556.505
1557.547
1558.588
1525.461
1523.846
1526.867
1525.356
1523.742
1523.898
1524.732
1525.565
1524.992
1525.252
1525.461
1552.703
1558.432
1560.933
1559.006
1561.246
1557.339
1559.527
1558.849
1559.943
1556.922
1559.006
1558.797
1526.138
1525.096
1525.721
1525.929
1525.669
1523.638
1525.721
1527.024
1525.565
1525.096
1525.878
1555.047
1558.016
1555.620
1559.579
1559.995
1557.286
1557.651
1558.745
1557.183
1556.454
1557.860
1557.443
1525.304
1524.627
1524.106
1525.565
1525.252
1525.409
1526.346
1526.294
1527.232
1525.200
1557.079
1557.704
1560.516
1557.912
1560.569
1558.485
1559.371
1558.849
1560.621
1557.756
1559.683
1558.381
1559.318
1527.909
1525.721
1525.617
1525.200
1524.211
1525.721
1525.565
1527.335
1526.086
1525.044
1552.807
1560.099
1561.245
1560.464
1557.651
1560.255
1560.256
1561.246
1560.100
1559.579
1559.006
1558.901
1525.929
1524.054
1526.242
1525.877
1526.815
1525.721
1526.451
1525.201
1526.086
1525.669
1525.304
1557.912
1560.308
1559.891
1560.568
1558.589
1557.911
1561.245
1560.359
1560.412
1559.057
1560.360
1559.057
1524.991
1525.200
1523.690
1526.033
1525.357
1525.304
1524.940
1525.616
1525.773
1525.825
1555.047
1559.839
1558.589
1559.214
1559.839
1559.266
1557.964
1559.161
1559.422
1561.089
1558.849
1560.308
1525.304
1525.930
1525.981
1525.825
1525.356
1525.304
1525.825
1526.086
1525.669
1527.336
1526.451
1560.308
1559.266
1559.162
1559.995
1559.839
1561.037
1559.787
1559.214
1559.109
1560.621
1556.609
1557.130
1525.096
1525.721
1525.513
1525.461
1524.888
1526.033
1523.794
1525.982
1523.741
1525.669
1560.204
1558.120
1556.557
1560.516
1557.339
1557.182
1558.172
1561.349
1558.745
1557.183
1558.068
1559.578
1556.401
1525.357
1524.002
1525.409
1525.877
1525.617
1528.378
1524.627
1527.284
1526.919
1526.346
1555.255
1559.839
1559.526
1562.391
1559.370
1561.610
1560.412
1560.412
1557.808
1559.631
1560.047
1558.693
1558.641
1526.711
1523.950
1525.982
1524.002
1525.929
1525.044
1525.669
1524.939
1526.711
1564.840
1559.422
1559.422
1559.943
1560.099
1559.943
1559.110
1559.422
1557.495
1560.569
1556.870
1559.682
1559.474
1526.346
1525.565
1525.929
1527.128
1526.034
1525.981
1525.929
1526.763
1526.711
1524.210
1554.526
1560.829
1559.370
1562.756
1558.537
1560.777
1557.443
1560.047
1556.557
1559.161
1558.120
1558.849
1526.346
1525.096
1523.742
1525.565
1525.305
1525.305
1525.408
1525.773
1526.919
1525.617
1525.096
1556.609
1560.255
1559.422
1558.484
1560.829
1557.912
1559.266
1558.380
1559.475
1558.902
1560.152
1556.922
1527.023
1525.721
1525.304
1526.815
1527.024
1527.180
1524.992
1524.991
1523.638
1524.002
1561.246
1558.797
1557.235
1561.506
1559.109
1560.516
1557.859
1559.995
1558.849
1559.631
1559.422
1559.058
1559.996
1525.617
1525.409
1525.721
1524.471
1525.513
1525.148
1525.878
1527.024
1523.585
1525.929
1554.891
1559.787
1558.172
1558.224
1557.130
1558.850
1561.037
1560.516
1555.515
1560.047
1557.911
1558.589
1524.054
1524.054
1525.304
1526.086
1526.399
1527.804
1525.460
1526.242
1527.284
1526.294
1526.398
1555.880
1558.120
1559.734
1559.266
1559.422
1558.953
1559.579
1558.172
1559.318
1558.849
1560.724
1557.599
1526.346
1526.033
1525.878
1523.897
1526.242
1525.252
1527.283
1525.252
1525.460
1523.481
1525.408
1558.329
1559.734
1559.839
1559.995
1560.568
1559.683
1558.797
1559.891
1557.391
1559.162
1559.839
1559.318
1525.565
1526.138
1526.503
1525.565
1526.138
1527.232
1527.284
1525.825
1526.242
1525.513
1553.328
1559.318
1560.464
1559.162
1561.089
1558.120
1559.787
1557.338
1559.527
1558.849
1559.735
1556.870
1526.138
1523.846
1526.086
1524.732
1525.721
1525.044
1525.461
1523.794
1525.461
1524.940
1525.409
1559.058
1558.745
1558.641
1558.224
1560.464
1557.912
1559.370
1559.422
1559.422
1559.266
1561.506
1557.703
1527.284
1525.461
1526.398
1527.127
1527.284
1524.887
1524.107
1526.242
1525.305
1527.544
1553.536
1557.130
1560.204
1558.537
1559.162
1558.276
1561.453
1557.234
1559.214
1560.048
1559.891
1559.318
1558.693
1524.367
1526.034
1526.085
1526.190
1524.159
1525.825
1526.867
1525.721
1525.617
1526.867
1555.984
1558.016
1558.641
1558.173
1558.120
1559.474
1562.287
1558.380
1560.411
1557.287
1558.276
1556.714
1526.919
1525.305
1525.357
1523.638
1525.565
1523.793
1523.898
1524.263
1525.877
1525.721
1525.669
1552.755
1560.568
1559.839
1559.526
1559.682
1559.683
1560.985
1561.089
1558.068
1559.631
1559.162
1559.787
1526.190
1525.669
1526.138
1526.138
1525.721
1526.190
1527.024
1526.190
1526.398
1526.294
1552.286
1558.224
1557.652
1558.120
1557.599
1556.193
1557.808
1557.131
1558.172
1560.099
1559.422
1559.318
1555.880
1525.200
1526.659
1525.826
1525.356
1526.555
1526.346
1526.346
1527.544
1525.826
1527.857
1558.902
1562.130
1560.933
1560.724
1559.266
1559.370
1559.266
1561.714
1559.370
1560.464
1559.891
1559.214
1524.992
1525.721
1523.846
1526.659
1524.106
1527.180
1523.742
1526.294
1525.304
1524.783
1523.533
1550.932
1557.027
1556.557
1559.058
1556.818
1558.224
1559.214
1560.828
1557.391
1557.911
1558.485
1558.537
1558.328
1525.461
1526.711
1527.649
1526.085
1526.659
1526.242
1525.356
1525.825
1527.492
1552.286
1559.110
1558.173
1561.350
1559.735
1560.412
1558.016
1559.995
1559.266
1559.891
1561.610
1559.162
1558.537
1526.085
1524.523
1526.034
1524.263
1526.138
1525.617
1524.627
1525.408
1525.721
1525.356
1554.162
1560.516
1559.787
1559.527
1559.683
1561.714
1559.735
1558.381
1560.985
1557.859
1560.620
1560.099
1526.034
1527.753
1525.930
1526.085
1526.658
1526.607
1525.669
1525.721
1525.929
1527.336
1525.773
1558.902
1559.631
1561.297
1558.328
1560.256
1559.943
1561.454
1557.860
1560.256
1559.057
1559.110
1560.412
1525.878
1525.201
1525.773
1523.845
1526.242
1523.742
1525.408
1525.357
1523.898
1525.305
1561.402
1551.296
1558.173
1557.964
1558.849
1557.860
1557.599
1559.214
1558.901
1557.703
1556.141
1556.766
1559.683
1525.513
1525.461
1526.919
1525.252
1526.919
1525.460
1527.336
1525.825
1526.190
1525.929
1556.454
1559.787
1561.401
1561.089
1561.297
1559.422
1560.724
1561.349
1559.683
1558.536
1559.683
1558.745
1527.492
1525.981
1526.346
1525.200
1527.388
1523.845
1527.023
1523.689
1525.304
1525.513
1551.922
1561.714
1558.224
1560.204
1558.484
1558.380
1559.318
1557.912
1558.381
1557.600
1558.068
1560.307
1557.443
1524.992
1525.096
1525.617
1525.304
1526.346
1525.616
1525.512
1525.877
1527.857
1525.878
1555.932
1559.891
1554.682
1560.516
1560.412
1561.037
1560.203
1560.881
1559.839
1559.318
1559.006
1558.328
1526.294
1523.794
1525.669
1524.367
1527.231
1525.044
1525.252
1524.940
1524.471
1525.148
1525.096
1551.922
1558.693
1557.652
1560.621
1560.464
1557.339
1561.037
1556.713
1558.172
1557.495
1557.807
1557.495
1526.607
1525.201
1525.617
1524.627
1526.659
1525.148
1523.846
1526.086
1527.700
1525.981
1561.454
1557.182
1559.631
1560.829
1561.350
1560.308
1561.974
1560.568
1560.464
1559.527
1562.444
1558.537
1526.710
1525.617
1526.033
1524.523
1527.128
1525.149
1523.793
1524.888
1523.846
1523.690
1526.086
1557.183
1558.901
1559.318
1560.517
1559.110
1560.256
1559.631
1559.683
1559.474
1558.172
1558.328
1557.912
1525.357
1525.408
1526.971
1525.877
1527.284
1523.637
1526.502
1526.034
1525.565
1525.513
1526.242
1556.349
1560.829
1557.391
1557.652
1559.162
1561.142
1558.172
1560.100
1558.537
1560.672
1560.725
1559.162
1527.127
1525.304
1524.731
1525.669
1525.408
1524.888
1524.835
1525.773
1526.034
1525.669
1554.734
1559.474
1559.474
1559.162
1559.683
1561.245
1557.495
1559.839
1559.682
1559.735
1558.016
1559.057
1525.564
1525.721
1526.554
1526.138
1525.513
1523.690
1527.179
1525.877
1528.169
1525.721
1527.492
1556.245
1558.693
1558.745
1561.245
1558.954
1560.359
1560.099
1559.318
1558.901
1560.464
1558.849
1559.266
1526.502
1525.565
1525.304
1525.513
1525.774
1526.711
1525.825
1525.356
1523.637
1525.617
1555.933
1555.880
1560.725
1559.475
1557.599
1557.755
1562.183
1560.464
1555.880
1557.859
1558.120
1559.005
1559.735
1525.982
1525.878
1526.763
1526.190
1525.825
1527.180
1526.294
1525.825
1525.721
1526.242
