34887.242
34473.765
34450.637
34471.629
34455.950
34425.948
34426.051
34434.855
34438.188
34412.769
34435.220
34421.468
34428.499
34428.083
34423.187
34429.281
34431.729
34429.334
34422.874
34446.210
34430.479
34463.190
34456.106
34467.410
34465.326
34470.796
34475.119
34475.692
34468.035
34461.889
34468.712
34474.702
34475.640
34472.150
34463.087
34468.347
34462.670
34468.035
34464.962
34435.324
34428.605
34433.500
34432.042
34428.812
34433.448
34433.761
34436.105
34411.675
34433.083
34431.312
34428.135
34422.874
34426.052
34436.834
34423.760
34444.543
34467.983
34472.254
34453.294
34470.119
34465.743
34474.025
34465.170
34454.023
34476.213
34452.252
34460.847
34452.096
34478.661
34454.648
34456.211
34436.990
34433.553
34438.449
34413.343
34434.803
34439.386
34439.438
34431.833
34437.667
34431.938
34429.958
34443.450
34447.252
34440.689
34431.834
34436.574
34424.281
34432.147
34431.521
34416.468
34445.690
34434.334
34436.835
34453.295
34454.232
34458.295
34455.587
34475.744
34469.233
34474.233
34441.105
34468.712
34462.722
34469.546
34458.607
34447.096
34432.146
34421.677
34443.241
34439.387
34438.657
34430.010
34436.574
34446.262
34438.345
34434.126
34433.345
34436.210
34416.260
34434.595
34418.083
34433.969
34422.614
34423.187
34431.573
34451.940
34476.890
34454.232
34477.828
34458.816
34459.180
34460.170
34460.691
34476.318
34476.734
34468.660
34472.775
34467.463
34447.668
34466.525
34439.491
34437.355
34424.229
34425.115
34441.627
34422.301
34442.200
34423.291
34435.480
34425.740
34432.824
34434.074
34439.230
34439.178
34419.854
34440.116
34414.072
34433.136
34459.180
34452.826
34465.327
34451.002
34465.796
34459.076
34473.609
34470.119
34477.151
34458.503
34465.379
34465.014
34460.743
34477.308
34446.158
34478.089
34422.146
34439.543
34426.417
34426.313
34438.345
34420.531
34435.481
34427.146
34445.586
34438.137
34444.908
34418.604
34437.876
34428.553
34431.209
34446.731
34440.637
34444.284
34406.831
34436.678
34462.097
34465.431
34465.900
34453.972
34462.931
34456.368
34468.869
34460.014
34476.734
34460.691
34464.545
34460.899
34451.315
34467.410
34415.947
34439.647
34412.145
34432.199
34436.522
34436.261
34424.178
34429.125
34441.367
34434.439
34441.783
34431.678
34442.356
34424.750
34435.637
34424.698
34431.522
34436.158
34410.790
34476.057
34459.962
34468.661
34458.347
34469.546
34472.515
34476.995
34476.318
34455.586
34476.161
34458.608
34473.817
34474.651
34476.006
34463.400
34462.931
34464.025
34417.458
34445.325
34426.105
34435.011
34432.720
34436.783
34418.552
34426.938
34426.886
34407.717
34437.043
34438.450
34443.554
34425.532
34431.001
34434.960
34430.636
34431.887
34420.531
34463.348
34471.629
34466.369
34441.887
34473.609
34458.555
34456.524
34474.807
34464.598
34469.547
34471.421
34469.234
34456.784
34469.598
34455.430
34430.792
34431.366
34439.856
34434.856
34424.490
34437.773
34415.791
34438.450
34434.595
34431.678
34432.251
34438.241
34432.511
34425.480
34434.022
34408.655
34437.929
34428.657
34470.327
34455.900
34468.921
34470.588
34451.576
34468.296
34453.712
34467.046
34473.401
34469.702
34458.191
34465.796
34467.932
34469.026
34476.578
34443.659
34428.970
34435.272
34439.908
34432.199
34418.552
34431.417
34418.240
34424.490
34441.054
34439.492
34423.969
34431.626
34427.876
34434.907
34439.544
34402.717
34441.940
34465.379
34478.245
34469.181
34469.755
34461.629
34455.586
34464.858
34446.888
34453.607
34471.370
34470.067
34469.860
34466.682
34468.557
34456.420
34458.765
34429.022
34431.678
34444.752
34437.564
34422.303
34440.481
34430.324
34430.324
34441.679
34416.156
34438.502
34431.158
34444.700
34430.064
34440.117
34430.220
34428.240
34425.116
34442.826
34443.399
34427.042
34474.182
34454.806
34467.516
34453.816
34468.818
34467.723
34455.430
34471.369
34462.827
34473.662
34459.181
34458.088
34461.629
34468.036
34468.141
34417.510
34450.639
34413.395
34443.606
34415.218
34434.595
34433.502
34423.865
34436.575
34420.948
34441.679
34412.041
34436.471
34428.240
34439.648
34429.438
34438.085
34456.993
34478.245
34465.692
34458.192
34474.651
34452.045
34473.505
34464.390
34473.870
34468.192
34466.734
34469.650
34449.597
34473.870
34445.274
34428.918
34432.355
34432.824
34429.126
34446.940
34428.345
34438.398
34438.971
34420.896
34438.814
34431.366
34441.054
34428.657
34446.889
34440.012
34407.249
34434.387
34427.564
34435.272
34428.762
34439.752
34472.255
34453.035
34469.651
34455.014
34469.391
34457.775
34469.182
34464.233
34468.296
34470.953
34474.391
34468.348
34463.921
34471.578
34469.026
34481.058
34462.359
34475.590
34424.698
34416.990
34434.387
34414.334
34441.888
34427.199
34437.200
34430.845
34434.335
34428.449
34429.751
34438.293
34406.312
34431.053
34428.345
34439.179
34433.971
34468.140
34451.525
34460.900
34464.859
34469.963
34476.422
34474.912
34474.183
34468.453
34468.245
34457.359
34475.485
34464.859
34450.327
34473.558
34443.816
34443.190
34431.001
34435.116
34437.252
34429.648
34435.638
34418.240
34438.450
34417.979
34441.524
34441.524
34447.097
34430.741
34428.189
34438.138
34436.679
34435.846
34413.291
34435.429
34477.361
34474.600
34454.806
34458.035
34457.358
34443.086
34472.777
34435.794
34470.484
34455.118
34462.203
34465.067
34467.412
34471.057
34449.389
34437.826
34414.750
34438.919
34438.711
34393.862
34444.597
34432.564
34429.908
34439.648
34447.358
34417.094
34438.502
34424.594
34429.803
34412.822
34432.147
34433.867
34443.451
34476.735
34446.056
34477.620
34448.295
34457.358
34464.807
34467.515
34468.401
34462.932
34462.723
34471.787
34465.380
34438.347
34436.367
34430.376
34419.281
34433.919
34429.231
34438.554
34420.636
34449.650
34411.885
34438.294
34432.408
34436.523
34436.732
34418.865
34440.534
34436.055
34440.169
34425.376
34440.534
34454.025
34465.484
34463.193
34475.850
34472.360
34456.421
34473.714
34451.004
34473.194
34459.442
34464.547
34461.473
34455.275
34457.359
34416.365
34449.285
34419.490
34438.971
34435.012
34433.293
34424.438
34434.075
34432.825
34415.531
34431.731
34435.117
34433.710
34435.533
34446.003
34420.167
34422.094
34426.313
34423.710
34473.507
34477.986
34473.297
34460.640
34459.286
34454.910
34471.318
34463.349
34464.026
34474.704
34463.297
34467.672
34469.912
34468.089
34465.484
34461.005
34436.211
34420.271
34437.513
34440.794
34444.441
34429.544
34430.272
34427.304
34428.971
34434.544
34417.876
34444.753
34404.072
34440.638
34431.836
34429.596
34420.219
34415.688
34459.130
34462.672
34465.380
34477.829
34475.277
34459.598
34469.443
34454.181
34454.389
34462.620
34464.131
34473.611
34466.630
34476.318
34445.170
34429.492
34425.585
34426.002
34427.564
34423.658
34440.795
34432.200
34440.378
34422.772
34437.774
34440.169
34435.794
34434.179
34414.907
34439.336
34417.928
34436.523
34408.448
34475.069
34473.871
34476.475
34463.714
34464.130
34471.110
34454.338
34473.350
34463.922
34466.370
34468.818
34477.726
34469.131
34477.622
34472.465
34447.982
34450.796
34439.597
34435.221
34422.720
34429.335
34433.241
34439.753
34445.900
34426.627
34432.721
34441.315
34430.950
34422.928
34427.356
34428.085
34426.887
34441.211
34413.344
34445.951
34455.067
34471.058
34460.640
34470.642
34476.319
34463.036
34459.130
34468.923
34475.226
34456.577
34466.162
34456.838
34465.693
34467.412
34445.951
34439.076
34435.326
34425.950
34440.118
34439.336
34417.459
34429.232
34420.481
34419.490
34432.305
34411.677
34431.315
34439.596
34439.858
34427.304
34434.805
34433.086
34468.141
34472.361
34477.830
34479.913
34455.171
34481.007
34458.193
34463.766
34464.808
34462.359
34475.069
34446.421
34468.610
34458.505
34470.121
34451.161
34465.641
34423.137
34430.169
34435.273
34435.221
34438.607
34420.168
34440.430
34426.418
34439.076
34423.293
34425.637
34439.493
34409.021
34440.170
34422.616
34441.004
34429.856
34440.170
34433.190
34461.005
34461.474
34449.598
34469.808
34451.005
34475.382
34455.744
34466.683
34463.141
34464.912
34465.433
34459.338
34472.777
34470.538
34472.673
34474.236
34437.305
34430.794
34424.595
34437.669
34437.357
34429.544
34408.813
34439.284
34421.262
34432.461
34434.753
34439.440
34434.753
34415.168
34439.649
34408.240
34474.183
34477.153
34467.725
34468.037
34474.183
34469.912
34469.705
34468.715
34446.160
34468.767
34460.015
34475.590
34467.255
34473.402
34466.996
34447.775
34469.965
34418.658
34438.607
34417.929
34434.388
34419.022
34430.585
34439.232
34413.136
34431.576
34446.889
34442.775
34423.762
34436.264
34436.941
34443.451
34435.639
34429.336
34439.701
34419.438
34477.153
34472.412
34474.913
34449.963
34461.579
34469.235
34466.527
34464.235
34443.608
34475.642
34453.401
34462.464
34450.588
34468.090
34456.370
34441.733
34438.555
34427.565
34434.597
34434.284
34446.004
34424.648
34431.002
34432.565
34426.627
34441.941
34432.253
34453.609
34444.129
34437.722
34424.335
34437.514
34425.065
34443.295
34432.149
34423.710
34470.069
34457.151
34471.944
34468.923
34476.268
34451.891
34465.590
34469.288
34445.952
34449.286
34471.787
34470.433
34465.850
34451.421
34465.486
34429.648
34431.471
34434.389
34434.753
34439.389
34441.733
34423.450
34447.671
34428.972
34429.284
34438.295
34424.648
34422.616
34439.493
34449.286
34448.921
34435.378
34436.107
34430.586
34432.097
34421.523
34463.974
34449.807
34468.350
34460.537
34479.549
34460.745
34469.288
34458.610
34462.360
34474.444
34460.016
34483.352
34446.056
34468.298
34457.829
34423.710
34427.826
34446.577
34438.607
34421.783
34437.254
34420.325
34444.077
34419.595
34431.524
34433.868
34430.013
34449.234
34432.096
34448.608
34413.553
34433.763
34426.627
34435.170
34432.669
34421.523
34471.215
34447.880
34478.351
34451.943
34466.527
34459.547
34465.641
34473.090
34463.715
34472.726
34452.255
34472.309
34442.566
34472.517
34419.387
34439.702
34423.138
34433.347
34433.295
34413.084
34440.483
34428.815
34429.961
34414.855
34430.795
34427.409
34439.650
34443.348
34429.023
34447.098
34416.471
34472.205
34457.151
34471.424
34465.225
34467.986
34475.017
34469.028
34473.820
34469.340
34480.591
34462.308
34468.455
34471.528
34460.485
34465.485
34464.652
34480.644
34457.933
34479.445
34421.419
