39890.649
38651.413
39310.436
38693.761
39385.234
38556.300
39314.186
38685.010
39293.403
38707.669
39341.741
38670.790
39283.349
38760.435
39348.147
38689.855
39361.586
38638.652
39364.503
38731.109
39332.573
38708.867
39344.814
38643.236
39325.385
38751.007
39347.940
38718.139
39382.526
38708.190
39336.636
38650.580
39294.601
38598.960
39194.903
38573.333
39314.082
38671.832
39386.277
38686.157
39368.254
38692.407
39382.474
38633.599
39348.877
38755.539
39331.583
38709.804
39170.110
38697.980
39172.506
38628.963
39174.173
38625.317
39165.057
38623.963
39187.976
38660.894
39184.018
38667.353
39319.395
38690.532
39336.220
38697.876
39195.789
38632.193
39224.386
38637.402
39251.940
38618.077
39215.896
38651.101
39153.286
38636.152
39206.207
38625.369
39141.669
38627.348
39182.195
38647.403
39170.579
38649.121
39170.891
38666.154
39193.185
38604.066
39131.617
38623.702
39122.293
38649.747
39153.650
38654.591
39193.602
38626.202
39173.287
38640.371
39369.505
38743.767
39324.708
38733.974
39319.707
38708.972
39204.176
38636.881
39145.055
38585.157
39161.463
38653.862
39194.644
38652.560
39170.995
38622.296
39215.271
38623.182
39236.315
38609.847
39216.677
38652.872
39152.557
38635.527
39341.428
38658.550
39348.305
38759.914
39338.148
38772.832
39210.687
38683.917
39195.685
38627.297
39204.123
38555.415
39262.775
38615.577
39246.524
38550.623
39189.748
38667.769
39180.945
38634.589
39201.832
38606.878
39248.138
38617.660
39236.002
38600.992
39364.139
38745.642
39206.520
38655.425
39170.423
38632.090
39168.652
38629.173
39169.902
38618.026
39197.457
38572.187
39187.508
38651.101
39171.516
38638.861
39139.117
38541.976
39185.736
38599.117
39154.015
38636.412
39172.402
38613.077
39265.745
38630.995
39204.333
38752.153
39231.731
38620.317
39198.811
38659.592
39222.094
38639.590
39244.544
38591.408
39220.792
38580.053
39203.083
38652.768
39207.770
38658.654
39238.971
38605.941
39214.542
38622.193
39266.526
38631.933
39231.835
38565.885
39232.877
38641.570
39198.603
38591.408
39192.248
38585.366
39218.917
38600.212
39172.714
38620.734
39201.676
38660.530
39174.954
38610.160
39242.305
38620.109
39207.926
38630.735
39188.602
38644.590
39153.702
38651.883
39165.058
38560.572
39191.102
38636.205
39134.065
38660.165
39199.280
38656.987
39217.042
38572.396
39250.795
38599.638
39189.487
38655.633
39128.336
38643.757
39139.066
38653.237
39346.950
38767.103
39309.499
38737.986
39360.286
38757.467
39209.541
38645.268
39151.515
38617.088
39151.411
38653.185
39214.021
38733.454
39361.379
38777.156
39325.751
38770.853
39326.584
38670.739
39389.872
38729.860
39356.118
38730.901
39391.591
38790.855
39391.694
38736.579
39355.962
38754.394
39323.615
38747.569
39179.331
38727.359
39168.132
38608.233
39137.451
38617.870
39160.109
38645.946
39074.164
38662.405
39162.194
38653.498
39167.975
38615.421
39141.098
38652.196
39084.477
38657.248
39205.219
38627.767
39174.330
38615.057
39203.551
38642.195
39186.623
38650.425
39166.256
38581.876
39338.721
38760.227
39332.627
38737.360
39349.243
38687.876
39363.619
38652.353
39361.483
38730.172
39327.470
38733.975
39319.136
38734.756
39324.136
38686.887
39362.942
38746.476
39339.502
38711.369
39361.171
38773.771
39390.966
38751.059
39332.574
38713.920
39223.033
38673.240
39175.685
38628.444
39157.454
38635.372
39203.031
38646.987
39162.975
38644.539
39159.172
38641.466
39177.195
38618.912
39333.408
38727.412
39219.907
38657.197
39224.022
38626.465
39190.738
38639.070
39158.912
38611.202
39198.083
38586.877
39173.913
38566.302
39211.313
38569.949
39227.720
38581.669
39187.040
38639.799
39158.548
38633.236
39181.258
38599.118
39266.787
38603.181
39239.181
38608.025
39162.559
38624.120
39151.568
38600.160
39207.615
38560.781
39169.486
38640.268
39223.449
38640.581
39182.717
38605.786
39195.009
38607.035
39152.036
38653.915
39205.427
38607.244
39222.148
38568.490
39274.653
38610.890
39221.470
38649.123
39183.707
38642.195
39168.757
38630.840
39201.729
38578.127
39154.693
38584.951
39223.502
38647.769
39187.873
38636.570
39201.729
38587.399
39193.135
38619.850
39202.875
38631.205
39157.141
38647.248
39131.514
38648.290
39129.222
38629.486
39148.338
38611.568
39123.440
38665.479
39151.516
38629.747
39179.540
38638.185
39137.348
38648.133
39170.789
38645.477
39136.411
38609.745
39220.324
38632.976
39112.866
38657.718
39179.644
38640.946
39157.714
38588.284
39157.350
38633.496
39195.478
38599.795
39193.707
38643.394
39205.792
38632.559
39131.879
38578.752
39206.782
38651.468
39170.945
38650.321
39152.245
38665.167
39153.079
38632.038
39127.139
38652.769
39156.673
38605.578
39207.095
38647.248
39179.904
38622.766
39199.437
38571.043
39201.626
38537.915
39188.134
38604.796
39192.198
38596.775
39252.568
38615.006
39285.019
38539.946
39215.011
38721.266
39365.599
38709.702
39396.071
38750.852
39324.189
38708.869
39191.156
38703.920
39197.875
38628.027
39287.779
38601.567
39133.442
38661.208
39196.676
38638.237
39210.324
38659.125
39184.801
38620.892
39256.839
38602.869
39196.000
38596.566
39198.292
38645.946
39226.888
38624.694
39137.452
38574.168
39242.307
38642.821
39229.545
38615.110
39179.540
38649.905
39219.752
38654.697
39156.726
38597.192
39195.270
38619.954
39191.521
38621.517
39141.099
38658.812
39121.305
38613.703
39172.924
38665.375
39171.935
38656.728
39200.376
38643.342
39212.668
38584.586
39231.524
38592.972
39200.636
38625.788
39147.245
38635.320
39136.254
38646.154
39226.419
38626.257
39270.747
38620.579
39218.450
38645.582
39188.656
38645.894
39214.595
38621.622
39184.228
38587.556
39145.526
38628.185
39201.834
38640.425
39192.666
38660.427
39208.866
38610.006
39239.702
38615.839
39249.547
38573.075
39374.767
38705.119
39386.122
38748.769
39279.862
38708.817
39344.504
38719.287
39332.576
38670.064
39224.545
38756.269
39079.374
38646.155
39176.311
38627.195
39117.555
38619.225
39143.287
38618.183
39152.142
38658.604
39150.266
38655.531
39134.431
38635.686
39151.777
38648.499
39120.108
38644.905
39119.066
38618.600
39256.215
38616.985
39214.075
38631.727
39160.580
38646.676
39207.564
38637.144
39208.137
38619.017
39187.614
38628.236
39158.548
38654.438
39172.613
38669.126
39144.433
38643.342
39196.730
38620.267
39135.057
38648.655
39145.527
38622.663
39177.353
38618.080
39185.531
38625.996
39170.737
38659.542
39173.290
38630.320
39125.316
38581.045
39220.430
38629.487
39197.980
38621.049
39221.836
38604.328
39147.193
38642.457
39207.668
38588.806
39229.701
38634.540
39211.991
38658.136
39188.239
38637.144
39187.353
38635.165
39191.000
38608.548
39215.065
38579.118
39191.521
38668.241
39190.792
38622.455
39102.814
38600.734
39191.573
38651.417
39164.227
38651.833
39189.906
38635.633
39159.695
38630.685
39231.473
38592.920
39178.864
38646.624
39164.279
38666.522
39177.197
38605.995
39265.278
38575.941
39189.906
38640.113
39229.129
38612.350
39189.177
38637.769
39220.169
38579.691
39191.730
38530.206
39206.731
38646.572
39139.276
38648.552
39161.623
38614.955
39205.221
38567.762
39190.584
38651.312
39195.688
38645.062
39165.946
38614.173
39248.871
38617.559
39238.818
38643.708
39193.135
38655.584
39186.677
38651.729
39156.205
38590.108
39188.032
38611.100
39201.001
38602.766
39106.825
38650.583
39230.223
38594.275
39221.784
38606.308
39165.633
38651.260
39158.810
38656.156
39208.398
38655.375
39350.756
38752.415
39333.671
38728.663
39330.805
38707.672
39363.309
38752.208
39345.495
38739.602
39319.398
38683.347
39343.151
38640.478
39169.280
38720.382
39153.809
38673.815
39156.935
38620.893
39090.105
38621.101
39128.286
38664.699
39112.087
38619.121
39175.373
38637.717
39175.321
38642.457
39177.822
38663.293
39144.173
38617.455
39206.783
38609.381
39154.174
38645.375
39154.434
38646.989
39181.676
38628.706
39181.520
38624.800
39202.043
38648.552
39163.550
38662.251
39138.131
38655.532
39114.847
38623.028
39174.801
38595.578
39143.027
38640.270
39174.385
38612.351
39209.804
38615.163
39170.895
38589.119
39118.285
38651.729
39168.603
38635.843
39210.065
38568.231
39192.250
38636.832
39188.552
38636.363
39210.117
38633.029
39353.204
38671.679
39326.483
38692.723
39366.799
38659.490
39367.841
38667.981
39353.933
38709.183
39221.472
38618.966
39211.523
38630.165
39194.074
38611.882
39222.254
38584.588
39189.907
38628.706
39214.597
38652.459
39230.223
38608.079
39247.256
38594.119
39202.616
38632.561
39213.555
38646.625
39316.274
38713.350
39258.507
38650.896
39208.033
38646.261
39350.235
38726.008
39278.249
38721.685
39370.601
38720.070
39366.070
38747.885
39355.496
38742.936
39314.346
38749.083
39342.734
38697.828
39373.206
38679.336
39459.829
38746.166
39342.005
38714.756
39351.745
38672.721
39348.568
38671.523
39339.557
38751.531
39386.854
38575.837
39389.093
38675.638
39214.701
38623.966
39197.251
38625.685
39177.979
38637.926
39132.662
38606.674
39259.809
38569.534
39159.800
38648.500
39182.980
38645.063
39198.554
38615.424
39217.461
38598.547
39194.856
38589.328
39214.545
38605.215
39199.543
38601.777
39233.922
38581.046
39189.855
38650.479
39222.046
38623.498
39190.584
38640.166
39212.410
38619.800
39202.200
38586.411
39151.310
38651.991
39225.744
38672.513
39226.421
38646.781
39157.717
38617.039
39223.139
38558.596
39136.829
38648.605
39163.603
38665.638
39168.186
38620.841
39190.480
38631.519
39401.126
38729.446
39386.541
38736.061
39200.117
38671.732
39248.923
38623.863
39105.472
38611.153
39120.317
38666.315
39168.551
38581.150
39155.164
38578.754
39108.701
38652.198
39132.766
38632.145
39158.759
38633.447
39145.633
38598.652
39131.100
38646.781
39144.173
38627.769
39119.015
38644.021
39151.727
38657.720
39207.721
38671.731
39082.293
38570.472
39166.832
38608.236
39177.875
38660.012
39210.847
38591.829
39187.615
38617.769
39241.474
38562.034
39122.088
38581.463
39218.191
38611.831
39193.710
38583.807
39178.604
38620.372
39202.721
38653.866
39189.022
38638.083
39160.217
38621.258
39231.005
38730.956
39221.734
38606.414
39179.178
38619.904
39176.000
38597.870
39191.783
38592.609
39226.369
38562.034
39203.919
38599.641
39206.576
38623.707
39226.057
38551.200
39169.697
38585.370
39180.271
38645.062
