4603.261
4087.325
4211.191
4186.606
4225.047
4240.517
4198.481
4218.432
4172.021
4015.807
4227.443
4223.067
4172.959
4073.678
4108.524
4095.191
4171.551
4154.779
4239.788
4128.735
4165.406
4108.056
4120.297
4128.006
4221.869
4159.675
4149.467
4065.813
4099.826
4273.229
4087.637
4243.382
4147.799
4415.899
4187.439
4079.512
4276.042
4256.664
4000.285
4126.912
4233.589
4196.346
4233.121
4129.881
4108.786
4205.409
4071.855
4144.049
4132.589
4167.854
4176.396
4247.341
4070.396
4173.218
4090.502
4066.333
4095.764
4062.063
4189.158
4194.523
4075.657
4051.905
4099.253
4057.999
4064.146
4124.204
4170.197
4240.674
4276.875
4163.686
4139.465
4213.639
4082.689
4082.220
4260.728
4036.643
4082.637
4249.840
4138.580
4223.589
4054.978
4098.785
4079.772
4216.608
4189.419
4242.080
4152.904
4142.747
4085.137
4068.729
4146.133
4150.716
4203.273
4147.435
4144.257
4046.279
4165.770
4055.499
4240.465
4171.135
4111.702
4163.687
4127.745
4093.419
4101.181
4083.731
4451.058
4123.995
4120.296
4212.910
4094.774
4228.276
4134.726
4110.088
4052.113
4203.170
4224.370
4114.202
4129.777
4084.720
4209.888
4124.829
4274.478
4216.608
4179.105
4132.225
4112.483
4173.688
4235.986
4305.888
4209.524
4193.689
4074.980
4154.467
4153.477
4078.209
4096.076
4143.841
4046.227
4110.869
4149.936
4109.931
4146.758
4063.677
4170.093
4092.274
4165.354
4193.169
4103.420
4191.397
4101.493
4093.835
4136.809
4185.877
4147.592
4253.174
4246.663
4180.147
4216.296
4156.759
4207.025
4134.726
4221.036
4201.503
4149.310
4053.467
4102.014
4010.702
4172.229
4221.557
4151.238
4136.861
4218.327
4120.870
4205.149
4225.515
4160.457
4087.481
4195.304
4092.898
4136.393
4094.253
4090.866
4182.230
4260.831
4130.246
4245.465
4125.036
4147.383
4128.371
4114.411
4091.075
4083.992
4142.330
4107.639
4147.539
4128.631
4365.998
4128.787
4206.608
4159.207
4116.390
4115.297
4045.186
4191.137
4120.192
4162.384
4139.465
4165.301
4069.823
4089.617
4073.939
4203.951
4121.286
4111.181
4132.277
4072.063
4095.919
4164.259
4272.655
4193.429
4115.609
4135.663
4213.014
4121.442
4198.222
4077.376
4127.433
4209.994
4137.330
4187.804
4073.626
4122.276
4157.904
4125.037
4102.379
4244.580
4106.754
4101.909
4044.508
4148.581
4129.100
4420.899
4165.927
4091.804
4245.101
4102.275
4202.805
4080.032
4126.652
4177.125
4227.339
4159.988
4135.298
4073.834
4077.428
4201.867
4201.971
4106.597
4332.401
4223.744
4171.916
4106.754
4105.608
4253.852
4153.789
4171.604
4177.282
4188.741
4061.593
4213.275
4119.671
4089.096
4070.760
4093.732
4083.367
4110.400
4150.248
4037.112
4188.116
4095.034
4086.752
4128.423
4188.481
4111.494
4152.071
4159.207
4170.927
4138.372
4199.263
4204.159
4152.696
4129.100
4132.433
4143.060
4082.689
4104.046
4244.789
4086.439
4109.358
4076.022
4108.265
4158.998
4081.908
4294.584
4087.638
4098.472
4110.348
4142.695
4158.738
4086.335
4129.516
4198.325
4110.713
4145.403
4232.600
4074.146
4038.102
4176.344
4143.684
4261.665
4165.197
4139.153
4056.280
4192.075
4117.119
4244.632
4172.854
4096.128
4020.652
4086.544
4134.465
4164.052
4180.668
4187.700
4060.916
4238.850
4221.713
4057.739
4166.655
4145.508
4094.461
4235.725
4194.314
4265.676
4185.980
4100.451
4240.100
4214.993
4118.630
4123.891
4153.634
4089.721
4169.781
4156.342
4115.557
4087.221
4123.735
4182.177
4239.944
4206.138
4168.114
4077.741
4088.888
4154.623
4138.997
4108.264
4097.482
4289.740
4138.319
4295.053
4228.901
4131.861
4191.137
4103.004
4131.757
4193.741
4217.129
4196.450
4127.069
4032.633
4101.545
4132.226
4109.984
4173.844
4162.854
4170.094
4117.640
4316.983
4128.631
4102.431
4172.542
4116.026
4126.235
4165.665
4008.203
4185.720
4239.840
4131.600
4167.385
4084.200
4286.928
4250.622
4057.895
4072.688
4031.278
4090.607
4055.394
4080.762
4177.230
4054.561
4118.526
4186.918
4297.137
4112.171
4081.491
4127.642
4108.473
4251.091
4163.062
4062.166
4137.278
4175.615
4099.461
4177.646
4106.858
4075.084
4066.229
4132.277
4125.349
4232.287
4180.354
4091.596
4147.800
4078.834
4080.189
4088.627
4064.875
4135.403
4160.405
4054.248
4180.875
4127.485
4127.068
4269.478
4205.879
4048.311
4109.097
4170.666
4198.222
4154.780
4126.026
4153.321
4320.525
4224.578
4407.668
4158.894
4120.818
4200.617
4248.069
4203.638
4095.867
4064.250
4231.870
4156.342
4023.256
4113.213
4237.339
4111.859
4194.158
4019.454
4286.095
4125.766
4055.290
4608.262
4192.023
4065.968
4134.830
4041.123
4190.512
4093.888
4126.339
4170.198
4163.218
4131.964
4144.935
4113.265
4195.096
4118.057
4234.214
4104.566
4383.968
4007.734
4145.612
4056.124
4099.149
4135.663
4105.139
4141.080
4163.270
4052.947
4131.600
4167.333
4107.535
4099.201
4179.001
4132.954
4033.778
4187.960
4092.846
4176.656
4136.913
4074.459
4266.040
4148.737
4150.144
4076.751
4081.648
4054.040
4367.612
4179.469
4025.965
4185.460
4155.509
4138.580
4142.643
4235.621
4220.567
4205.982
4219.161
4188.949
4274.635
4103.994
4117.537
4232.704
4117.120
4255.519
4064.667
4111.389
4213.483
4162.957
4131.964
4159.259
4148.998
4169.573
4092.117
4126.183
4172.281
4085.658
4148.321
4172.125
4239.163
4165.093
4121.078
4090.867
4194.002
4043.675
4162.749
4077.115
4183.324
4187.178
4086.544
4136.131
4190.981
4060.499
4113.995
4240.048
4155.301
4077.897
4088.419
4098.888
4352.611
4122.641
4133.110
4214.264
4237.392
4164.155
4302.502
4042.633
4148.737
4162.384
4063.625
4236.402
4062.896
4046.071
4243.017
4238.798
4166.812
4116.077
4291.043
4134.777
4267.395
4199.419
4132.433
4314.222
4256.352
4063.729
4116.703
4189.887
4223.276
4217.129
4089.669
4019.089
4130.923
4066.802
4137.851
4192.179
4119.255
4114.255
4233.120
4059.822
4125.714
4190.564
4119.672
4017.683
4060.135
4102.899
4071.386
4111.389
4102.378
4145.300
4185.251
4222.443
4242.808
4196.971
4107.743
4074.668
4099.097
4203.691
4464.133
4075.240
4105.244
4214.213
4171.031
4146.758
4177.386
4093.419
4091.388
4213.796
4106.181
4103.889
4146.758
4156.290
4102.222
4073.730
4128.266
4057.426
4071.073
4184.106
4258.175
4176.657
4163.426
4130.246
4114.255
4141.862
4092.847
4164.780
4192.023
4122.954
4186.033
4093.732
4214.785
4160.457
4108.368
4223.901
4228.276
4062.010
4107.483
4049.040
4236.610
4092.065
4102.170
4183.324
4124.360
4133.840
4113.525
4205.565
4137.850
4175.563
4193.638
4097.691
4320.733
4232.808
4076.803
4173.531
4127.224
4113.422
4056.385
4233.329
4166.135
4190.668
4036.695
4156.446
4131.236
4285.626
4176.449
3992.108
4067.740
4114.255
4212.338
4153.582
4079.408
4171.500
4254.164
4183.480
4021.017
4192.908
4074.876
4140.872
4275.052
4280.729
4060.395
4085.762
4048.050
4077.064
4161.863
4122.485
4155.144
4110.504
4063.677
4157.644
4311.201
4113.473
4213.378
4158.478
4145.455
4119.933
4040.758
4101.649
4076.751
4107.900
4181.396
4176.344
4091.752
4096.128
4059.041
4094.669
4224.369
4032.945
4048.415
4125.350
4089.617
4115.088
4053.051
4121.860
4071.751
4236.871
4092.221
4184.991
4155.301
4174.000
4067.114
4097.274
4048.363
4148.060
4105.764
4076.439
4194.940
4333.026
4193.377
4115.349
4181.657
4055.968
4199.680
4090.763
4188.116
4179.938
4221.192
4166.447
4097.222
4141.861
4154.415
4157.384
4110.348
4099.409
4121.443
4269.530
4092.430
4195.044
4152.540
4165.249
4081.751
4283.437
4041.643
4068.209
4103.941
4124.672
4231.558
4278.490
4092.170
4068.104
4089.721
4096.076
4059.405
4185.668
4185.355
4091.961
4213.639
4172.333
4114.775
4174.521
4185.407
4169.781
4090.658
4176.709
4139.362
4321.514
4075.084
4183.272
4222.286
4128.215
4230.829
4160.144
4277.552
4070.708
4095.659
4180.146
4112.276
4123.370
4167.228
4236.714
4095.659
4167.906
4169.417
4224.786
4157.540
4083.001
4240.153
4074.668
4145.455
4095.399
4087.116
4168.427
4182.126
4222.755
4140.871
4150.196
4187.439
4072.063
4126.443
4184.887
4184.887
4115.765
4186.814
4064.614
4133.580
4197.180
4166.864
4161.187
4142.955
4059.457
4073.887
4207.441
4085.242
4218.691
4193.742
4134.569
4166.030
4145.143
4378.031
4146.341
4098.524
4134.049
4090.085
4167.489
4125.402
4288.230
4288.021
4255.727
4200.825
4192.022
4076.334
4124.047
4068.938
4172.489
4083.053
4158.061
4090.763
4059.197
4239.371
4164.989
4100.608
4152.696
4167.541
4224.734
4118.474
4013.463
4240.934
4142.382
4208.483
4175.406
4097.430
4104.514
4345.527
4191.033
4147.852
4194.939
4065.344
4153.581
4138.528
4108.421
4114.202
4161.030
4211.244
4146.446
4196.971
4082.793
4141.497
4091.075
4047.738
4148.477
4050.290
4174.052
4064.614
4110.400
4076.335
4151.185
4112.952
4046.800
4026.851
4131.496
4158.478
4080.606
4064.927
4164.676
4182.282
4107.119
4106.337
4304.169
4062.739
4116.651
4189.731
4104.826
4128.736
4119.255
4086.283
4074.876
4104.931
4141.913
4078.731
4154.884
4035.237
4200.722
4167.280
4165.770
4117.693
4087.794
4184.001
4121.026
4204.993
4082.949
4246.663
4108.577
4162.697
4209.629
4144.570
4109.983
4117.120
4103.264
4151.394
4153.008
4147.903
4297.241
4144.571
4057.166
4069.094
4205.201
4265.728
4229.891
4080.449
4295.835
4168.740
4198.690
4029.038
4090.242
4108.629
4140.872
4145.300
4102.327
4187.334
4148.164
4191.346
4137.851
4205.305
4137.330
4094.096
4090.138
4081.544
4139.465
4101.389
4121.808
4116.026
4213.118
4192.387
4142.747
4160.144
4109.671
4157.697
4109.202
4197.700
