8526.038
8211.215
8247.313
8651.832
8045.939
8521.299
9335.596
8542.759
7924.833
5424.434
7894.466
6302.957
8585.836
7132.986
7757.421
8369.252
8864.665
8558.541
7360.561
7241.955
7733.773
8101.517
8309.611
6435.313
8916.441
7951.451
9024.993
8224.811
4655.922
8486.555
8479.002
7809.197
7557.350
8862.477
8261.012
8698.451
8181.004
7930.460
8164.909
7594.854
7588.707
8081.463
7927.022
8372.742
7801.124
8645.894
8274.034
9047.756
8380.919
9294.863
7748.254
8481.659
9205.584
7403.689
7735.024
4195.095
6295.196
8503.693
7824.095
7930.563
8397.015
8448.895
8499.630
6939.894
6850.823
8428.528
8254.397
6409.946
8033.073
6826.497
7492.813
8293.359
8661.415
8957.225
8870.707
9128.180
9193.968
8454.104
7650.849
8806.847
8305.704
5553.249
8500.046
8724.807
6584.183
5792.074
8932.379
8958.476
7605.532
7047.925
4154.935
7832.898
7564.173
8651.311
8206.059
5112.008
3642.490
8540.154
8575.887
7055.634
8219.498
7364.102
8550.259
8946.079
8911.805
8403.005
6588.974
8189.286
8386.701
7742.680
8970.248
8980.093
8623.235
9046.193
6909.318
7416.608
7036.987
8572.448
9064.111
7106.108
7772.058
8514.839
6653.825
7220.234
8543.123
7926.500
8101.101
7018.548
8742.621
7013.078
8693.450
6276.236
8127.718
6521.155
8593.232
8046.669
8148.813
8052.763
3916.110
7909.312
5500.379
7559.694
8814.452
8575.835
8329.509
7920.980
8531.403
8014.217
8134.385
5087.213
6798.943
7592.613
4771.245
7771.746
7926.292
7875.246
7684.654
9107.605
7478.176
8623.183
8710.119
8179.338
8431.706
7788.258
8191.734
8115.061
7702.937
8500.098
8298.152
7359.570
7485.989
7956.816
8616.568
7295.814
9007.543
8245.907
6453.701
8435.717
8395.973
8551.458
7674.445
8801.273
5637.216
7056.104
8497.545
4901.362
6363.744
8994.156
8195.745
7625.951
8028.021
6862.074
9001.657
7764.349
7805.447
6989.795
6712.112
7892.799
8128.760
8005.050
8027.448
6573.140
7149.133
7445.412
8213.664
8830.286
8249.396
8430.508
7168.354
8213.820
8228.510
8705.222
5541.060
7995.570
7634.545
7693.301
8150.325
5859.789
8845.079
8142.199
8498.275
8595.576
8431.966
8112.508
7074.438
8458.636
7494.792
8644.018
8768.250
8143.969
8296.485
8271.117
7919.312
7872.172
7115.901
8820.702
8247.157
7231.225
7861.494
8247.157
8996.449
6684.921
8292.161
8067.035
8971.654
8569.897
8564.480
8216.737
8628.965
6789.567
7425.774
8534.216
5824.994
9118.856
8397.952
8030.730
7518.388
8716.995
8556.457
9294.811
8702.670
8279.504
8248.772
7086.419
7861.182
8118.707
5954.798
7539.275
3727.238
8661.052
6068.976
8886.751
8273.253
8377.950
7156.581
7923.532
6885.357
7494.011
8332.321
8064.118
7440.099
8494.264
7170.021
8413.527
7977.807
7726.533
9113.543
9073.852
8561.823
8218.300
6682.577
9282.778
7661.318
7838.679
8812.472
7854.410
6418.437
8388.108
7671.320
8158.658
8333.832
9178.080
8395.817
7863.838
7211.223
7233.309
8981.864
8938.109
6994.431
5891.875
8891.803
9280.226
7338.474
8852.945
9082.186
6625.176
8435.040
8484.993
7506.303
8952.225
8367.637
7796.228
8677.251
6704.090
9037.754
8286.952
7761.589
7742.629
7989.527
8160.273
9098.021
8121.207
8854.351
6841.708
8649.539
6179.195
8026.250
8983.218
6101.583
8766.218
9067.341
7044.696
7554.537
7664.808
9206.260
8630.528
9172.403
8085.995
8842.527
7199.138
8421.392
8710.640
7743.983
8756.790
8163.971
9030.827
9106.355
8998.636
8288.099
7687.727
7420.253
8462.698
7798.728
7654.182
8678.084
6444.742
8723.140
7746.692
8525.778
8764.082
8754.134
8723.401
8732.777
8631.570
8521.089
8630.423
7410.409
3556.753
8974.780
6421.667
8145.011
8526.976
8620.682
7531.410
8364.043
7888.320
7916.448
9108.960
8367.741
7595.895
8932.744
8545.936
7610.376
8280.233
8960.039
6220.553
7670.694
8032.605
6953.905
8526.976
8621.933
8276.431
7677.258
6969.585
7408.482
8240.646
7892.330
7063.031
6307.177
7066.469
8891.595
8428.894
8192.985
8492.701
8251.272
6847.906
8415.038
8038.126
8206.319
6796.860
8326.123
7939.679
8103.185
7598.812
8072.974
8176.317
3760.105
4257.654
8269.243
9392.008
8183.869
6969.429
8199.653
6905.308
8517.964
4771.454
8771.427
8316.382
8444.781
8490.983
7097.253
8341.593
9249.182
8824.661
8469.730
8976.395
7712.052
7795.395
8691.263
8492.753
8363.939
8743.456
8959.361
8484.992
8175.379
7628.347
7935.616
8440.041
6602.361
10093.222
8330.238
7809.875
8818.827
6332.595
5542.727
7600.271
8649.123
8434.466
6488.861
8447.333
8362.377
9137.869
8694.700
8156.419
8722.933
8227.467
8681.105
7608.188
8329.613
8848.257
8460.875
8983.531
8747.101
7329.046
8640.424
6189.561
8193.610
7393.428
8382.743
8360.293
8521.141
8444.468
8448.323
8090.006
8326.280
9019.837
7379.781
8421.028
6991.931
8938.630
5840.412
7195.075
5756.706
7308.941
7202.368
7860.348
6471.515
8434.310
8487.806
8172.201
8176.005
8239.813
7895.717
6460.420
9031.504
8691.783
8537.289
7673.507
6531.052
7243.882
9404.873
8217.674
7916.031
7815.500
5324.112
7279.718
6779.149
8139.386
8393.422
8572.396
8964.883
8216.685
7154.238
6660.700
7429.890
8001.508
7699.186
7594.750
7959.524
8380.347
7434.838
8299.297
8751.425
8387.066
6960.625
7782.424
8731.839
7850.139
7885.976
8464.001
4104.775
9266.267
8897.376
7026.569
6545.898
3534.354
5518.558
8692.461
8224.967
6751.386
8615.578
8396.755
8149.543
8959.362
8110.998
6838.166
8932.849
7222.787
8574.272
5832.807
8496.244
8897.220
8082.141
8294.088
6109.397
8564.115
8240.646
8555.624
7591.885
8109.435
8483.898
8352.167
8829.088
8538.487
7938.586
8581.981
8321.487
8379.462
8120.113
8426.601
6851.969
8860.758
6552.512
5929.692
9107.813
7805.811
6970.887
8618.599
6903.797
8268.721
7931.136
7620.273
7776.330
7854.046
9012.231
7971.297
8188.661
8416.757
7999.373
7231.693
8606.514
8877.843
8809.191
8508.016
7941.919
8059.430
8005.519
8984.468
4098.159
8333.624
8615.526
6755.501
8816.900
9018.846
8123.395
8823.151
9143.547
8741.892
8405.871
8719.130
7806.437
8587.554
8963.997
8197.933
8296.954
8411.652
8344.510
8689.336
9250.536
8266.950
7727.054
8446.708
8991.344
9162.402
7151.217
4908.551
7827.376
7247.320
8763.092
8537.289
8258.356
8114.592
7934.887
8576.720
4667.329
8049.794
4298.699
8703.138
8113.029
8709.493
8354.303
5303.225
9256.786
7530.785
7443.745
7520.680
7759.036
8345.448
7555.631
8095.528
7659.912
8902.481
8661.781
8206.216
8042.814
8327.790
9051.037
8894.200
7487.448
8997.595
6900.828
7714.866
8668.136
8565.105
8373.106
7257.634
7805.396
6971.668
8279.608
8808.253
8969.883
9188.863
6406.301
7603.866
8373.315
8748.716
9006.710
8290.339
8051.356
8449.364
8260.648
8156.783
8578.595
6913.590
7423.067
7769.142
6896.400
4620.606
8849.403
7329.984
8961.341
8445.145
7467.602
6564.962
7428.952
9024.160
7318.993
8950.089
6845.927
5680.917
9410.291
8449.468
8256.377
8041.460
7931.032
7518.961
8833.359
8395.661
8162.461
8067.348
8429.050
5845.204
8683.241
8435.925
7680.226
8041.148
7894.310
9050.881
9059.111
8077.609
8172.774
8355.396
7290.345
7586.572
8626.986
8615.317
6242.587
7660.068
8663.968
9427.584
7025.007
8326.852
7974.474
6553.190
8425.143
8123.759
6156.224
8200.642
6635.698
8082.818
8328.727
8664.228
8684.335
8457.907
8657.301
8428.894
7838.107
7598.500
7415.982
7670.069
7868.526
8229.499
6805.558
8173.400
7130.381
8497.598
7864.515
7879.882
8404.411
8330.863
9036.453
8228.353
8045.679
8458.324
7803.676
7133.350
6193.103
8584.065
8280.441
5246.916
7997.653
8516.089
8331.644
8345.135
8565.626
7622.461
7432.338
6900.307
8203.142
8529.372
7661.475
8157.721
8579.429
6298.842
5133.468
6880.670
6991.982
8368.575
7640.327
8365.867
8475.929
4004.974
6158.620
8061.045
5562.625
8519.214
7026.049
7210.337
6790.817
8367.846
6235.711
6361.192
8431.289
8193.714
7193.565
6610.174
7918.010
7985.881
4823.074
6801.495
8435.509
7209.035
9241.993
8373.472
8675.949
6325.928
7300.399
8209.966
7474.738
6436.824
7679.653
9184.279
6162.318
8738.820
7204.764
8227.676
8281.796
4703.426
7658.714
9366.745
7922.490
6922.653
8307.059
7033.341
8247.418
6937.707
7392.074
6833.217
8511.975
7980.725
8223.457
7477.655
8331.071
7920.823
8722.099
7825.449
8190.536
8382.275
8688.867
8144.126
5138.157
8445.874
6209.407
8604.587
8049.117
8239.292
7173.458
8429.205
7959.004
8693.451
8378.576
6121.116
8156.731
7690.384
9216.054
7431.973
6252.535
7292.637
8274.555
8158.971
8865.342
7254.821
8453.219
8281.170
8194.130
8090.839
8497.545
8952.798
7961.036
8015.520
8233.979
8430.664
8122.822
8929.099
7741.899
4200.669
8243.458
8275.024
7961.869
8314.351
8111.310
7065.844
7861.964
8521.090
7570.164
8348.573
9023.847
8403.474
5721.964
5758.529
7504.272
9182.613
7353.737
8621.204
6979.168
7114.234
8705.691
7193.565
8134.646
8399.255
7695.436
7286.283
5127.583
7557.559
7824.772
6776.597
6268.527
6199.614
7757.318
5696.128
7731.847
8420.715
8727.933
8701.837
8189.391
8543.852
6799.099
6592.829
8405.662
8424.414
8811.430
8245.438
7447.131
8299.089
7062.666
7646.161
3927.153
4894.070
7926.449
7805.395
6742.636
8341.437
8595.733
6766.908
6757.376
8468.324
8653.134
7741.378
7337.901
8435.612
6717.373
6845.718
6516.780
7681.060
7904.103
8420.872
9431.334
7292.064
7237.215
7228.829
7233.881
7912.906
5716.390
8533.227
8282.109
7624.024
9112.241
8408.579
8258.460
7824.563
8193.350
7672.049
4594.301
8473.325
7404.522
8499.005
8530.413
9062.914
7785.602
9218.970
