267.995
143.244
143.139
143.400
142.879
142.983
137.982
143.087
143.035
143.035
143.087
142.930
142.931
143.243
176.892
176.736
174.236
143.139
143.087
143.139
143.191
143.139
142.982
143.139
143.139
143.087
142.983
143.243
143.139
143.035
142.983
143.399
178.090
176.892
175.903
143.139
143.504
143.399
143.087
143.035
143.139
143.087
143.035
143.191
143.087
142.983
143.087
143.035
143.451
143.087
174.444
175.173
143.139
143.139
143.087
142.983
143.035
143.086
142.983
142.983
143.035
143.087
142.983
142.930
142.931
142.983
142.462
174.705
177.204
173.819
143.086
143.035
143.191
143.087
143.035
143.139
143.087
143.034
142.983
143.034
142.982
142.983
143.035
142.931
142.566
177.569
176.580
143.243
143.086
143.034
143.087
143.191
143.035
143.035
142.618
142.514
142.462
142.462
142.409
142.514
142.306
142.358
143.504
176.007
176.267
173.142
143.399
142.566
142.670
142.462
142.462
142.566
142.566
142.358
142.462
142.514
142.566
142.358
142.358
142.358
142.879
177.257
169.912
142.514
142.514
142.566
142.462
142.410
142.514
142.566
142.513
142.410
142.566
142.566
142.513
142.357
142.357
143.035
177.100
172.934
177.725
143.348
142.566
142.566
142.514
142.462
142.618
142.461
142.462
142.462
142.514
142.566
142.462
142.462
142.410
143.452
176.007
169.183
142.462
142.618
142.618
142.462
142.462
142.514
142.514
142.566
142.410
142.513
142.357
142.461
142.357
142.566
142.410
174.548
174.392
142.514
142.670
142.514
142.462
142.566
142.566
142.514
142.462
142.358
142.566
142.566
142.566
142.358
142.410
142.982
174.809
173.819
170.225
142.514
142.409
142.513
142.566
142.514
142.462
142.514
142.462
142.618
142.462
142.462
142.357
142.409
142.358
143.452
176.788
176.475
142.514
143.451
142.514
142.410
142.566
142.462
142.514
142.462
142.514
142.514
142.462
142.462
142.461
142.358
142.410
176.684
175.694
172.986
142.410
142.566
142.513
142.514
142.566
142.514
142.461
142.514
142.462
142.618
142.462
142.462
142.462
142.358
143.503
176.215
175.642
179.340
143.452
142.514
142.514
142.462
142.514
142.462
142.566
142.410
142.462
142.409
142.410
142.410
142.930
142.409
176.163
176.997
171.527
142.566
142.513
142.514
142.462
142.514
142.358
142.462
142.514
142.566
142.462
142.618
142.462
142.305
142.358
143.295
174.861
176.840
142.357
142.409
142.514
142.513
142.357
142.566
142.566
142.566
142.462
142.410
142.514
142.566
142.462
142.462
142.982
142.513
177.466
173.298
142.514
142.462
142.410
142.514
142.566
142.618
142.461
142.514
142.462
142.670
142.462
142.410
142.514
142.461
143.191
175.903
175.798
175.226
143.504
142.462
142.462
142.409
142.514
142.409
142.514
142.462
142.514
142.462
142.358
142.618
142.462
142.357
142.462
176.371
175.798
142.461
142.514
142.513
142.462
142.566
142.514
142.461
142.410
142.513
142.462
142.410
142.410
142.410
142.982
142.462
176.163
176.476
175.277
142.462
142.513
142.462
142.566
142.410
142.462
142.410
143.087
142.410
142.566
142.410
142.566
142.410
142.461
142.566
174.601
172.465
142.358
142.566
142.462
142.566
142.358
142.462
142.514
142.566
142.566
142.514
142.566
142.566
142.305
142.357
142.410
176.892
176.059
178.663
143.452
142.462
142.514
142.514
142.514
142.410
142.618
142.461
142.358
142.566
142.514
142.409
142.305
142.462
142.931
175.694
176.111
171.631
143.451
142.565
142.409
142.409
142.461
142.566
142.513
142.409
142.462
142.565
142.462
142.462
142.358
143.139
143.764
174.288
174.183
142.409
142.462
142.566
142.410
142.566
142.462
142.514
142.462
142.410
142.514
142.462
142.410
142.358
142.409
142.254
174.809
175.747
177.830
143.399
142.514
142.566
142.409
142.514
142.514
142.513
142.514
142.566
142.566
142.462
142.462
142.461
142.306
176.372
174.965
172.986
142.462
142.514
142.409
142.462
142.514
142.513
142.566
142.409
142.618
142.514
142.462
142.462
142.410
143.348
142.566
174.808
173.142
142.462
142.461
142.410
142.462
142.461
142.462
142.357
142.462
142.514
142.410
142.462
142.358
142.357
142.357
143.087
175.069
169.496
170.642
142.566
142.566
142.722
142.410
142.410
142.566
142.462
142.461
142.566
142.514
142.514
142.566
142.357
142.410
143.555
176.163
177.465
142.514
142.566
142.566
142.462
142.462
142.514
142.462
142.618
142.358
142.358
142.462
142.566
142.306
142.410
142.410
176.111
176.320
168.818
142.461
142.462
142.514
142.513
142.409
142.462
142.514
142.514
142.462
142.409
142.410
142.514
143.399
142.357
143.660
174.496
174.392
142.410
142.410
142.514
142.514
142.513
142.513
142.566
142.462
143.243
142.462
142.565
142.410
142.409
142.305
143.191
175.746
170.642
142.410
142.514
142.566
142.566
142.461
142.410
142.514
142.410
142.409
142.357
142.514
142.461
142.410
142.357
142.930
175.851
174.913
172.829
142.410
142.462
142.410
142.513
142.983
142.566
142.514
142.462
142.514
142.514
142.462
142.514
142.410
142.410
142.983
177.361
175.955
173.715
142.514
142.618
142.514
142.566
142.566
142.410
142.513
142.462
142.410
142.409
142.462
142.514
142.410
142.253
143.035
176.111
176.475
142.410
142.461
142.462
142.566
142.566
142.514
142.462
142.462
142.566
142.513
142.514
142.566
142.409
142.306
142.410
176.215
175.850
174.340
143.504
142.514
142.357
142.566
142.566
142.410
142.514
142.514
142.566
142.410
142.462
142.462
142.357
142.358
143.191
175.746
171.266
142.618
143.035
142.462
142.514
142.462
142.618
142.409
142.514
142.410
142.566
142.514
142.409
142.358
142.410
143.243
176.059
176.424
178.872
143.504
142.462
142.566
142.462
142.618
142.410
142.514
142.514
142.462
142.462
142.566
142.565
142.410
142.357
142.462
175.590
175.955
177.934
143.452
142.618
143.035
142.462
142.566
142.618
142.566
142.461
142.514
142.566
142.410
142.462
142.409
143.452
142.462
175.902
170.433
142.409
142.462
142.514
142.462
142.409
142.566
142.462
142.410
142.409
142.566
142.514
142.410
142.305
142.357
142.410
174.652
175.434
176.684
143.452
142.514
142.513
142.514
142.566
142.462
142.514
142.462
142.566
142.462
142.409
142.462
142.514
142.202
142.670
177.152
175.799
142.514
142.618
142.461
142.462
142.462
142.514
142.566
142.410
142.462
142.566
142.566
142.461
142.410
142.306
142.357
175.955
175.329
142.410
143.451
142.461
142.462
142.566
142.566
142.462
142.409
142.566
142.409
142.930
142.461
142.566
142.358
142.306
175.850
170.173
171.891
142.409
142.566
142.514
142.514
142.409
142.462
143.504
142.410
143.139
142.462
142.358
142.514
142.462
142.462
142.462
176.736
176.475
172.516
142.410
142.514
142.513
142.410
142.462
142.514
142.514
142.514
142.461
142.462
142.566
142.410
142.357
142.410
143.295
176.267
171.683
142.461
142.462
142.618
142.462
142.358
142.461
142.513
142.410
142.462
142.410
142.566
142.514
142.410
142.357
142.931
176.788
175.538
174.183
143.295
142.618
142.462
142.514
142.514
142.618
142.461
142.514
142.514
143.087
142.566
142.461
142.358
142.461
143.452
176.423
172.829
142.410
142.619
142.462
142.462
142.461
142.461
142.461
142.566
142.462
142.462
142.514
142.461
142.409
142.410
143.139
176.267
176.215
170.798
142.566
142.358
142.513
142.618
142.462
142.461
142.566
142.462
143.086
142.410
142.461
142.409
142.983
142.357
143.555
175.798
175.486
170.017
142.514
142.462
142.462
142.565
142.514
142.462
142.566
142.566
142.410
142.514
142.462
142.462
142.410
142.306
143.503
176.632
176.319
142.410
142.410
142.514
142.462
142.514
142.410
142.462
142.618
142.462
142.514
142.513
142.462
142.410
142.357
142.305
176.059
177.257
168.870
143.451
142.514
142.462
142.462
142.514
142.514
142.462
142.514
142.462
142.462
142.514
142.462
142.983
142.254
143.712
175.798
172.778
142.514
142.462
142.514
142.566
142.410
142.410
143.191
142.566
142.410
142.461
142.514
142.514
142.410
142.410
142.722
178.299
172.829
142.357
142.358
142.565
142.409
142.462
142.357
142.514
142.514
142.566
142.566
142.618
142.357
142.514
142.306
143.503
175.122
177.257
168.871
143.503
142.566
142.513
142.462
142.514
142.461
142.357
142.410
142.305
142.566
142.462
142.462
142.305
142.410
142.618
175.434
173.715
142.461
142.514
142.409
142.514
142.410
142.514
142.357
142.462
142.514
142.513
142.462
142.514
142.357
142.358
143.139
176.059
176.163
172.725
143.504
