40714.588
538351.052
296658.566
1084612.148
1699005.504
1455147.602
1778327.506
3369530.195
740313.955
754380.169
232114.579
1624633.603
5131251.418
378161.304
52579.704
1550062.037
1185852.512
535214.256
494768.286
44245.716
1752041.770
85591.877
2502279.320
252016.680
79743.651
7050323.872
588917.988
5365597.289
1433641.688
590794.115
39693.971
3725485.796
5676511.894
2230111.712
57867.826
1874552.075
44871.820
2874610.203
1526428.426
136329.013
482638.437
858969.484
1192620.852
1497302.473
3465449.955
84888.325
650358.329
1540545.085
4502664.826
4788294.833
2957922.383
7342.955
744806.299
606770.396
1697296.389
981334.151
116714.502
2878980.916
2751220.763
2008162.393
385717.292
1822118.636
365641.014
441434.757
85183.462
28924.903
2635698.072
1905770.974
1048819.087
895806.045
69018.449
292491.384
307800.169
1080692.199
132269.512
3294672.830
197862.680
178879.995
245605.512
248476.939
82212.027
1668612.820
2497648.619
1252678.934
652138.598
822110.332
1789317.160
201550.542
1124746.673
3347499.348
2996133.998
234891.400
196042.455
1076751.483
903997.863
1112069.149
3189108.421
888717.993
1160993.304
319364.696
619794.055
126565.627
293405.289
1675151.382
863433.241
164836.758
3673926.799
938807.422
180581.628
42622.388
743772.771
377531.207
1246242.889
172698.515
1853021.153
302860.643
3197438.217
160789.751
1770401.021
3249025.667
895860.852
633362.636
467718.452
2029141.494
1777590.389
2497937.615
451631.678
2319887.227
2797729.650
453361.381
1771232.186
1162295.416
204821.031
155772.755
601314.990
2522440.618
2444465.879
660563.016
193434.245
288376.480
763494.574
535047.277
1259200.773
2831828.187
654463.103
2634741.564
1250315.959
1626530.082
218995.024
1562542.432
2129453.248
655806.627
812604.122
1708451.218
651394.688
546161.811
1114855.197
211958.662
340248.948
524676.433
11282.300
8865.085
191612.562
2463930.510
249428.468
487109.070
37118.051
1706963.745
315256.874
2924395.641
2069518.791
1619968.389
897817.720
1988026.000
924529.134
275012.271
1231656.209
644351.724
1767638.032
318380.830
1156666.860
300555.705
3156976.792
617643.184
6470133.196
1911304.381
332434.187
16786.796
346999.256
957535.345
116055.346
2472963.414
1199750.569
848695.188
42877.939
796619.269
436742.035
2764304.804
1206332.575
1030950.601
511798.796
1342671.573
1018936.879
2805705.799
171756.883
1228886.038
4767014.083
255537.413
120394.366
2492202.905
1998004.680
2301085.494
602440.005
570481.414
561295.362
1360766.546
104883.894
387316.749
2695744.746
754969.496
2997881.308
16470.828
50704.746
908980.277
3399097.296
412164.338
76533.312
2850150.749
792194.184
1385947.623
883363.564
3125917.246
679582.871
245157.291
105441.502
2620416.242
601348.560
1273277.249
57395.765
831176.440
870811.512
136441.148
1388107.434
554206.404
462249.865
66227.931
93064.096
672161.319
536007.804
99988.887
141699.318
1379274.545
2266011.164
1661198.615
176503.450
260979.832
1337575.528
3218149.555
435725.351
494940.826
676458.882
614696.282
886720.217
121468.852
490955.907
1575940.246
2071681.259
775063.056
2235919.976
125062.850
6465346.725
484790.988
407481.138
1433909.140
4522931.350
855956.341
1053153.642
1392619.019
55195.970
206481.854
604869.451
90150.480
1282401.111
912604.435
1841263.360
238556.970
316090.593
2052575.483
320585.252
1780518.521
21103.157
3062085.815
291019.602
1421462.690
234074.659
5002603.343
192297.502
672582.696
3987785.482
3124298.186
1979484.935
557147.663
82458.481
750663.619
970214.727
3181523.490
172011.093
383189.872
3662327.607
1941747.305
911624.317
899089.811
243993.134
2642152.379
75691.362
460267.102
1684959.075
1027167.707
229306.647
4956233.844
1330148.754
2497184.578
372867.723
641370.967
256568.118
885624.912
3007512.425
1357229.694
1516221.134
1858239.437
508977.864
444734.548
1482447.522
27528.839
1004544.574
25247.938
30886.199
94733.747
5065722.714
270844.101
1415150.062
489214.424
1567231.089
7379048.456
314231.109
130965.366
284015.809
5375143.781
1075713.639
287303.736
4091842.665
2019104.494
1869544.029
1003580.806
2115283.184
143235.943
842843.308
160094.937
1695041.597
1250640.143
531427.524
2568106.621
1912869.952
310188.792
3853613.317
106624.601
1317051.755
986112.495
345066.478
286838.279
285694.470
1222054.023
478209.196
157925.195
1080420.997
5058373.337
2971966.391
9898999.077
293938.146
796484.835
661351.712
352071.024
344755.359
3428427.090
994997.029
359812.824
469962.668
916659.362
4794963.058
3641730.025
1097051.661
8738262.292
235736.046
782947.846
1298615.776
49250.186
2560702.407
1907146.292
2158357.034
1464896.958
1747244.133
2577743.570
2311551.470
3420615.060
1535570.398
212373.033
4822434.409
681385.519
482686.116
916622.718
1141156.683
2971872.345
110665.523
3860879.661
869972.687
6470108.036
1041191.748
1938458.675
5858265.812
249119.865
2849416.330
407687.893
941200.296
2131295.490
5837536.269
590990.430
900918.856
1228479.322
964639.942
1587444.220
1166428.247
584409.163
1198509.984
281874.065
502482.911
5512953.797
2735528.967
699435.745
382166.598
108092.358
42403.371
1273917.378
3637838.864
258630.645
970508.757
437079.686
2933323.044
437964.044
3500308.586
2316163.488
2957004.492
28872.203
612620.947
1642280.140
1844109.651
258855.826
1518380.038
1397585.393
605891.175
752922.713
1508262.383
1172191.651
1160619.996
921519.700
274754.050
368716.432
2473703.318
1269332.524
721364.157
1355502.321
1320353.514
50990.308
3407312.340
1345161.833
8561341.819
522180.690
485636.745
1756851.133
1808424.416
2234846.560
1451591.543
522871.749
3112412.650
940247.019
2246360.926
1279241.953
138366.422
816051.154
1611549.097
1024118.780
2376965.606
4364474.934
2071694.607
9097.298
2765673.495
683491.712
1311910.008
1310632.695
1055928.780
3639438.863
64229.731
1618001.412
91256.495
608232.361
2036705.724
2210650.115
346619.226
782744.932
788117.073
423601.979
2495983.288
417796.671
1046598.395
461592.526
618186.829
1736467.510
296523.173
594829.436
193186.744
839525.135
732874.476
2689556.383
2118437.500
473260.025
2929219.720
2714862.414
96731.511
956365.861
3819530.211
1076324.546
1048101.000
198736.873
954088.089
698034.870
731859.018
1757646.374
202750.131
1639043.034
549001.097
250227.962
531166.433
383399.868
821362.531
7681515.050
1307904.440
2443774.467
478123.633
623500.173
2953003.862
508639.594
31572.782
1744659.388
75481.513
828522.146
603816.371
632328.749
258156.554
272470.560
2835920.833
2000784.081
19683.805
2091452.606
59047.194
1619552.237
202069.651
1344144.305
716883.967
3533452.760
1353300.674
200865.315
3290695.272
2143015.484
757223.549
415609.178
132676.808
90305.675
85704.599
1999875.622
2950659.398
884073.330
1624438.770
2532225.886
1797791.184
899221.223
815755.802
2669559.771
442579.011
403522.682
654428.061
2323066.120
681967.063
820973.451
169101.265
1033356.667
1514228.706
486911.796
923634.767
107289.997
849301.281
1759171.679
86585.936
49008.398
668733.788
1290843.997
1892498.763
1963265.753
225870.165
711549.810
8203147.145
1630521.941
212550.735
1474141.245
663033.286
1265886.610
630874.300
103537.287
1377937.597
83051.424
1101884.751
866815.767
221121.679
543935.413
558462.462
311330.159
60739.861
708632.082
437172.914
758843.828
102832.114
1310487.132
872542.007
4026199.389
579217.467
338204.306
1218780.540
822165.819
494206.685
1509031.291
1672548.730
3134485.252
619247.383
2575110.825
1842003.267
2212798.271
2107675.622
1139945.369
1203650.314
874140.088
698131.475
593185.195
4917788.465
1245846.485
2569520.761
414996.996
421073.008
356602.467
1233216.760
413527.424
1817111.412
1016968.316
414186.240
872706.931
366177.626
17399.362
1699491.547
263168.931
85782.683
296292.649
2579589.154
150043.099
4851610.497
4991403.899
2012585.071
1631322.371
758672.055
266883.047
2521693.489
186946.042
504648.604
914077.817
1121306.056
700291.540
607170.898
34587.923
5117956.074
350484.215
801492.976
4229444.988
185677.012
1418019.378
48092.633
2986337.456
1367142.515
91383.337
1687540.136
749041.377
1300336.121
2233306.006
2961166.924
2024889.006
1747167.135
3168521.692
18759.705
840698.338
1779613.392
139377.316
1007864.629
603989.341
281389.630
646289.688
122978.364
748929.183
232720.741
399624.663
1419537.663
270803.383
422063.479
598864.674
1411975.308
1366464.803
89820.215
555307.120
1366430.112
239904.259
4379416.307
2870392.157
2039637.864
1312581.711
1988319.760
674368.331
2042029.561
487656.217
50757.895
1143287.243
57853.539
574266.952
1357642.799
247668.251
302583.741
534996.746
1572600.239
135203.678
600865.342
691776.864
2816925.885
489780.853
1788351.925
1307729.939
2151751.269
1402248.325
1717095.146
4626156.954
819379.853
1843666.680
1760527.587
685296.649
923791.241
1136107.224
4025479.348
581473.965
140466.852
179651.581
1553399.305
322079.094
3036135.586
578132.284
1180014.086
4925366.227
3719831.411
319140.890
1382897.116
1760600.887
836964.291
1490656.751
1289806.996
854188.377
6298082.002
1861587.465
858455.777
947328.142
684878.593
683214.472
1858270.319
5007902.846
2359139.406
3084020.729
747494.947
3220728.727
5093472.559
144413.231
57289.579
226587.698
516104.226
1067340.337
1212377.692
454437.500
1954086.032
221350.570
2869540.792
1216909.492
1147243.595
2824832.659
912945.505
1421383.564
1157976.577
905243.083
59294.151
1017521.600
1705568.271
4042375.921
1009476.072
140210.423
1523237.467
2041698.752
2726318.109
667845.576
524339.309
2400520.000
1468223.010
2761316.235
1161475.989
823492.463
1638269.279
624253.124
2983057.265
2913367.305
1833817.167
548020.853
1685872.131
3646264.531
134609.509
570238.346
1143218.940
1738877.021
1742909.345
953049.970
2019364.439
2264815.033
3969403.851
419036.949
2348626.020
1668000.124
429908.485
2206677.042
97808.399
275642.620
1200871.686
440080.577
791816.653
1439901.286
2267991.499
672309.667
441335.857
2174948.672
160873.858
549486.313
1444304.949
1251896.435
106901.948
684411.948
1732888.163
2562078.850
2863410.295
537568.947
3979774.735
1470627.848
733246.221
716440.198
1891576.395
455143.985
3058907.349
147601.984
968.480
190239.710
904753.416
4266469.909
569952.803
1477784.231
511881.428
760704.335
1370861.396
544014.425
835892.807
289814.377
3921124.309
694979.136
385591.380
585567.826
28408.100
526198.198
1918709.430
1170.635
2032510.545
1153555.178
2433022.870
380708.037
298438.505
110074.031
2027481.251
429334.058
100110.762
727789.023
354457.805
155998.954
3653151.097
1006073.989
1454422.466
475533.020
1076768.844
391775.217
2051909.122
2841190.484
528322.732
78592.087
307647.795
915346.442
1766877.090
244217.091
5653.055
670978.607
990566.637
1715051.848
1141970.557
12198610.202
1004724.174
885086.287
630943.221
612316.081
778953.477
504119.890
1247589.051
1420637.232
4615038.487
3653036.372
192743.760
4591352.106
972624.777
295677.247
2293461.592
482835.719
8820012.120
94612.567
663533.975
650080.050
5689242.577
598904.924
2662698.618
1572775.608
1535468.405
1198451.996
1874194.566
695739.481
45114.793
34667.621
1630878.291
1030037.135
682725.288
388749.977
34437.650
1178617.707
454249.739
499538.194
731096.077
518579.230
1347724.148
271005.348
2429884.212
248242.176
830937.908
622673.352
277465.670
640156.631
862611.641
865876.806
804859.932
415582.611
2937368.815
3780863.322
119718.417
519367.381
2003593.419
2411736.396
7578145.141
639897.076
168107.125
469052.391
2453678.068
828460.115
568841.457
1154055.198
1546155.922
519711.271
67599.916
3196.720
4556072.599
1635683.513
743383.797
583018.422
158760.895
747874.342
