11498.004
8352.538
16124.447
14643.625
17744.971
17736.272
16165.493
13063.157
11496.545
17748.513
16177.422
16175.546
16215.237
16179.557
16178.359
16182.942
16173.566
16212.789
14605.965
17743.981
14639.874
16175.859
17741.429
14609.767
13072.377
14638.885
14643.364
16183.776
16175.442
16173.515
17740.491
14630.550
16175.546
14609.507
17748.513
16178.046
16210.289
17715.385
16210.914
17715.592
14637.999
16174.765
14639.978
17739.762
13065.710
16177.577
16175.703
16168.931
17749.659
16177.630
16180.129
16209.612
16178.515
14603.933
16201.746
17712.416
17740.491
14638.624
14603.100
17741.533
17744.398
16174.244
16171.066
14638.520
13067.741
16177.682
16172.264
16175.963
16204.716
14607.006
14642.479
16178.776
16179.765
16205.393
17719.864
16178.672
16179.713
13069.825
14609.090
16209.872
16176.484
16174.295
16172.368
17741.637
14636.072
16174.452
16172.421
17747.679
16172.733
17740.492
16171.535
16169.035
14635.394
16179.609
16176.015
17750.388
13072.689
16179.609
13072.586
16180.338
14636.957
14646.282
17718.197
16205.080
14601.433
17744.762
16171.431
16174.140
16207.893
17715.437
17750.648
16178.151
17746.950
14645.708
17714.708
14643.781
16179.609
16210.393
16180.651
16182.370
14641.385
16179.088
17751.430
16179.661
17719.603
13101.651
16172.525
16175.806
16176.276
13068.835
16174.139
17744.659
14635.604
16174.660
17745.804
13072.221
14610.340
17748.409
16181.224
16217.113
16181.275
17743.982
16180.286
16179.766
17752.211
16176.900
16181.380
16180.859
17748.930
17752.680
16171.170
16173.567
16177.213
14635.759
16171.796
17747.628
13072.950
16182.526
16179.505
16212.477
17717.103
16212.946
16179.036
16186.485
16181.796
16177.421
16212.112
16177.108
16177.473
16175.650
17750.180
16175.494
16180.234
16209.768
16182.943
17749.085
16175.442
16174.400
16173.723
17744.606
17755.805
16181.953
16182.839
17754.503
16182.161
16178.098
16177.421
17748.408
17753.096
16178.723
16180.338
16180.755
16175.025
16173.723
16175.390
14634.718
17717.520
14645.552
17754.659
17754.190
16185.234
17750.493
16181.015
14608.570
16219.821
16181.744
16179.973
16175.650
17748.252
16172.629
17743.460
16171.066
17743.252
16176.067
16174.192
17754.086
13068.470
16180.078
16177.213
16214.716
16179.609
16178.828
16180.599
16184.817
17754.555
17749.450
17749.034
17713.509
17713.822
17744.866
16182.735
17749.190
16182.734
16182.734
17750.024
16182.734
16209.404
16186.693
16175.546
17755.388
16180.807
16172.942
16177.473
16182.161
17749.815
16181.744
16217.737
17720.333
16210.602
16181.015
14613.674
16214.091
13072.273
14608.205
17753.357
16181.640
16181.484
16173.723
17710.176
16210.393
16178.724
16178.254
16176.327
14637.582
17740.544
17708.665
16196.433
17709.915
11531.236
14604.610
13098.473
14607.371
16181.641
16209.664
16182.734
16181.693
16180.754
17748.201
16171.118
16172.630
16174.765
16203.934
13067.793
17740.543
16170.858
16175.598
16173.618
17740.751
17751.639
16187.005
16183.411
17753.774
16179.505
17748.930
17715.020
16214.925
16181.327
14632.530
17714.603
14641.385
16173.515
17744.450
17745.075
16173.619
13070.919
17744.710
17714.447
14642.427
16180.599
16176.067
16202.267
16176.432
17739.241
17713.040
17744.503
16176.379
16178.671
16217.425
16181.536
17743.773
16171.119
17745.231
16181.068
17718.874
17755.180
17748.617
16183.047
16182.943
13074.981
16215.706
16184.401
16175.806
17741.221
16170.233
16179.296
16180.911
17742.418
17753.097
16182.109
16184.036
16212.268
14607.996
17747.367
16183.672
16184.349
14645.657
14641.177
16181.588
14613.882
17751.065
16183.515
16211.278
17718.041
16211.592
16181.484
14612.997
13076.752
16209.456
14609.247
16213.883
16181.953
14613.674
14643.365
17745.700
13074.408
17751.430
17718.406
17756.587
17749.867
16182.057
16177.421
16175.234
16214.925
17719.708
14639.614
17744.658
17749.242
16180.286
16182.943
17746.794
17746.534
14610.080
17751.898
17754.087
17717.416
14645.500
16180.338
16182.525
16213.936
17717.885
17745.232
16185.026
16212.477
16183.881
17744.658
16183.411
14606.434
17748.929
16181.016
16209.664
14610.757
17749.398
16177.890
16180.703
16210.966
16179.036
16182.838
17746.951
17714.708
16201.278
14613.465
17747.940
16181.068
16175.546
14642.531
17743.720
16182.005
16178.828
17750.023
16181.224
14639.927
14610.184
16214.247
14609.090
17749.399
17745.179
17741.221
14614.299
14639.197
17749.242
16182.318
16176.588
16180.130
16180.702
13074.721
16218.831
16171.639
16171.535
16180.078
17750.856
16177.474
16178.984
16206.851
16173.358
16182.109
17747.732
16179.296
16170.390
14633.884
16172.160
16183.880
14644.197
17741.585
14612.163
17745.335
16179.244
16180.598
16224.457
14611.277
14647.062
16181.380
16175.129
14642.115
16180.130
16178.254
16185.026
16215.133
17718.562
16214.717
17718.874
16203.309
17712.832
16175.859
17718.718
16184.192
14641.542
14646.385
16177.942
17755.337
14609.767
16213.154
14610.497
16176.640
17746.169
16177.213
11536.184
16179.765
17746.273
16172.368
14633.468
16177.786
17751.274
16177.161
14604.350
17747.211
14642.114
16181.589
17751.898
17748.721
17713.092
16171.744
14611.747
17756.482
17747.992
17713.353
16214.768
17716.426
16219.353
16182.682
16180.442
16184.454
16182.213
13069.512
14644.302
14648.000
16180.234
11497.066
17754.035
16178.515
11539.153
16183.828
14642.896
16182.630
16178.098
17752.732
16184.037
16177.994
16208.101
14605.340
17741.481
16186.589
16181.484
16212.946
14608.829
16181.953
16210.654
17718.875
13074.512
14643.260
11532.591
14615.549
16182.161
16214.925
16184.922
16177.838
16181.223
16182.630
17746.378
17748.408
14644.354
17715.906
16205.497
16172.786
16180.859
16183.046
16179.765
16214.613
16170.806
16175.129
14644.146
16180.651
16181.588
17747.524
14603.985
16208.518
11506.546
14640.552
17716.687
16180.234
16180.599
14647.531
17717.989
14644.771
14644.094
13077.742
14613.465
16215.134
16181.900
17748.408
14612.059
13069.200
17746.585
16174.088
16180.234
14644.771
16179.244
16183.515
11534.049
16177.630
17748.200
17750.909
14612.580
16211.956
16176.015
16182.734
16180.338
17750.076
14611.694
16182.317
16180.390
16178.879
16179.088
16170.806
16217.061
14612.372
16207.737
17719.187
16174.348
16211.799
16182.370
16181.380
16179.452
14643.000
16178.515
14642.166
17742.575
16179.974
13075.606
14612.268
16216.383
17710.749
16211.747
16183.360
16181.692
16180.963
14642.479
17748.617
16180.078
16178.827
16183.359
14646.751
14609.090
16214.873
17718.978
16214.561
17718.249
14645.448
14642.739
13065.866
13069.981
16181.953
16181.953
16182.525
16210.966
14610.757
17751.638
16177.942
16176.171
14648.834
16176.119
16181.536
16216.800
16180.078
16183.984
16182.317
14639.719
16168.775
17746.013
14640.551
17718.875
17745.388
16183.463
16182.422
17751.169
16183.255
16211.019
16175.858
16181.693
14642.687
16184.714
16182.005
14641.697
14605.652
16209.195
16169.296
16179.661
16183.255
14639.562
16168.879
14637.530
14607.215
13075.606
13071.492
17757.264
16173.515
16199.298
17713.249
16183.255
16211.330
11504.723
14641.124
16180.859
16174.400
16184.765
14640.239
13070.762
14647.011
17749.815
17719.552
17753.461
16180.859
16178.567
17748.148
14637.843
16179.088
17754.086
17747.784
16182.942
16182.682
16183.360
16178.463
17746.846
16177.890
16211.852
16179.557
16180.494
16178.411
17748.461
17746.846
16176.015
14605.808
14642.062
16181.223
14642.167
14639.562
16173.254
14603.413
17751.638
16179.453
16213.674
16181.068
14611.798
17749.867
16182.369
16212.790
14607.788
16175.598
16207.476
14611.642
16182.162
16214.769
16178.620
17743.929
14606.121
16178.828
14645.500
16182.318
17742.314
17740.439
14608.778
14646.490
16181.119
16180.442
16212.060
14602.371
14637.479
16180.911
16179.609
16206.434
14607.736
17752.784
14645.656
16180.234
16178.255
14637.270
14606.069
17739.814
17753.097
14609.559
17751.586
17745.961
16177.473
16182.213
16210.550
17717.208
14638.989
13069.668
16172.837
17742.836
16182.890
14645.135
14610.861
16210.966
13070.345
17715.802
17749.658
17751.065
16175.702
16173.984
16207.685
17723.822
16180.339
17713.562
16181.848
16211.956
16177.473
16184.141
17749.294
17751.482
14610.445
17751.430
13076.335
17752.576
16180.338
17746.065
16172.838
17748.773
16180.859
16181.120
16176.275
17741.898
16173.098
17749.398
17752.732
17714.968
16181.693
16180.911
16178.463
16181.953
16179.296
16176.224
16181.900
16184.714
17752.159
16180.599
16173.619
17749.086
14643.468
16181.953
16178.515
17748.773
16177.109
14636.853
17720.645
17749.398
17750.128
17756.118
16183.151
17752.628
16183.672
16182.057
16182.005
16180.025
14634.614
16170.389
16178.932
16218.207
16179.609
17751.950
16181.276
16174.088
17747.211
16181.796
17746.117
16180.859
16180.390
13071.648
16184.401
16216.540
17712.416
16209.299
14602.215
16184.557
17749.920
16181.067
13070.085
14637.062
16178.411
14638.624
16179.453
16180.911
13073.262
16213.415
14614.299
16185.234
14643.208
13073.575
16176.431
16205.601
17711.686
17749.867
16178.568
9962.123
16180.338
14642.323
17752.367
16181.016
16183.047
16180.963
16208.153
17716.635
17750.753
16179.557
16213.727
17707.936
17742.575
16175.181
14644.406
16180.859
16181.589
14637.426
16172.941
16175.807
17749.815
16179.869
14644.667
16182.943
17753.409
16175.702
16177.942
16180.130
16209.768
16168.879
16180.390
16179.400
14649.459
16182.838
16178.776
17756.899
16178.515
13075.085
17745.961
14644.979
14600.808
16208.362
17710.332
16212.216
17715.749
16175.390
13097.952
16177.942
16178.359
14643.989
17720.542
17748.617
14637.686
16175.077
16182.317
14644.302
17752.055
17711.478
16173.775
16206.955
16181.224
17748.513
14609.038
16180.599
13108.213
14606.955
17749.971
16176.223
16178.515
16208.830
17720.646
16183.151
17715.020
16181.640
16205.080
14601.017
16170.545
17749.659
16180.859
16211.800
17719.343
16212.841
16181.588
16179.974
16178.150
17750.076
17753.774
16179.140
16183.307
17753.722
16176.483
16183.828
16173.775
13105.244
17717.728
14649.355
17743.304
17709.550
16212.217
14610.392
16184.766
16212.841
17714.083
16216.123
16179.609
16179.661
17752.211
16184.297
16180.026
16179.140
14638.572
16178.672
17754.086
11501.598
17714.551
16180.964
16212.893
