824459.882
825990.970
829205.712
838895.101
839557.875
822064.387
836520.077
837104.561
826625.773
822162.730
831073.761
836992.936
830394.580
821555.691
830578.140
832626.987
834338.822
827979.969
821921.561
838608.877
824046.041
835955.544
828475.955
829276.711
829702.430
826766.100
827454.761
825366.015
834418.310
825275.017
837206.812
823067.456
827671.815
832813.309
831637.204
824807.523
828447.620
832582.974
829543.457
829846.976
830073.301
830350.567
829220.613
826533.005
823715.489
832395.613
828823.648
830654.504
831304.880
830163.467
831751.383
837506.063
836251.200
836177.338
840137.623
839401.874
830600.854
832344.463
832203.928
826699.794
829119.354
830451.256
836118.375
829931.621
825251.371
834216.783
823633.973
826156.355
828641.340
835275.584
832825.448
825673.912
826639.424
826496.286
834104.428
829999.338
832945.252
832179.552
835446.227
835651.352
830729.774
829822.290
832307.117
843361.743
835592.075
841015.785
833581.773
834122.244
826910.285
840505.370
823688.928
832001.566
829893.286
824106.104
825651.881
828089.777
832960.723
837070.085
828115.717
821335.260
829356.620
824285.653
825166.625
831228.314
832834.409
826478.004
833508.017
825980.508
823229.509
824655.795
823437.759
823798.367
834595.416
837922.567
824696.945
829027.266
829833.960
826404.769
830983.500
838737.022
818797.512
828703.224
835410.185
838653.420
824900.351
833463.744
831093.147
833061.205
821148.160
837316.049
830493.609
824436.504
828178.850
835948.415
827361.792
828287.299
826083.905
821668.264
834579.635
835864.918
835612.966
821118.888
840840.980
827517.016
829159.156
824974.057
826308.042
824933.845
830484.130
832370.773
829283.856
833420.565
839702.692
824707.261
828240.889
833193.563
826138.391
834626.568
831226.339
829612.587
832191.382
821682.902
831825.929
833048.081
832413.383
831137.841
819690.311
832129.866
827472.742
823849.157
829783.750
834754.915
831111.745
821184.729
824273.365
843174.180
834408.372
838339.539
831409.484
824909.001
823945.261
826419.618
830010.805
842089.125
829351.208
819889.030
827241.366
836578.220
831911.929
830064.299
832396.196
826484.469
827414.248
833079.752
826520.619
837146.297
831031.114
831219.830
829002.321
824425.101
825365.089
825277.685
832716.123
831860.206
836791.315
829676.658
830854.639
838431.684
833383.012
825883.942
829989.502
830202.439
835089.117
832117.992
831584.502
837299.074
835678.030
829755.990
830727.075
832565.536
828212.505
831433.915
831135.344
826240.592
821003.256
839404.489
823264.051
825226.432
834870.399
831264.524
825214.712
833804.773
836580.307
819727.350
826337.374
822870.680
819398.984
826141.053
831132.584
833359.470
830673.217
831295.570
829508.519
827250.849
822670.452
838956.582
834862.639
846638.326
830935.014
839451.266
829335.951
834347.171
833345.771
823531.735
834941.240
826787.888
832374.061
821487.836
832189.147
824949.895
838565.971
836386.903
834382.384
832291.606
836923.415
825920.355
827882.788
841290.927
826184.652
824155.599
838652.491
827436.025
834018.807
825407.129
829189.844
825317.797
833755.813
838617.748
835880.865
837615.619
831203.947
826989.263
826972.230
826625.321
837984.457
827549.162
828588.327
831035.026
832168.886
832296.712
834852.328
829413.669
836585.102
831301.615
837261.523
827620.472
828710.892
823738.789
831983.869
825334.466
825494.169
842234.876
828022.491
831569.141
838043.944
828025.668
829289.334
825818.890
833600.539
834274.615
828518.113
827195.640
829275.114
824847.075
829830.429
836339.610
827101.881
826811.904
824020.848
838636.658
823756.188
837962.582
830409.393
825062.878
822146.342
825835.767
831970.796
837758.656
836298.045
836019.840
826188.354
831619.877
839516.902
835467.130
833357.964
832551.166
828209.021
825557.406
827476.293
823406.936
833473.497
836665.737
834445.102
840448.400
833878.901
832135.761
832013.301
831953.973
833157.841
832562.730
836178.034
834080.796
830865.429
828634.585
831882.299
824280.980
821618.375
829487.533
826419.211
832374.431
832898.701
829289.962
830386.892
834283.733
824153.208
832367.973
830587.277
827080.266
827051.044
822731.349
826026.674
824191.337
827886.752
823925.321
825845.390
823979.996
830428.847
822513.878
825537.606
835723.684
823657.279
830599.037
835494.141
828651.827
835240.061
828128.502
834757.626
829003.385
841477.491
832964.705
838309.905
832200.994
828050.967
836373.638
833774.279
833582.649
835653.892
827542.706
828057.915
832695.808
834681.261
831514.556
826867.919
840077.566
820742.499
830421.758
825659.745
829954.168
841265.405
826553.693
830088.983
832735.644
834945.441
838720.648
822197.097
825591.018
836290.062
834593.549
829078.183
833976.309
829054.593
824460.096
824331.807
838041.189
829590.647
825348.475
832521.089
828422.785
820880.663
830698.529
836679.884
824359.598
837375.165
838737.069
822817.169
832485.906
830721.210
824271.744
826843.763
832059.732
838690.264
824437.762
836977.086
834451.535
832518.073
829769.221
835872.879
831581.327
833517.712
827431.822
834918.425
831042.799
831995.809
832199.321
829663.510
831700.789
829977.920
830336.707
825909.830
822892.045
837648.665
829437.571
828413.882
842708.115
835543.685
824840.270
827358.586
830804.595
830055.152
830685.996
829534.483
833014.506
832162.188
823691.538
831395.871
832729.907
841045.236
822982.576
829709.159
831930.728
839880.709
833619.594
827913.010
826596.533
829681.621
829725.274
828003.603
829352.224
835675.436
835206.696
834025.909
825744.339
822001.484
829595.494
832515.255
824363.749
831366.453
830738.844
838604.339
830913.033
824064.829
836059.885
832760.249
840135.385
829376.651
837563.634
832141.556
833053.938
828715.192
830079.648
829986.569
826741.835
829582.786
822719.529
834490.293
830355.316
825263.426
828642.659
828121.361
828726.422
830339.235
839926.092
825331.782
832867.923
828823.893
826021.336
842989.785
825359.559
824901.602
840255.991
821810.634
835771.869
830819.627
829103.006
832599.958
824541.534
829693.697
834711.367
827888.998
837641.913
825633.944
825123.897
826859.586
835939.781
827829.893
835167.317
838321.529
836369.678
825111.050
822967.930
827676.249
839538.012
822783.129
839915.554
834689.118
833315.136
831604.141
833152.208
829394.246
837004.041
834570.269
824937.160
836947.324
827863.488
832909.391
839059.566
837143.395
824409.522
836503.131
833718.491
831861.233
830660.339
829708.792
841863.241
828634.892
822810.742
835442.217
825375.890
822408.628
825473.039
831160.983
831052.954
819154.211
832494.243
826237.344
826192.133
833449.758
838627.184
829389.636
830820.348
824176.327
827855.849
828841.207
825252.323
835103.427
824075.132
830173.324
830917.408
833096.941
830472.995
836269.179
830896.426
836337.262
824070.411
834718.518
834099.347
834563.404
836696.893
829073.195
825956.960
832311.167
828446.111
829990.949
830254.883
825828.575
829811.512
827349.351
833822.682
827227.261
823403.666
840251.640
832237.800
829685.370
834650.276
828807.009
826703.164
818355.437
828970.313
833965.326
840540.074
830466.818
832703.806
834296.565
838408.629
838632.871
828545.134
829004.608
834279.440
828363.665
838911.035
841427.529
833930.978
824721.867
829646.821
832616.275
823745.009
830047.230
828446.975
824271.680
831467.114
832300.998
822997.503
838380.285
826860.483
828152.432
829209.462
824018.393
826795.276
830564.286
826499.211
835819.223
833760.642
827249.810
821651.774
827176.370
824554.037
831697.330
829082.758
821859.409
824987.733
834899.625
829237.573
826111.858
823531.038
831116.145
822402.653
834716.912
828548.561
827895.793
830529.902
831451.346
825014.063
829104.719
825724.083
829353.185
832251.277
828904.968
837958.706
836629.310
835528.529
833455.832
834804.609
836270.325
832236.345
826672.844
835997.649
823237.830
838764.013
830261.843
823938.007
826293.393
832445.185
837345.450
828952.092
835378.076
828443.713
832679.436
828159.263
835718.066
829565.809
828927.937
830937.247
822133.590
830371.103
836391.841
839249.358
829067.546
835873.568
835921.595
829454.099
825538.152
835153.715
836327.371
823960.922
832871.626
826504.973
831244.547
827378.134
817482.027
829308.533
828898.131
835770.148
829241.136
829910.213
829508.717
831381.036
828704.321
828316.526
832211.122
844442.666
823941.578
823810.110
827410.250
828939.670
825318.854
834756.380
831666.918
829273.356
831033.006
823990.195
828044.910
827430.946
825420.390
820677.018
834714.362
841044.973
827826.723
826752.663
817904.886
824487.085
831373.843
828167.234
833943.521
830315.934
824650.703
825886.293
825831.445
827193.036
826751.069
826046.523
829277.045
834117.618
837882.514
831335.322
830477.481
833861.141
832194.890
826424.961
828844.831
830155.011
833231.350
840519.763
832534.724
832618.276
822588.197
835400.475
838464.991
826055.620
836313.017
829990.899
831837.693
833316.119
825091.213
835006.701
834330.545
828101.143
826905.822
824246.609
827755.595
834749.812
830147.547
831734.786
834322.381
829600.156
828933.114
828742.629
840164.878
825822.090
831997.635
829632.722
835233.576
831875.650
823859.045
831046.251
834859.433
834803.126
833106.767
826514.466
828240.416
832506.089
832765.596
827421.748
831105.699
825887.541
833613.496
829735.937
825495.372
826175.283
836897.674
828988.059
828941.442
824039.199
832080.758
823893.771
831801.463
827563.504
826772.804
831725.315
821012.407
827390.108
834719.932
824648.493
839774.590
831718.501
822624.552
828606.016
832756.471
832744.128
825694.542
821807.502
828008.259
828787.242
835701.140
826811.481
833387.222
823918.028
830551.117
825406.665
840272.424
824305.207
829809.855
826462.918
835313.827
831870.371
827116.736
828491.454
826987.248
839994.234
825083.890
828799.198
826768.900
829385.925
836041.465
836471.457
831623.021
827747.387
827216.452
830433.849
830111.475
831280.547
824358.839
840698.439
831829.043
838211.119
825530.364
823113.987
827456.751
835804.017
835613.740
829666.293
833630.167
837382.874
840356.757
822143.956
836446.694
834320.553
831939.231
827450.465
831540.080
833315.983
827929.579
836575.520
826044.139
836356.751
834975.421
833527.679
836927.332
829510.367
822567.718
837899.566
823221.638
823275.968
833487.581
829957.867
831347.898
830151.586
829037.001
827439.921
826826.790
832987.127
835359.858
827022.751
830002.311
941450.377
833712.881
833860.085
829367.203
827098.184
831430.218
839680.341
830878.553
830113.012
837495.707
834912.229
832251.348
819802.333
833048.355
833197.433
819773.897
825530.966
836315.030
821649.760
822632.878
820949.643
831176.987
836189.765
833205.468
830712.207
833404.188
837186.846
824073.288
839913.623
825319.400
834392.258
825526.142
827679.633
828639.102
825158.975
828102.334
830322.341
838512.406
839912.022
837351.255
843700.933
836450.025
834442.592
835252.672
833280.191
827204.500
824784.111
829700.421
824504.087
831692.648
822062.239
822601.198
838398.249
839485.959
829022.136
838888.821
837961.128
834955.839
839727.917
833456.895
828523.658
826944.653
835374.272
837870.504
826788.079
833813.916
833309.806
825577.289
831567.661
829393.338
833058.068
830042.309
823724.616
833441.912
830362.604
824140.545
836723.379
