352745.808
252094.972
251639.199
251266.299
250591.859
249640.725
248865.130
247686.369
247561.566
247176.893
246904.055
246628.143
246517.299
246465.263
246260.868
246097.519
246282.954
246077.622
246050.848
246032.565
245996.833
246051.942
246136.794
246014.751
246171.381
245840.620
246281.236
246416.509
246173.622
246128.617
246261.859
246116.429
246171.018
246233.316
246137.889
246042.307
246036.213
246208.678
246044.443
246286.654
246229.930
246199.563
245832.497
246138.672
246286.290
246162.164
246106.221
246471.881
246209.199
246321.555
246006.211
246030.537
246089.918
245965.062
245724.570
246159.872
246079.344
245994.076
245950.999
245988.086
245952.926
246233.891
246142.789
246089.137
246297.856
245990.431
245803.069
245798.277
245923.185
245942.770
245767.857
246061.376
245902.350
245852.189
246009.027
245962.617
245996.578
246002.934
245900.475
245885.890
245740.929
245948.137
245836.251
246144.927
246096.745
245918.968
245992.517
246104.663
245893.028
245999.549
246023.249
246169.722
246049.450
246051.794
246048.981
245997.830
246193.579
245994.132
246344.218
246143.158
246019.917
246147.793
246111.384
246111.852
246202.383
246171.130
246119.562
245877.716
245982.935
245901.260
245963.714
246174.411
245951.630
245999.186
246035.805
246005.541
246163.318
246000.021
245872.613
246113.990
246042.108
245990.177
246140.660
245956.319
246052.162
245984.395
245894.595
246094.093
246036.796
245891.626
246019.659
246267.496
245992.990
245888.136
246196.864
246184.676
246172.592
245940.277
245975.958
246061.279
246120.087
246357.558
246119.826
245908.504
245902.983
246117.847
246223.222
245976.376
246036.538
246214.055
246135.922
246000.076
246182.490
246162.801
246044.403
246024.506
246102.013
246164.572
246140.924
245955.750
246062.375
245963.928
246093.471
246156.083
245966.741
246201.660
246067.480
246097.848
246090.296
246224.318
246056.125
245939.343
245996.536
246274.637
246143.426
246109.412
246231.144
246035.291
246029.248
246064.930
245974.816
246005.341
246182.909
246039.615
246218.122
245980.286
245880.225
246029.927
246060.764
245919.031
246027.895
246077.171
246184.942
246076.390
245802.197
245940.804
245912.781
245885.539
245922.990
246063.838
246348.345
246032.012
245901.322
245739.432
245874.913
246069.203
246146.346
245855.641
246200.049
246022.272
246223.229
246078.371
246098.582
246033.784
246156.088
245926.795
245977.425
246004.302
246080.664
246131.086
245940.077
246035.087
246225.210
246036.077
246229.950
246298.655
245956.538
246135.566
245888.251
246145.202
245883.875
246046.235
245994.042
245879.188
245872.625
245960.810
246108.585
245990.553
246187.187
245947.112
246251.881
246035.870
246137.130
246171.718
245939.872
246202.449
246110.670
246033.944
246224.223
245724.278
246125.568
246041.654
246168.697
246059.207
245862.470
246019.516
246241.517
246035.142
245933.310
245807.725
246175.156
246152.655
245875.024
246034.935
246018.684
246020.559
246149.166
246177.085
246013.163
245979.774
246056.500
245899.506
245994.359
246128.330
246104.265
246184.534
246257.094
246476.333
246544.465
246544.517
246494.304
246528.422
246742.870
246558.529
246557.749
246597.075
246531.287
246467.948
246461.125
246370.439
246359.657
246467.011
246831.995
246589.366
246891.167
246606.348
246841.162
246833.818
246655.520
246594.108
246734.434
246658.801
246609.786
246544.936
246539.519
246611.401
246319.186
246477.274
246667.969
246547.437
246523.425
246211.519
246369.920
246505.871
246538.114
246656.094
246645.677
246628.800
246602.548
246496.131
246566.919
246727.404
246770.012
246646.198
246641.823
246669.794
246492.799
246598.433
246682.191
246953.416
246668.232
246712.039
246620.832
246723.446
246580.724
246602.601
246646.095
246801.580
246623.541
246644.116
246425.085
246400.551
246408.573
246373.934
246576.662
246387.581
246784.599
246752.878
246764.024
246610.885
246609.061
246755.639
246638.544
246677.038
246549.317
246684.798
246789.392
246510.875
246610.312
246777.099
246637.659
246486.551
246363.102
246499.052
246714.541
246699.906
246555.516
246589.270
246850.962
246539.214
246807.833
246763.090
247019.103
246643.025
246553.590
246674.644
246728.450
246643.443
246554.371
246567.081
246625.680
246659.851
246829.607
246524.004
246559.425
246469.208
246775.592
246540.986
246513.587
246632.401
246620.994
246585.366
246693.136
246688.136
246616.827
246653.236
246365.969
246602.347
246436.862
246476.449
246722.932
246826.692
246529.007
246394.671
246526.299
246475.199
246637.247
246667.146
246446.500
246513.485
246617.818
246550.677
246450.407
246497.338
246640.841
246526.404
246725.173
246657.198
246439.208
246508.798
246525.518
246422.540
246552.761
246542.239
246544.636
246641.155
246571.513
246678.971
246611.674
246625.685
246578.285
246602.454
246562.867
246444.210
246581.775
246767.470
246362.014
246467.858
246519.165
246425.719
246503.383
246712.153
246578.807
246564.483
246510.832
246461.191
246485.569
246470.880
246466.661
246576.568
246609.227
246542.606
246375.611
246411.969
246589.070
246704.602
246647.670
246530.523
246492.967
246460.620
246470.882
246642.461
246387.541
246552.921
246556.515
246606.520
246669.027
246526.721
246579.278
246445.776
246592.353
246455.048
246353.163
246376.446
246501.354
246436.713
246421.451
246695.957
246428.535
246431.609
246616.210
246289.303
246509.377
246519.325
246785.758
246675.904
246422.025
246441.506
246307.430
246533.494
246423.692
246450.414
246367.177
246549.069
246385.147
246494.064
246428.798
246482.970
246279.668
246628.557
246494.481
246655.591
246545.892
246677.833
246516.411
246407.338
246480.470
246522.505
246385.513
246680.490
246488.648
246601.940
246579.907
246509.119
246491.774
246680.334
246373.898
246620.537
246381.503
246499.901
246486.305
246359.626
246419.476
246341.448
246679.346
246717.630
246569.595
246530.997
246657.937
246616.475
246322.175
246501.880
246357.075
246570.950
246708.463
246554.386
246602.724
246634.186
246493.651
246542.093
246443.855
246424.739
246568.450
246559.804
246484.276
246455.419
246580.483
246608.195
246496.205
246423.698
246390.048
246422.656
246343.482
246405.311
246413.489
246445.523
246253.681
246672.732
246519.437
246857.126
246547.720
246627.468
246512.874
246688.360
246559.910
246682.422
246705.914
246572.047
246427.814
246590.590
246496.779
247006.569
246710.341
246561.369
246992.192
246398.176
246659.139
246516.313
246511.365
246492.144
246581.737
246364.006
246696.071
246647.993
246594.342
246472.195
246576.059
246684.195
246402.345
246526.263
246482.613
246323.067
246437.140
246432.608
246483.447
246430.213
246242.069
246657.109
246563.403
246720.658
246386.250
246503.397
246517.096
246652.631
246282.959
246661.798
246571.633
246594.136
246543.141
246379.323
246075.909
246346.404
246527.515
246613.877
246561.216
246481.834
246474.438
246575.384
246412.765
246521.057
246376.772
246296.608
246261.917
246616.170
246462.197
246484.647
246617.733
246523.245
246547.935
246626.015
246573.146
246613.567
246385.472
246559.083
246635.808
246326.404
246416.725
246428.184
246579.919
246458.031
246435.842
246450.375
246575.127
246353.230
246449.646
246487.357
246429.019
246419.070
246316.091
246217.071
246495.952
246426.051
246467.773
246588.618
246356.565
246235.720
246395.996
246508.194
246634.300
246619.299
246468.346
246389.693
246579.191
246615.079
246394.069
246622.737
246691.702
246625.654
246833.018
246758.167
246606.486
246445.637
246501.736
246607.840
246901.619
246515.592
246737.384
246669.669
246486.475
246523.458
246377.246
246462.723
246353.493
246514.290
246541.480
246703.267
246521.167
246457.306
246590.756
246384.279
246606.332
246674.202
246378.601
246517.677
246358.964
246599.039
246294.061
246340.629
246380.112
246613.625
246489.289
246556.328
246402.875
246526.846
246568.256
246320.315
246264.164
246531.325
246417.721
246304.220
246448.505
246478.404
246373.602
246453.402
246563.517
246512.626
246133.058
246410.586
246550.026
246581.279
246629.461
246715.406
246629.149
246433.609
246649.202
246592.062
246355.841
246431.317
246607.532
246685.717
246537.682
246351.466
246701.657
246539.714
246641.286
246495.595
246462.206
246611.440
246449.601
246630.556
246493.355
246597.845
246496.793
246702.542
246881.206
246586.177
246680.926
246585.032
246586.854
246535.287
246652.122
246577.375
246793.542
246647.851
246779.635
246511.587
246605.035
246558.207
246772.603
246581.907
246366.626
246830.108
246512.682
246502.525
246667.281
246453.145
246396.213
246743.955
246585.450
246664.052
246597.795
246598.837
246497.629
246839.434
246702.336
246549.458
246488.254
246489.921
246556.803
246470.752
246487.212
246602.276
246590.556
246712.599
246776.043
246681.502
246321.571
246890.116
246621.757
246532.270
246352.304
246535.238
246381.526
246822.558
246546.594
246686.608
246473.619
246346.471
246401.216
246494.090
246744.061
246549.772
246510.029
246668.898
246566.857
246536.646
246512.789
246642.646
246440.752
246705.517
246342.617
246685.515
246842.978
246653.533
246851.782
246651.919
246697.860
246606.341
246581.235
246512.426
246434.190
246676.297
246517.062
246463.828
246675.671
246530.710
246334.857
246555.295
246472.527
246683.850
246737.188
246626.448
246633.585
246892.099
246708.748
246214.795
246692.289
246520.032
246354.131
246651.816
246518.470
246554.827
246570.298
246574.100
246595.665
246432.420
246569.933
246344.547
246575.351
246552.953
246603.375
246702.134
246638.587
246559.204
246724.585
246763.703
246525.243
246686.404
246516.127
246549.725
246401.273
246554.725
246881.319
246507.690
246642.703
246429.557
246486.750
246767.507
246433.672
246511.492
246747.869
246555.455
246715.731
246577.228
246389.658
246481.334
246544.048
246533.995
246749.224
246595.355
246502.430
246602.127
246446.279
246736.828
246743.235
246547.903
246787.927
246411.900
246534.100
246560.718
246510.347
246512.276
246472.844
246426.798
246597.856
246552.071
246554.154
246673.229
246554.988
246626.714
246502.691
246632.964
246697.919
246469.251
246210.997
246468.678
246600.046
246736.569
246562.489
246727.610
246610.151
246862.103
246554.156
246592.597
246690.992
246780.689
246799.440
246479.617
246567.855
246595.671
246430.551
246599.994
246494.828
246640.571
246414.977
246702.139
246773.970
246746.624
246594.891
247044.830
246900.284
246843.509
246994.252
246664.012
246758.969
246868.303
246537.333
246410.706
246436.178
246367.109
246734.644
246481.130
246763.866
246498.268
246489.204
246676.097
246404.092
246331.324
246649.532
246475.713
246310.333
246447.638
246547.492
246606.976
246591.558
246452.795
246482.537
246423.052
246587.183
246380.966
246492.434
246589.215
246704.122
246462.120
246254.495
246417.011
246536.449
246392.321
246569.109
246439.617
246551.243
246509.208
246459.411
246463.734
246568.328
246608.905
246259.132
246511.448
246515.043
246286.739
246663.130
246152.715
246751.472
246479.883
246503.791
246495.041
246410.762
246702.561
246647.556
246603.437
246806.322
246797.571
246698.602
246819.031
246710.323
246785.486
246604.583
246539.994
246565.309
246674.746
