1029.214
1008.379
1009.108
1001.868
999.940
997.805
1001.608
999.367
1007.494
1003.795
1002.233
1001.295
1003.066
999.264
1002.857
998.639
1006.244
999.525
1004.265
1002.441
1004.004
1002.493
1003.587
999.367
999.785
994.003
1002.702
1005.515
1005.931
999.264
1004.473
1002.181
999.941
999.629
1004.525
1004.785
1005.723
1001.972
1002.389
1003.014
1001.764
999.732
1001.973
1000.566
1001.868
1000.930
1003.482
1002.806
1000.878
1003.327
1005.046
1001.348
1000.618
1004.733
1002.076
1000.357
1003.431
1005.410
999.785
999.732
1004.420
1001.555
1001.764
1004.525
1000.514
1003.170
1000.774
1001.399
1000.514
1002.701
1000.722
1004.368
1001.869
1002.806
1003.847
1003.743
1000.670
1001.400
1001.712
1002.025
1006.452
1004.056
1002.858
1001.347
1006.087
1003.327
1001.504
1004.212
1002.962
1002.025
1003.587
1004.108
1003.327
1000.097
1006.296
1004.889
1000.514
1001.660
1001.712
1000.409
1003.483
1000.254
1001.972
1004.369
998.065
1003.171
1003.483
1003.066
1004.004
998.742
1002.858
1003.847
1007.233
1003.014
1005.567
1003.847
1002.806
995.930
1003.274
1002.857
1005.410
1001.139
1002.129
1003.326
1005.358
1002.024
1002.232
1003.900
1002.077
1003.326
1000.931
1005.306
1005.983
1000.358
1002.701
1002.805
1004.316
1001.920
1003.899
1004.264
1004.003
1001.295
1007.181
1004.368
1002.337
999.628
1001.556
1004.837
1003.275
998.847
1004.108
1002.077
1001.712
1038.487
1003.639
1003.483
1001.920
996.503
1003.847
1000.723
1002.962
1000.826
1004.837
1002.598
1004.004
998.847
1000.357
1003.014
1003.900
1038.955
1004.993
1004.212
1001.503
1001.399
1000.931
1004.160
1001.087
999.785
1002.910
1002.128
1004.369
1001.868
1005.567
1000.671
1002.597
999.681
1000.670
1005.306
1004.785
997.754
1002.806
1002.910
998.378
998.014
1005.671
1003.900
1005.358
1000.670
1000.566
999.577
1004.629
996.295
999.888
1003.692
1006.817
998.378
1002.598
1003.587
1000.357
1000.305
1003.639
1002.389
1005.567
1036.820
1004.004
1004.317
1002.962
998.274
1003.118
1003.431
1003.535
1000.201
1004.056
1003.899
1004.837
1000.618
1002.285
1009.942
1001.347
1001.556
1003.378
1002.962
1006.504
997.024
1001.868
1003.587
1002.910
1000.409
1005.566
1002.805
1001.034
1004.994
1001.869
1002.910
999.420
1001.035
1004.473
1005.098
1005.722
1000.462
1003.743
1000.722
1000.931
1001.087
1002.806
1004.212
1003.119
1000.671
1003.483
1004.108
1001.191
998.535
997.961
1003.118
1004.160
1043.174
999.837
1001.972
1003.015
998.378
998.535
1003.275
1001.556
1001.555
1004.733
1004.421
1002.493
1039.059
1002.962
1001.764
1001.608
1043.279
1000.775
1001.347
1005.983
1000.410
1004.161
1002.233
1003.587
1000.983
1006.452
999.836
1002.180
995.670
1008.327
1004.628
1001.035
1000.826
1002.598
1002.441
1002.910
1000.878
1006.973
1002.285
1002.910
996.034
1001.764
1005.202
1003.848
999.472
1001.868
1002.649
1004.317
999.993
1005.670
1000.514
1002.493
996.191
1002.545
1001.295
1001.191
1039.215
1001.139
1002.181
1003.483
1038.017
1002.389
1004.368
1001.764
998.691
1002.805
1004.941
1003.326
1000.045
1002.754
1003.431
999.941
999.420
1000.722
1002.389
1001.556
1000.670
1002.962
1001.868
1002.025
1000.305
1005.462
999.524
1002.077
1002.180
1003.639
1001.503
1003.275
1000.254
1000.826
1004.160
1001.920
1004.942
1000.878
1001.920
1000.097
1001.660
1003.952
1002.076
1002.650
1003.483
1002.128
1005.462
1002.858
1002.806
1003.379
1001.608
1001.764
1002.129
1000.462
1001.035
1002.389
1000.201
1003.378
1002.910
999.836
1002.441
1003.639
1004.264
1003.951
1041.612
1003.275
1004.264
1005.046
996.712
1001.191
1002.493
1003.639
1005.098
1002.441
1002.858
999.733
999.004
1002.077
1002.650
1000.670
1001.972
1002.806
1004.264
1004.316
1038.330
999.837
1000.670
1001.868
1001.920
1003.691
999.004
1002.077
999.785
1003.848
1001.139
1001.920
1004.733
1002.493
1004.108
1008.535
1001.295
1003.274
1002.129
1000.254
1000.775
1003.796
1000.722
1005.983
1001.556
1001.191
1004.004
1004.681
1002.232
1004.004
1006.036
1004.941
1004.420
1003.119
1004.681
1003.952
1001.712
1000.410
1000.566
1004.369
1001.921
1005.566
1001.972
1000.618
1003.847
1002.962
1000.826
1003.066
1005.514
1007.338
1002.546
1003.952
1000.826
999.836
1005.774
1001.556
1002.754
1000.826
1005.254
1001.139
1005.827
1003.326
1005.619
1005.723
999.576
1007.494
1002.598
1002.024
1001.972
1003.795
1004.629
1002.389
1001.712
1001.243
1001.556
1004.577
999.681
1002.910
1001.920
1000.775
1002.806
1002.649
1004.577
1003.796
994.003
1003.379
1003.171
1003.327
999.576
1002.442
1001.452
1001.087
1004.681
1002.754
1001.295
1004.733
997.858
1000.098
999.941
998.691
1002.649
1002.858
1004.525
1001.608
1003.066
1001.295
1004.629
1002.337
1000.305
1001.816
999.941
1002.441
1002.962
1003.796
1002.389
1004.107
1003.587
1003.067
1003.014
1001.348
1005.202
999.836
1002.233
999.212
1004.942
1000.358
1001.087
1005.671
1000.931
1002.597
1001.764
1001.816
1002.024
1002.493
999.628
1003.378
1003.587
1001.660
1004.942
1001.400
1001.348
1007.754
1005.411
1005.202
1002.546
999.837
1003.222
1001.504
1001.608
1005.410
1005.514
1001.504
1001.556
1003.275
1001.816
1002.545
1001.035
998.795
998.847
1004.421
1004.160
1004.837
1002.285
1001.608
1005.306
1003.430
1003.535
1003.222
1002.232
1003.275
1000.566
1002.806
998.170
1001.920
1003.587
1006.817
999.941
1005.983
1003.899
1007.337
994.680
1005.150
1002.285
1001.660
1001.764
1001.139
1000.305
1002.233
1039.008
1003.326
1005.670
1004.056
1000.409
1003.796
1003.275
1003.483
1000.670
1004.993
1004.629
1003.067
1000.409
1003.639
1003.795
1001.868
999.888
1003.118
1001.972
1001.921
1037.861
1001.243
1004.108
1003.170
1005.879
1007.077
1000.775
1002.181
995.669
1000.410
1002.337
1003.952
1039.372
1001.243
1000.774
1001.347
1038.695
1002.597
1001.608
1001.973
1039.008
1004.889
1003.795
1005.410
1004.889
1003.691
1001.243
999.941
999.576
1003.274
1003.431
1005.983
1002.962
1003.431
1002.180
1002.806
998.587
1003.639
1003.795
1002.128
998.586
1004.576
1002.597
1002.389
998.535
1004.942
1003.275
1003.952
998.483
1000.566
1006.191
1001.400
1002.754
1004.003
1005.202
1002.962
994.836
1001.295
1002.806
1005.827
1003.483
1004.056
1003.379
1002.598
994.524
1001.451
1004.055
1007.337
1000.149
1001.920
1004.160
1003.795
1001.607
1000.618
1002.701
1000.097
1004.264
1004.160
1004.317
1004.889
1001.347
1004.264
1001.556
1003.171
1003.900
1003.900
1003.066
1004.733
1000.566
1003.378
1002.701
1000.878
1003.952
1000.930
1004.264
999.785
1003.951
1004.160
1003.379
1006.452
999.993
1001.451
1000.983
1002.232
1002.962
1004.368
1001.816
999.629
1004.108
1001.817
1004.421
1005.306
999.837
1007.598
1000.670
1002.493
1039.164
999.628
1003.119
1005.150
1003.587
1001.868
1003.379
1001.921
999.108
1001.243
1009.577
1004.368
1000.253
1002.649
1005.045
1002.128
998.066
1002.077
1004.004
1001.555
996.972
1005.514
1007.546
1001.347
1001.295
1001.608
1001.660
1001.452
1000.306
1001.816
1003.744
1001.816
1000.514
1003.223
1000.149
1002.076
998.951
1003.692
1001.920
1002.025
1000.045
1001.451
1004.941
1001.660
997.858
999.315
1007.858
1003.692
998.951
1005.046
1006.400
1005.306
993.846
1005.931
1004.004
1003.691
999.316
1002.754
997.493
1000.931
1000.462
1003.535
1002.025
999.577
1001.399
1000.566
1002.181
1003.796
1001.920
1004.420
1003.119
1001.035
1003.535
1000.306
999.628
1004.317
1003.535
999.420
999.055
1003.587
1000.670
1003.274
1004.890
1004.890
998.222
1004.264
1000.254
1004.681
1002.910
1003.535
1000.722
1002.701
1003.014
1003.014
1002.754
1000.410
1000.358
1002.181
1002.389
1006.660
999.524
1005.619
1000.306
1004.473
1003.014
1001.608
1003.639
1002.649
1005.723
1003.327
1003.379
1000.722
998.899
1002.545
1002.025
1002.336
999.628
999.055
1004.056
1004.734
1006.557
1004.525
1005.671
1003.535
1001.139
1003.118
1003.119
1004.421
1003.900
999.785
1007.181
999.941
1001.868
1002.597
1004.629
1005.723
1039.424
1000.879
1002.753
1003.066
1002.024
1004.368
1003.066
1003.535
997.389
1004.369
1002.597
1001.660
1000.462
1002.546
1001.764
1005.201
999.420
1004.264
1004.317
1001.348
997.857
1004.889
1000.201
1003.587
1001.243
1002.181
1002.129
1003.222
1002.389
1002.077
1001.295
1003.275
999.003
998.743
999.056
1006.661
1039.841
1003.847
1004.316
1005.879
1001.452
1000.879
1000.618
1004.212
999.472
1001.452
1001.451
1001.347
1038.591
1004.108
1000.566
1002.649
1038.434
1005.618
1003.639
1001.608
999.524
997.493
1002.806
1001.973
1001.191
999.263
1000.982
1003.014
1004.316
1002.285
1002.701
1002.754
1005.879
1004.681
1004.368
1003.067
1037.861
1003.275
1003.170
1004.317
1000.253
998.951
1001.921
1001.139
1037.549
1001.764
1001.504
1004.265
1037.028
1002.649
1003.014
1004.525
999.003
1003.900
1003.588
1002.493
999.316
1002.285
1003.848
1001.712
996.086
1002.962
1002.493
1002.024
996.868
999.211
1003.014
1003.274
1041.611
1004.368
1003.691
1003.483
1000.149
1003.795
1004.524
1007.806
1000.097
1000.670
1003.587
1003.222
1001.659
1000.201
1002.181
1003.171
1037.549
1005.306
1004.472
1000.409
995.878
1006.973
1005.306
1005.150
1000.566
1006.504
1001.347
1003.744
1001.660
1005.098
1003.430
