6578088.760
6578747.413
6577970.770
6578300.745
6578053.370
6578513.825
6579029.285
6578377.235
6578070.426
6578649.119
6578627.024
6578403.554
6578751.182
6578242.944
6578490.873
6578236.514
6578282.338
6578466.666
6578162.247
6578272.713
6578736.702
6578494.996
6578242.665
6578951.155
6578491.302
6578456.074
6578379.694
6579336.228
6578800.688
6578889.533
6578981.866
6578781.306
6579099.807
6578119.430
6578557.368
6578858.314
6578267.142
6578368.171
6578527.435
6578741.027
6580151.245
6578234.108
6578700.900
6579046.170
6578463.797
6578413.142
6578916.135
6578199.841
6578165.332
6579175.613
6578385.979
6578656.968
6578276.434
6578611.544
6578804.711
6578326.512
6578142.611
6579212.843
6578180.422
6578432.135
6578954.604
6578402.957
6578662.223
6578810.802
6578688.623
6578339.756
6578643.816
6578164.312
6578467.017
6578209.825
6578375.745
6578660.584
6578502.828
6578923.304
6578737.420
6578694.361
6578624.581
6578772.999
6578856.670
6579875.642
6578432.237
6578897.195
6578268.661
6578558.758
6578367.871
6578397.941
6578456.870
6579242.118
6578856.055
6578721.942
6578657.316
6578739.422
6577913.471
6578514.221
6579005.481
6578639.835
6579594.422
6579875.661
6579206.442
6578704.897
6578748.404
6578313.583
6578289.948
6578344.393
6579282.675
6579292.688
6579046.218
6579629.308
6578408.576
6578437.601
6578125.864
6577906.062
6578207.822
6579042.862
6578539.595
6579353.488
6579290.472
6579058.742
6578659.963
6578738.419
6578966.576
6578513.313
6578993.370
6579689.594
6578655.336
6579573.404
6579113.160
6579658.118
6579172.820
6578541.153
6579230.344
6578715.616
6579679.052
6579332.620
6579250.069
6579479.162
6579194.403
6579317.132
6579744.213
6579072.697
6578832.629
6578476.509
6578765.764
6578894.951
6579311.353
6579454.500
6579189.481
6579542.909
6579423.998
6579088.608
6579084.187
6578252.654
6578655.670
6578789.595
6578457.798
6579449.309
6579326.230
6579092.932
6578856.718
6578818.178
6578913.454
6578468.365
6578513.011
6578897.117
6579410.819
6578817.850
6579285.037
6579423.911
6579684.983
6579351.050
6578644.007
6578394.665
6578855.445
6578919.519
6579036.358
6579414.577
6579572.462
6579036.321
6579168.786
6578593.266
6578856.369
6578769.074
6578816.531
6579235.900
6579188.556
6579185.904
6579700.594
6579280.246
6579149.820
6579090.652
6578655.249
6579118.215
6579043.211
6579031.690
6578827.892
6578962.172
6578653.075
6579375.747
6578512.378
6578370.539
6578806.675
6578526.126
6579278.700
6578997.267
6578637.597
6578444.195
6578231.313
6578204.022
6578877.009
6578063.339
6578961.089
6578581.057
6578696.596
6578953.034
6578419.447
6578276.161
6578290.494
6578345.508
6579128.512
6580227.744
6579744.218
6578139.228
6579515.156
6578581.692
6578343.660
6578376.490
6578493.703
6578498.510
6579294.384
6579278.148
6579586.944
6579371.366
6578996.398
6579052.722
6578954.761
6578760.750
6578794.157
6579341.522
6578883.371
6579353.697
6579211.256
6579665.488
6578811.884
6579037.292
6578844.899
6578590.001
6578595.440
6578394.818
6578636.428
6579084.672
6579763.930
6579310.056
6579304.819
6579437.462
6578992.235
6579351.203
6578689.184
6578699.628
6578572.299
6579517.680
6579986.086
6579275.628
6578622.831
6578700.731
6579310.144
6579554.727
6578962.303
6578750.905
6578739.528
6579321.594
6579494.402
6578871.246
6579411.174
6578975.225
6579255.857
6579365.639
6578745.662
6579332.366
6579184.521
6579349.101
6579326.266
6578995.955
6579055.578
6579352.724
6578868.388
6578946.399
6578844.808
6579006.577
6579218.873
6578947.422
6579196.857
6579494.318
6579596.187
6579791.398
6579586.935
6578732.096
6578751.770
6578688.884
6578864.615
6579992.367
6579078.669
6579299.562
6579409.922
6579275.000
6578986.051
6578238.464
6578510.456
6578415.381
6578795.717
6578877.900
6579240.839
6579078.675
6579439.271
6579466.969
6578644.116
6577979.611
6578067.577
6579364.880
6578923.836
6578772.663
6579126.697
6579280.972
6579318.880
6579385.179
6578412.416
6578083.831
6578368.328
6578805.704
6578502.487
6578417.156
6578794.318
6579197.786
6579543.330
6578939.303
6578108.171
6578175.825
6578971.571
6579236.066
6578945.508
6578684.379
6578445.337
6579478.763
6579056.005
6578612.723
6578571.721
6578989.619
6579221.768
6578559.299
6578991.991
6578647.887
6578415.461
6578362.374
6578633.070
6578258.703
6578398.188
6578811.295
6579351.237
6578886.392
6578851.851
6578740.061
6578222.557
6579312.136
6578782.650
6579361.867
6579790.808
6579120.737
6578929.775
6578869.971
6579537.790
6579349.902
6578426.575
6579504.852
6578452.868
6578941.348
6579556.976
6579411.956
6579594.000
6579321.832
6578990.856
6578865.370
6578988.397
6579116.791
6579086.939
6580171.623
6579955.920
6579916.120
6580052.118
6579436.792
6579710.303
6579185.091
6578797.601
6579472.766
6580041.255
6579653.921
6580293.198
6579722.200
6579628.437
6579309.808
6579347.098
6579337.718
6578904.026
6578937.515
6579453.395
6579634.659
6581040.886
6579564.644
6579678.037
6579196.007
6579009.787
6579223.346
6579055.097
6579481.958
6579027.952
6579514.455
6579349.695
6579935.739
6579855.154
6579294.680
6579182.478
6579754.979
6578914.529
6579678.715
6579196.009
6579059.690
6579741.056
6579762.462
6580286.416
6579786.572
6579480.914
6578956.954
6579498.358
6579119.152
6579678.006
6579446.679
6579695.711
6579349.477
6579338.380
6579367.338
6578970.942
6579105.484
6578941.352
6579454.056
6579601.724
6579136.260
6579511.502
6579409.094
6579369.661
6579338.926
6579191.774
6579310.846
6579008.314
6580080.605
6579389.337
6579071.648
6579011.483
6578829.120
6579254.108
6578937.044
6579170.346
6579505.481
6579452.505
6579177.060
6579091.632
6579621.630
6578966.252
6578630.019
6578383.639
6578899.053
6579893.731
6579688.241
6579465.041
6579299.033
6579122.869
6578876.332
6578957.172
6579289.234
6578742.565
6579400.804
6579019.047
6579458.985
6579450.128
6578751.933
6578688.332
6578398.666
6578720.936
6578353.816
6578418.092
6578991.011
6578949.703
6578858.287
6579153.210
6578680.715
6578877.295
6578404.904
6578985.324
6578224.936
6578399.587
6578632.786
6579250.345
6579657.832
6579146.166
6579801.437
6579092.200
6579156.320
6579418.034
6579459.335
6578769.722
6579861.531
6579306.669
6579556.833
6579425.657
6579266.040
6579319.726
6579777.200
6579150.505
6578750.759
6578567.128
6578983.607
6579541.765
6579705.562
6579762.786
6579053.007
6579039.234
6578989.102
6578850.003
6578228.356
6579300.520
6578856.443
6579400.742
6579832.166
6580053.985
6579403.115
6579450.073
6578938.851
6579227.603
6578778.731
6578506.906
6578761.278
6579267.341
6579199.807
6579709.724
6579088.489
6579542.254
6579547.434
6578101.794
6578099.420
6578932.596
6578479.344
6579393.101
6579383.955
6579138.118
6579514.790
6579241.398
6579137.606
6578782.227
6578352.257
6578977.805
6578901.514
6579158.902
6579581.566
6579268.898
6579354.498
6579623.760
6578832.659
6578571.505
6578877.594
6579060.442
6578707.142
6579083.341
6579713.732
6579353.192
6579379.513
6579699.038
6578769.744
6579210.584
6578505.947
6579596.798
6578600.517
6578857.067
6578714.723
6578550.451
6578559.893
6578425.311
6578916.049
6578723.074
6579096.927
6579303.835
6578877.452
6579589.149
6578618.337
6578686.742
6578918.132
6578686.819
6578913.363
6578946.815
6579177.371
6578614.620
6578744.331
6578996.606
6578977.032
6578940.529
6578740.259
6578740.427
6578637.771
6579266.020
6579073.302
6579063.573
6579333.609
6578791.743
6578904.421
6578258.689
6579907.454
6579149.316
6579190.944
6579426.862
6578754.565
6579661.695
6578325.948
6578561.291
6578893.260
6578716.844
6578556.734
6579361.195
6579168.997
6579284.485
6579420.860
6578565.316
6578783.939
6578658.309
6578313.283
6578556.231
6579718.435
6579178.859
6579911.073
6579625.219
6579588.607
6578756.867
6578627.173
6578903.092
6578819.340
6578895.135
6578933.010
6579539.013
6579781.439
6579015.538
6579039.817
6578938.042
6578585.149
6578593.072
6579084.116
6579246.169
6579403.169
6579172.579
6579539.339
6579690.245
6579344.904
6579204.895
6579541.809
6578721.838
6578084.020
6578877.176
6579057.719
6578817.440
6579283.376
6579533.926
6579454.548
6579922.516
6579529.982
6578820.542
6578702.670
6579496.242
6579181.372
6579089.544
6579857.279
6580106.527
6579496.680
6579376.933
6579593.052
6578412.211
6578512.953
6579474.302
6579741.624
6579463.215
6579490.982
6579708.507
6579613.710
6579836.547
6579304.988
6578523.406
6578886.152
6579638.052
6579383.968
6578910.175
6579595.663
6579426.378
6579963.882
6579972.375
6578762.469
6579112.558
6579279.348
6579647.460
6579248.205
6579401.088
6579199.613
6579565.016
6579847.598
6579538.352
6578871.571
6579281.822
6578958.148
6579069.515
6579241.566
6579161.301
6579102.235
6579270.014
6578837.370
6579267.258
6579257.729
6578760.495
6579188.664
6579161.684
6578727.686
6578265.924
6578963.443
6578892.813
6579135.652
6579137.113
6579325.050
6579709.985
6579359.015
6579289.323
6578531.439
6578876.370
6579094.258
6578919.972
6579136.192
6579135.413
6579106.975
6579144.272
6580709.375
6579262.881
6578756.636
6579130.476
6578472.289
6578814.720
6578933.743
6579165.069
6579607.041
6579367.280
6579421.401
6579677.210
6579154.816
6579052.360
6579170.810
6579171.125
6579018.611
6579550.540
6579640.654
6579892.190
6579434.543
6580041.583
6579462.204
6580134.876
6579760.779
6578767.609
6578998.883
6579222.865
6579764.117
6579776.620
6580017.581
6579659.631
6579110.151
6580001.594
6580451.379
6578947.795
6579992.066
6579788.714
6579413.053
6579346.380
6580141.929
6579361.645
6579798.929
6579558.385
6579413.268
6579150.223
6579616.415
6578954.164
6579371.028
6579799.612
6580090.684
6579615.847
6579698.720
6578967.295
6577751.501
6578541.943
6578595.491
6578835.620
6579301.291
6579276.393
6579497.719
6579784.465
6579363.123
6579315.671
6578140.193
6578336.098
6578580.810
6578762.183
6579346.720
6579385.318
6580074.449
6579256.974
6579243.223
6577886.373
6578663.064
6578376.734
6578853.031
6578650.660
6579085.084
6579162.254
6579427.670
6579718.556
6579308.854
6577889.156
6578590.445
6578628.438
6579087.773
6579645.920
6579493.111
6579449.687
6579426.055
6579530.456
6578472.139
6578019.453
6578427.631
6578881.541
6578678.617
6578704.203
6578983.875
6578904.867
6579285.432
6579318.308
6578661.688
6577684.933
6578492.829
6578650.505
6578453.928
6578818.445
6578873.766
6578363.926
6578880.123
6578819.545
6578289.545
6578294.492
6578224.432
6578979.555
6578776.668
6578871.882
6579543.089
6579486.256
6579515.055
6579267.421
6579158.810
6579506.076
6579535.082
6579431.887
6578944.747
6579269.144
6579059.270
6578828.351
6579456.214
6579813.373
6579873.835
6579497.015
6579559.457
6578967.250
6579166.943
6579106.610
6579374.694
6578331.400
6579253.766
6579680.874
6579464.534
6580014.570
6579559.508
6579461.043
6579000.198
6578773.802
6579264.820
6578573.795
6579446.465
6579324.765
6579759.369
6579749.347
6579467.422
6579695.704
6579060.516
6578639.201
6578840.916
6579109.147
6579576.044
6579303.181
6578934.995
6578807.197
6578837.174
6579150.825
6578570.534
6578657.182
6579233.721
6578934.967
6578747.526
6578576.752
6578513.437
6579296.818
6579016.554
6579425.158
6578935.237
6578650.336
6578808.186
6578620.742
6579060.650
6579971.802
6579506.101
6579624.883
6579706.214
6579178.994
6579129.427
6578740.866
6578311.052
6578615.216
6578865.364
6578657.654
6579040.313
6579135.862
6579119.004
6579289.820
6579220.559
6579065.301
6578700.491
6578453.348
6579527.793
6579103.289
6579388.593
6578824.335
6579022.235
6578582.677
6578766.617
6578642.557
6578790.504
6578686.081
6579249.275
6579289.658
6579515.111
6579320.628
6579136.352
6579103.968
6578937.246
6579251.248
6579209.330
6580584.999
6579928.906
6579923.970
6579445.915
6578700.334
6579134.972
6579044.819
6579748.389
6579182.044
6579571.885
6579386.306
6579530.863
6579525.873
6579277.996
6579288.319
6579311.822
6578781.052
6578765.279
6578546.102
6578837.339
6579164.829
6578907.261
6577945.042
6578195.753
6578011.422
6578227.963
6578482.164
6578623.489
6579239.547
6578832.017
6579206.021
6578551.539
6578592.124
6578289.030
6578521.196
6578511.152
6579006.729
6579349.583
6579588.416
6579164.008
6579257.202
6579519.944
