15252.634
13246.449
13269.992
13204.205
13229.884
13227.384
13244.990
13269.940
13290.307
13278.847
13239.885
13251.918
13226.186
13216.550
13254.522
13316.351
13231.916
13278.171
13269.263
13316.352
13335.416
13506.683
13466.574
13377.086
13305.100
13247.229
13286.557
13279.524
13254.575
13257.126
13291.088
13279.941
13271.607
13273.742
13253.012
13202.174
13252.282
13271.919
13243.167
13252.022
13264.158
13246.500
13278.691
13297.234
13314.944
13293.901
13278.743
13241.344
13262.752
13242.334
13271.451
13302.391
13300.308
13300.829
13294.109
13277.076
13313.642
13295.099
13287.702
13256.450
13261.815
13317.028
13299.579
13303.069
13289.422
13249.730
13263.742
13253.272
13245.303
13293.432
13280.619
13290.046
13272.388
13271.816
13267.701
13281.035
13319.320
13260.200
13279.108
13232.645
13222.436
13261.866
13192.850
13306.767
13260.200
13192.381
13426.414
13274.577
13260.148
13233.530
13323.279
13404.329
13415.996
13296.558
13286.400
13308.278
13305.777
13237.438
13297.235
13262.179
13310.673
13297.443
13281.087
13313.903
13271.971
13288.171
13199.100
13223.738
13295.256
13259.054
13477.982
13406.308
13394.952
13226.551
13298.016
13281.764
13252.283
13283.170
13264.002
13278.066
13281.816
13322.550
13349.271
13279.941
13294.370
13303.225
13317.028
13292.390
13303.433
13284.004
13294.005
13302.756
13276.191
13324.789
13348.541
13338.645
13292.963
13272.701
13235.093
13343.749
13241.708
13253.740
13220.926
13291.193
13298.485
13300.464
13319.893
13380.159
13339.478
13325.571
13299.943
13310.100
13341.094
13319.581
13322.133
13320.466
13301.506
13341.926
13293.797
13237.906
13272.649
13327.759
13327.341
13311.664
13341.562
13229.572
13254.418
13267.283
13283.223
13372.711
13356.667
13324.217
13322.081
13332.655
13356.720
13324.217
13309.736
13322.758
13307.288
13306.611
13336.092
13306.037
13286.765
13375.888
13333.905
13347.969
13324.216
13298.381
13323.174
13355.887
13293.589
13293.849
13326.508
13322.289
13339.270
13346.042
13293.797
13291.348
13322.653
13357.345
13304.007
13327.967
13331.092
13344.166
13342.343
13279.837
13313.851
13310.934
13354.844
13286.192
13305.569
13306.038
13329.321
13330.363
13302.496
13304.006
13290.775
13313.955
13337.499
13311.142
13306.454
13329.790
13357.085
13307.496
13321.820
13302.547
13361.721
13363.491
13333.124
13316.820
13328.383
13343.281
13340.208
13307.392
13352.240
13317.445
13386.306
13355.105
13321.091
13339.531
13304.475
13312.913
13339.530
13303.902
13255.200
13256.710
13241.032
13252.595
13235.874
13286.140
13251.189
13274.420
13268.794
13306.559
13243.532
13279.421
13315.309
13371.825
13351.927
13332.863
13329.113
13334.582
13343.489
13337.551
13307.392
13287.338
13316.768
13337.604
13354.845
13318.852
13322.967
13315.049
13377.503
13345.781
13354.011
13316.456
13395.109
13261.033
13252.022
13231.759
13289.525
13352.657
13314.788
13365.940
13299.058
13345.103
13356.460
13396.359
13335.415
13286.035
13343.645
13323.644
13352.292
13295.463
13310.829
13307.861
13395.422
13334.426
13305.205
13326.404
13343.437
13330.519
13339.531
13320.831
13318.330
13313.486
13295.828
13331.509
13325.988
13335.467
13321.977
13309.423
13328.487
13338.801
13421.049
13432.508
13442.041
13438.290
13439.071
13421.570
13480.326
13516.058
13389.953
13339.374
13328.644
13296.766
13358.803
13345.312
13345.469
13318.070
13333.019
13385.576
13364.949
13298.641
13323.800
13294.213
13348.542
13321.612
13330.467
13306.090
13339.583
13348.698
13342.083
13318.018
13299.266
13305.256
13327.446
13324.634
13283.587
13319.424
13317.914
13277.233
13314.475
13290.359
13310.153
13411.204
13456.209
13455.219
13291.870
13309.579
13334.322
13355.938
13362.501
13321.560
13303.589
13364.741
13398.025
13319.581
13333.905
13372.190
13400.994
13325.779
13381.045
13362.710
13338.332
13357.501
13349.844
13291.140
13334.478
13313.122
13300.620
13330.779
13314.007
13371.096
13325.154
13315.778
13333.853
13308.902
13354.115
13321.872
13340.989
13305.465
13270.930
13370.418
13288.536
13289.005
13282.754
13326.092
13274.368
13341.458
13317.497
13328.176
13368.127
13373.023
13298.693
13301.141
13324.216
13354.949
13349.062
13313.851
13271.503
13361.511
13369.586
13341.301
13312.288
13326.040
13318.695
13338.593
13305.673
13350.053
13289.629
13372.346
13332.447
13358.751
13468.605
13310.778
13283.536
13321.248
13356.720
13304.735
13323.175
13303.902
13342.916
13308.642
13332.707
13345.990
13339.947
13359.116
13381.097
13316.872
13327.290
13338.124
13342.864
13380.003
13327.185
13316.664
13347.865
13323.122
13337.968
13303.433
13306.194
13336.979
13294.214
13322.029
13288.745
13268.221
13232.957
13306.455
13261.554
13290.046
13258.794
13344.063
13288.848
13429.851
13411.569
13337.864
13307.861
13213.320
13260.565
13350.261
13351.355
13346.042
13310.934
13324.893
13313.122
13338.541
13327.654
13320.049
13298.641
13336.769
13366.096
13355.417
13336.874
13293.692
13338.802
13384.795
13344.427
13336.614
13290.411
13335.312
13354.011
13321.664
13228.790
13256.397
13288.849
13281.765
13341.510
13282.962
13318.278
13321.352
13292.182
13308.433
13340.468
13371.409
13390.212
13324.425
13317.965
13304.111
13320.831
13340.051
13324.060
13286.609
13287.442
13271.503
13273.274
13223.061
13302.548
13330.623
13211.862
13222.592
13265.044
13311.871
13270.618
13317.185
13368.596
13338.332
13316.663
13327.810
13318.955
13356.824
13356.928
13341.614
13294.578
13316.299
13286.505
13287.859
13287.598
13313.174
13348.073
13346.406
13309.997
13244.157
13296.922
13359.168
13261.710
13330.155
13307.496
13372.190
13346.197
13322.966
13277.494
13332.186
13337.655
13360.939
13320.570
13288.692
13507.880
13424.174
13299.892
13342.135
13372.398
13316.559
13320.883
13312.028
13318.643
13325.466
13328.905
13281.816
13335.363
13344.739
13311.143
13303.173
13334.217
13329.477
13339.322
13278.639
13303.538
13295.880
13341.249
13321.873
13305.621
13316.351
13331.196
13373.492
13386.619
13342.187
13335.207
13328.384
13371.721
13351.928
13307.131
13336.249
13342.395
13316.091
13291.505
13338.593
13306.819
13328.332
13335.780
13364.481
13300.360
13306.298
13322.914
13391.306
13332.551
13346.354
13334.738
13316.039
13350.886
13376.409
13317.602
13319.529
13316.663
13377.919
13332.707
13333.280
13314.007
13305.152
13343.802
13360.783
13328.748
13309.215
13341.406
13338.645
13343.593
13311.871
13313.851
13338.489
13394.432
13370.887
13298.432
13308.538
13332.603
13341.927
13336.770
13299.579
13318.070
13337.864
13275.149
13310.726
13310.830
13352.292
13302.548
13376.722
13366.408
13299.943
13273.587
13275.358
13359.116
13427.247
13568.303
13589.972
13461.209
13312.079
13328.644
13312.862
13344.531
13341.718
13305.881
13312.340
13530.226
13317.966
13349.949
13353.490
13331.249
13325.050
13301.090
13320.987
13350.886
13317.184
13311.663
13326.977
13310.465
13302.548
13311.142
13276.347
13376.513
13340.677
13316.091
13290.098
13330.779
13339.895
13343.958
13396.984
13299.006
13304.318
13385.889
13332.655
13329.478
13329.269
13320.935
13343.176
13302.444
13319.425
13320.883
13311.403
13326.456
13247.334
13291.192
13312.913
13292.495
13239.468
13284.369
13309.944
13336.926
13374.950
13311.350
13331.405
13304.267
13317.184
13323.018
13324.998
13330.779
13329.789
13344.948
13338.489
13322.446
13338.124
13311.090
13320.414
13329.217
13336.770
13302.599
13319.269
13332.134
13359.428
13316.716
13305.308
13326.405
13301.193
13299.474
13284.734
13302.027
13310.933
13346.823
13273.690
13279.733
13309.475
13318.435
13256.397
13319.112
13323.018
13459.125
13510.224
13322.550
13382.920
13245.563
13258.637
13221.706
13351.667
13337.707
13353.282
13324.946
13343.541
13337.916
13359.012
13321.768
13304.163
13309.319
13282.754
13308.017
13328.956
13291.765
13344.166
13370.732
13323.330
13330.519
13323.174
13369.637
13340.104
13318.903
13348.229
13305.725
13353.386
13333.489
13246.709
13234.156
13347.969
13273.742
13339.790
13243.167
13299.214
13344.844
13304.840
13320.570
13337.708
13314.893
13346.927
13303.069
13319.529
13343.593
13329.581
13368.856
13317.289
13342.135
13306.142
13315.570
13332.811
13339.166
13304.631
13293.797
13348.646
13304.995
13329.737
13286.713
13294.110
13302.808
13327.393
13302.443
13318.487
13306.402
13379.169
13327.238
13333.227
13306.819
13310.413
13366.200
13325.362
13358.074
13342.864
13324.737
13374.169
13336.926
13342.707
13373.388
13295.985
13353.126
13334.686
13323.071
13318.956
13330.259
13336.248
13345.990
13341.198
13286.348
13434.956
13345.051
13358.178
13348.073
13329.217
13328.957
13314.112
13335.728
13347.239
13323.018
13312.236
13234.051
13327.185
13302.704
13279.108
13339.009
13349.896
13239.521
13195.610
13272.649
13303.797
13299.527
13326.665
13349.375
13309.371
13360.887
13299.579
13316.768
13324.268
13313.694
13318.955
13329.425
13290.203
13301.558
13327.290
13372.503
13291.037
13299.266
13350.105
13332.342
13362.397
13312.236
13328.592
13310.882
13366.773
13356.199
13324.060
13300.360
13327.602
13371.512
13336.770
13315.518
13320.518
13341.770
13356.355
13348.542
13287.755
13290.828
13328.279
13325.832
13273.535
13318.956
13263.325
13358.230
13363.075
13347.500
13319.945
13300.620
13261.606
13238.062
13221.134
13257.803
13312.236
13278.587
13244.886
13230.301
13225.509
13221.759
13321.768
13301.350
13297.600
13323.123
13298.328
13292.703
13324.373
13327.602
13321.872
13313.070
13361.825
13380.577
13304.996
13334.270
13320.726
13448.083
13477.929
13486.472
13429.956
13460.636
13332.916
13301.194
13304.788
13320.310
13344.115
13318.434
13316.663
13332.342
13331.093
13349.948
13335.832
13343.332
13310.934
13321.924
13330.728
13294.839
13346.302
13239.417
13303.902
13262.023
13215.924
13269.576
13294.578
13238.166
13291.557
13327.342
13330.727
13343.750
13318.226
13337.759
13313.434
13370.887
13373.753
13339.843
13325.258
13319.320
13334.062
13365.262
13308.434
13293.797
13322.393
13364.065
13349.167
13324.477
13316.352
13301.766
13382.972
13336.770
13309.215
13321.612
13331.926
13356.719
13327.081
13334.009
13341.041
13370.940
13453.709
13472.668
13496.525
13362.293
13307.652
13271.711
13288.692
13336.093
13337.707
13292.808
13335.363
