159.807
125.117
125.168
125.117
125.221
125.116
125.220
125.116
125.116
125.221
125.012
153.348
125.168
125.012
125.117
125.116
125.012
158.193
125.116
125.169
125.064
125.273
125.065
157.932
125.116
125.168
125.169
125.168
125.064
125.377
125.168
125.064
125.117
125.220
154.703
125.220
125.117
125.168
125.064
125.117
153.400
125.169
125.064
125.220
125.117
125.116
152.306
125.116
125.221
125.168
125.064
125.064
158.036
125.220
125.117
125.065
125.012
125.064
125.064
125.169
125.116
125.168
125.221
152.775
125.116
125.065
125.221
125.116
125.220
157.932
125.169
125.273
125.117
125.168
125.221
158.245
125.064
125.116
125.221
125.169
125.169
159.182
125.221
125.221
125.117
125.168
159.859
125.168
125.117
125.168
125.168
125.117
158.348
125.220
125.116
125.169
125.116
125.273
125.324
125.116
125.169
125.116
125.169
158.974
125.116
125.168
125.169
125.117
125.012
157.620
125.116
125.168
125.065
125.064
125.117
157.307
125.168
125.116
125.168
125.169
125.116
159.443
125.117
125.116
125.168
125.117
125.116
125.220
125.064
125.116
125.065
125.064
152.880
125.117
125.168
125.117
125.116
125.065
157.202
125.116
125.168
125.169
125.116
125.169
158.192
125.168
125.169
125.272
125.168
125.064
125.325
125.272
125.065
125.168
125.065
161.265
125.169
125.012
125.116
125.168
125.116
157.775
125.117
125.168
125.169
125.221
125.012
157.880
125.116
125.064
125.064
125.116
125.221
125.325
125.012
125.065
125.116
125.117
154.129
125.116
125.117
125.117
125.064
125.064
158.193
125.169
125.116
125.168
125.116
125.117
158.140
125.168
125.064
125.169
125.221
125.064
125.273
125.169
125.169
125.064
125.116
160.277
125.116
125.116
125.117
125.117
125.116
157.880
125.117
125.116
125.116
125.117
125.169
158.297
125.116
125.064
125.064
125.065
125.168
158.036
125.221
125.117
125.117
125.064
125.220
125.273
125.116
125.064
125.013
125.064
156.682
125.273
125.168
125.117
125.169
125.169
159.391
125.117
125.116
125.168
125.169
125.064
157.359
125.116
125.169
125.116
125.013
125.116
125.325
125.221
125.064
125.117
125.064
157.828
125.116
125.168
125.116
125.116
125.221
158.192
125.064
125.064
125.064
125.065
125.168
157.047
125.065
125.221
125.064
125.168
125.064
125.272
125.169
125.168
125.116
125.169
151.629
125.116
125.168
125.117
125.116
125.116
158.297
125.169
125.116
125.116
125.065
125.117
157.411
125.064
125.116
125.065
125.221
125.012
125.481
125.169
125.117
125.116
125.116
159.911
125.168
125.168
125.116
125.064
125.169
158.296
125.065
125.168
125.273
125.273
125.065
157.047
125.169
125.168
125.169
125.012
125.116
158.765
125.169
125.168
125.013
125.116
125.116
125.117
125.168
125.168
125.169
125.116
153.400
125.012
125.116
125.117
125.064
125.168
157.620
125.116
125.116
125.117
125.116
125.221
125.481
125.116
125.168
125.221
125.116
161.526
125.220
125.116
125.273
125.220
125.168
154.495
125.168
125.168
125.221
125.117
125.064
157.776
125.168
125.012
125.169
125.169
125.169
157.672
125.117
125.064
125.168
125.220
125.116
125.273
125.168
125.169
125.065
125.168
151.421
125.117
125.168
125.220
125.012
125.117
157.672
125.064
125.116
125.064
125.117
125.064
157.567
125.116
125.117
125.169
125.169
125.064
125.325
125.116
125.221
125.273
125.064
157.359
125.116
125.117
125.168
125.064
125.117
157.203
125.169
125.064
125.168
125.013
125.012
157.307
125.116
125.168
125.116
125.116
125.117
158.974
125.065
125.065
125.064
125.169
125.116
125.221
125.064
125.221
125.064
125.169
157.880
125.221
125.168
125.117
125.064
125.220
157.984
125.064
125.117
125.116
125.169
125.116
125.221
125.064
125.168
125.116
125.220
163.714
125.169
125.116
125.220
125.168
125.220
157.828
125.169
125.065
125.169
125.168
125.116
157.463
125.116
125.116
125.117
125.168
125.064
125.325
125.272
125.116
125.169
125.117
162.933
125.116
125.169
125.065
125.012
125.168
151.109
125.064
125.116
125.221
125.221
125.065
157.828
125.272
125.116
125.220
125.065
125.168
156.421
125.012
125.064
125.116
125.168
125.064
125.273
125.065
125.169
125.116
125.220
156.161
125.169
125.169
125.116
125.064
125.065
156.682
125.065
125.221
125.116
125.168
125.220
157.776
125.116
125.117
125.065
125.064
125.116
125.376
125.116
125.064
125.117
125.272
152.359
125.064
125.168
125.117
125.116
125.116
157.620
125.221
125.168
125.064
125.117
125.064
157.463
125.168
125.064
125.272
125.169
125.064
125.376
125.116
125.064
125.169
125.064
161.058
125.220
125.117
125.168
125.116
125.064
156.266
125.012
125.117
125.116
125.220
125.169
154.233
125.220
125.065
125.116
125.168
125.065
156.630
125.116
125.065
125.065
125.117
125.012
125.169
125.169
125.116
125.220
125.116
152.671
125.220
125.168
125.116
125.013
125.168
155.171
125.325
125.168
125.065
125.064
125.220
157.150
125.116
125.168
125.117
125.117
125.116
125.325
125.169
125.169
125.116
125.116
161.526
125.168
125.220
125.116
125.012
125.117
158.140
125.168
125.116
125.168
125.117
125.116
158.192
125.116
125.116
125.117
125.169
125.169
125.325
125.117
125.168
125.116
125.116
151.525
125.116
125.221
125.169
125.168
125.221
157.411
125.064
125.064
125.168
125.117
125.221
157.776
125.012
125.169
125.168
125.065
125.168
157.932
125.116
125.168
125.117
125.168
125.117
125.116
125.169
125.117
125.012
125.116
153.401
125.168
125.065
125.116
125.117
125.116
156.682
125.169
125.169
125.064
125.221
125.116
156.734
125.116
125.065
125.116
125.117
125.116
125.325
125.117
125.117
125.168
125.168
159.703
125.065
125.117
125.169
125.116
125.064
155.952
125.065
125.116
125.116
125.169
125.168
157.464
125.221
125.064
125.064
125.169
125.169
125.324
125.064
125.064
125.168
125.169
151.368
125.273
125.116
125.116
125.116
125.117
155.171
125.169
125.116
125.117
125.220
125.117
158.192
125.064
125.065
125.064
125.168
125.220
156.839
125.064
125.169
125.116
125.012
125.117
125.325
125.169
125.064
125.220
125.012
154.598
125.273
125.116
125.064
125.065
125.220
158.348
125.012
125.169
125.116
125.116
125.065
157.619
125.116
125.221
125.168
125.065
125.168
125.221
125.221
125.116
125.065
125.116
155.692
125.117
125.168
125.117
125.116
125.169
159.547
125.220
125.169
125.169
125.064
125.064
157.568
125.064
125.065
125.116
125.012
125.117
125.273
125.064
125.064
125.116
125.221
155.744
125.116
125.117
125.064
125.117
125.117
159.078
125.117
125.116
125.116
125.065
125.168
157.672
125.116
125.012
125.065
125.116
125.116
125.273
125.169
125.064
125.064
125.117
155.900
125.064
125.117
125.116
125.117
125.116
157.620
125.064
125.585
125.168
125.116
125.220
156.839
125.064
125.169
125.064
125.116
125.116
159.234
125.064
125.064
125.065
125.116
125.117
125.272
125.012
125.220
125.169
125.064
154.755
125.273
125.116
125.116
125.117
125.065
158.401
125.012
125.116
125.116
125.064
125.169
157.255
125.273
125.065
125.116
125.117
125.220
125.325
125.117
125.168
125.273
125.116
155.432
125.065
125.064
125.221
125.116
125.169
157.150
125.116
125.117
125.168
125.117
125.220
157.932
125.064
125.168
125.064
125.117
125.116
125.168
125.169
125.116
125.117
125.064
153.244
125.168
125.116
125.065
125.064
125.117
157.150
125.064
125.168
125.116
125.168
125.169
156.161
125.116
125.168
125.117
125.012
125.117
125.533
125.168
125.117
125.012
125.221
156.057
125.064
125.117
125.064
125.116
125.221
152.306
125.116
125.117
125.116
125.169
125.169
157.671
125.064
125.116
125.117
125.220
125.116
159.807
125.117
125.064
125.169
125.116
125.221
125.273
125.117
125.064
125.116
125.117
155.692
125.116
125.064
125.168
125.116
125.065
157.359
125.221
125.064
125.117
125.116
125.116
158.401
125.168
125.117
125.168
125.221
125.117
125.221
125.221
125.116
125.117
125.168
156.422
125.064
125.064
125.169
125.169
125.168
157.724
125.116
125.116
125.065
125.168
125.221
158.349
125.221
125.168
125.116
125.117
125.012
125.273
125.168
125.169
125.012
125.220
158.453
125.116
125.221
125.117
125.116
125.065
158.088
125.272
125.065
125.116
125.169
125.116
157.984
125.064
125.064
125.064
125.117
125.168
125.533
125.064
125.116
125.220
125.064
160.536
125.064
125.221
125.116
125.169
125.116
158.245
125.168
125.169
125.116
125.117
125.116
157.672
125.220
125.117
