42.452
42.036
41.983
41.983
41.932
42.088
42.036
41.984
66.256
42.036
41.983
41.931
42.035
41.931
41.983
41.984
41.983
42.036
41.931
41.880
42.140
41.983
41.931
42.035
41.983
41.983
42.035
41.931
41.983
41.931
41.931
40.369
42.088
41.931
41.931
42.036
42.035
41.880
41.983
41.932
41.983
41.984
64.642
42.140
41.931
42.035
41.983
41.880
41.931
42.036
41.879
41.879
42.088
41.983
37.660
42.036
41.931
42.035
42.035
42.088
42.035
42.035
41.880
41.931
41.879
69.642
41.149
41.932
41.983
41.931
41.984
41.983
41.983
41.984
41.931
41.931
41.932
41.514
41.931
41.983
41.983
41.931
41.149
42.192
41.984
42.088
42.036
41.984
42.192
42.087
41.931
41.931
41.931
41.931
41.984
41.879
42.036
41.983
41.983
66.360
42.035
41.983
41.984
41.983
41.932
41.931
42.036
41.931
41.931
41.880
41.879
42.192
41.931
42.035
41.931
42.036
41.931
41.983
41.983
41.983
42.036
41.879
64.069
41.984
41.931
41.983
41.983
41.983
42.036
41.983
41.931
41.983
41.879
76.831
41.983
42.035
42.036
42.036
41.931
41.983
41.931
42.035
41.879
42.087
41.983
41.983
41.879
41.931
41.983
41.931
41.931
41.932
41.983
41.983
41.931
41.931
69.746
42.192
42.035
41.984
41.983
41.983
41.983
41.931
41.879
41.983
41.931
41.931
41.983
41.983
41.932
42.035
41.931
41.932
41.879
41.931
42.035
42.035
41.931
42.087
42.035
41.983
41.932
41.931
42.035
41.931
41.931
41.983
41.931
41.983
41.670
41.932
41.983
41.932
42.087
41.931
41.984
41.983
42.035
41.931
41.931
70.111
42.191
41.931
41.984
41.983
42.035
41.879
41.931
41.931
41.879
41.931
41.983
42.088
41.879
41.983
42.036
41.983
42.035
42.087
42.036
41.983
41.983
41.984
69.590
42.087
41.879
42.088
41.983
41.983
41.931
41.983
41.931
42.036
41.931
41.984
42.087
41.983
41.983
42.087
41.931
41.984
41.983
41.983
41.931
42.036
41.983
42.191
41.931
41.931
41.983
41.984
41.879
41.879
41.983
41.879
41.983
41.983
73.601
42.035
41.983
41.983
41.983
41.932
42.087
41.931
41.984
41.983
41.931
41.931
41.931
41.879
41.932
41.931
41.983
41.984
42.035
41.983
41.984
41.983
41.931
42.139
42.036
41.983
41.931
41.931
42.035
41.932
41.879
41.984
41.983
41.983
42.244
42.088
41.984
41.983
41.931
42.088
42.036
42.035
41.931
41.983
41.983
69.694
42.035
41.983
41.879
41.931
41.879
41.983
41.879
41.931
41.983
41.879
41.931
41.931
41.932
41.931
41.931
41.984
42.035
41.983
41.932
42.035
41.931
41.879
75.007
41.931
42.087
41.983
41.984
42.036
41.879
41.931
41.879
42.036
41.931
73.549
42.036
41.932
41.983
41.931
41.879
42.035
41.984
41.983
41.931
42.036
41.983
42.244
41.931
41.879
42.035
41.984
41.931
41.983
41.983
41.827
41.932
41.983
69.799
41.879
42.036
41.984
41.983
41.931
41.984
41.983
41.983
41.984
42.035
74.174
39.430
42.087
42.035
41.932
42.035
42.035
41.931
41.983
41.984
41.983
41.984
42.139
41.879
41.983
42.087
41.879
41.983
42.036
41.879
41.983
41.931
41.879
41.619
42.035
41.983
41.931
41.983
41.983
41.983
41.983
41.983
42.087
41.983
69.903
41.983
41.983
41.983
41.983
41.983
41.931
41.931
42.088
41.983
41.984
41.931
42.087
41.879
41.879
41.984
41.983
41.932
41.983
41.983
41.983
41.983
42.036
72.455
42.140
41.931
41.983
42.036
41.879
41.931
41.983
41.879
41.983
41.983
78.393
41.984
41.983
41.984
41.983
41.879
41.983
42.036
42.035
41.932
41.879
42.087
42.296
41.983
42.087
41.931
42.036
41.931
41.931
42.036
41.983
41.931
42.036
42.191
41.931
42.036
41.879
42.087
41.879
41.931
41.879
41.931
41.983
41.932
68.132
42.139
41.931
41.879
41.984
41.931
42.035
41.879
42.035
42.036
42.035
41.983
42.244
41.984
41.983
42.035
41.983
41.984
41.931
42.087
41.983
41.983
42.035
41.514
41.983
41.931
41.983
42.087
41.932
41.983
41.931
42.036
42.035
41.879
70.163
41.983
41.983
41.931
41.931
41.983
41.827
41.931
41.983
41.931
41.931
41.984
41.931
41.880
41.879
42.036
41.931
41.879
41.931
41.931
41.983
41.879
41.931
70.945
41.984
41.931
41.983
41.983
42.035
41.984
41.931
41.983
41.983
41.983
78.184
41.983
41.983
41.984
41.984
41.983
41.931
41.983
42.139
41.983
41.984
72.612
41.931
41.879
41.983
41.983
41.827
41.879
41.879
42.036
41.879
41.931
42.035
42.192
41.984
41.983
41.879
41.879
41.879
42.035
41.931
41.879
42.035
42.035
70.788
41.983
41.983
41.983
42.087
42.087
41.931
41.984
41.931
41.880
42.035
41.880
42.192
42.035
42.036
41.931
41.983
41.932
41.983
41.983
42.035
41.983
41.984
42.191
42.035
42.400
42.035
41.983
42.036
41.983
42.035
41.880
42.035
41.931
70.528
42.036
41.932
41.983
41.932
41.983
41.931
42.088
41.984
41.931
41.983
41.983
42.244
41.879
42.035
41.984
41.983
41.931
41.983
41.879
41.983
41.983
41.931
73.549
41.984
41.931
42.088
41.931
41.983
42.036
41.879
41.931
41.984
41.983
70.111
41.983
42.036
41.983
41.932
41.983
41.983
42.036
41.879
42.036
41.983
41.931
35.785
41.879
41.983
41.879
42.088
41.879
41.984
41.931
42.087
42.035
41.879
41.411
41.931
41.931
41.983
42.036
42.035
42.087
41.983
41.984
41.983
41.931
68.549
41.931
41.983
41.879
41.983
42.036
41.931
41.931
41.984
41.931
41.931
42.035
42.035
41.931
41.879
42.035
41.984
41.931
41.932
41.983
41.983
41.931
41.983
72.819
41.984
42.036
42.035
41.931
42.036
41.931
41.879
41.983
41.879
41.984
71.621
41.931
41.931
41.983
41.931
41.983
41.931
42.035
41.983
41.931
41.983
41.931
42.192
41.984
41.984
41.880
41.983
42.035
42.035
41.984
41.983
41.983
42.036
42.191
41.983
41.931
41.932
41.983
42.140
41.931
41.879
41.983
41.879
41.931
67.819
42.035
42.087
41.931
41.983
41.931
41.932
42.036
41.983
41.984
41.879
41.984
42.192
41.931
41.879
41.931
41.931
41.879
41.931
42.035
41.984
41.879
42.088
41.463
42.035
41.984
41.879
41.931
41.984
41.879
42.035
41.983
41.932
41.879
71.518
41.931
41.931
41.983
41.931
41.984
41.879
42.036
41.931
41.984
41.880
42.036
42.243
41.983
41.931
41.931
41.983
41.879
41.932
41.931
42.036
41.983
41.931
71.986
42.087
41.983
41.931
41.879
41.984
42.035
41.879
41.931
41.931
41.931
72.611
41.983
41.931
41.880
42.036
41.931
42.035
41.984
41.879
41.983
41.879
78.289
41.931
42.035
41.879
42.036
41.879
41.984
41.983
41.931
41.984
41.983
41.931
42.140
41.931
41.984
41.983
41.984
41.931
41.879
41.879
41.879
41.983
41.879
70.944
41.932
42.035
41.984
42.035
41.983
41.984
41.879
41.879
41.983
41.984
41.931
42.296
41.983
41.879
41.983
42.035
42.088
41.984
41.931
42.035
41.984
41.983
42.140
42.087
41.931
41.931
41.983
41.879
42.035
41.932
41.931
41.983
41.984
71.205
42.036
41.879
42.087
42.036
41.931
41.879
41.931
41.931
41.984
41.931
41.983
42.139
41.983
41.983
42.087
41.983
41.931
42.087
41.931
41.931
41.879
41.983
69.434
41.879
41.931
41.932
42.035
41.983
41.984
41.983
41.983
41.984
41.931
74.590
41.983
41.983
41.984
41.879
41.984
41.983
41.983
41.931
42.035
41.931
76.935
41.514
41.983
41.931
41.983
41.931
41.984
42.035
41.931
41.984
41.931
41.984
42.087
42.035
41.983
41.983
41.931
41.983
42.035
41.932
42.035
41.931
41.984
72.142
41.983
42.036
42.140
42.088
41.983
42.087
41.931
41.879
41.983
41.984
42.036
42.088
42.036
41.931
41.879
41.983
41.983
41.983
41.931
41.879
41.931
41.984
42.140
42.139
41.931
41.983
41.983
42.036
41.983
41.983
41.983
41.879
41.983
73.341
41.983
41.879
41.879
41.931
42.036
41.983
41.931
41.932
41.879
41.879
42.035
42.244
41.983
42.035
41.983
41.931
