426.552
454.524
426.031
454.836
425.979
454.003
426.031
454.576
426.083
453.951
426.083
452.753
426.031
425.979
426.135
426.084
454.628
425.979
452.075
425.979
454.054
426.083
453.899
426.031
453.898
426.031
453.794
425.927
453.794
426.031
453.950
426.031
453.899
425.979
458.690
425.979
459.420
426.031
459.003
426.083
458.378
425.979
452.909
426.031
425.927
426.240
426.032
459.159
426.031
458.899
425.927
458.847
425.979
460.358
425.927
458.638
425.980
458.847
425.979
459.420
425.979
459.681
425.927
458.274
426.084
458.534
426.031
458.794
425.979
459.004
426.031
458.378
426.084
459.315
425.979
454.523
426.135
425.979
426.292
426.031
458.534
426.032
459.003
425.927
459.681
426.031
459.367
426.135
456.763
425.979
460.462
426.032
458.951
426.031
459.159
425.927
458.795
426.031
458.846
425.979
458.482
425.979
458.847
425.980
460.149
425.980
458.795
426.031
458.951
425.979
451.606
426.083
425.980
426.187
425.979
426.448
425.927
459.003
425.979
458.743
425.927
456.972
425.979
459.264
426.031
458.899
425.979
459.212
426.031
456.763
425.979
458.795
426.031
459.003
426.083
457.024
426.136
458.222
425.980
458.483
425.979
456.971
426.031
451.607
426.031
425.979
426.291
425.979
458.378
426.083
459.628
425.927
458.326
425.979
458.690
425.927
459.004
425.927
458.847
425.927
459.367
425.927
456.763
426.031
460.358
426.031
459.420
425.979
459.368
425.927
458.535
425.979
459.003
426.031
460.462
426.084
454.836
425.980
426.031
426.032
426.031
459.889
425.979
459.368
425.927
458.534
425.979
458.430
425.875
458.795
425.927
459.576
425.875
458.743
425.927
456.920
426.031
459.160
425.979
459.003
426.031
459.263
425.979
458.951
426.084
460.670
426.031
458.794
425.927
458.638
426.031
454.576
425.980
426.031
426.291
425.979
460.306
426.031
459.264
426.031
458.482
425.927
459.108
425.979
459.055
425.927
458.846
426.031
456.712
425.979
458.899
425.927
458.847
426.031
459.784
425.979
458.847
426.032
460.565
426.031
457.232
426.031
459.576
426.031
456.034
426.031
425.979
426.188
426.084
459.316
426.031
460.149
426.031
459.784
425.979
460.462
426.032
456.972
425.979
459.368
425.927
458.639
425.979
459.107
425.979
459.107
426.031
459.212
425.979
458.378
425.979
460.201
426.083
459.107
425.927
457.649
425.979
456.503
425.979
455.461
425.927
425.979
426.135
425.979
459.159
425.979
458.274
426.084
459.263
425.927
459.472
425.875
458.482
426.031
458.691
426.031
458.951
426.031
460.826
426.083
458.899
426.031
458.326
426.031
459.055
426.031
459.420
426.031
458.899
426.031
452.492
426.083
461.399
425.979
425.979
426.188
426.031
459.159
425.927
457.909
425.927
459.056
425.979
459.107
426.031
459.367
426.031
458.118
426.032
457.076
425.979
457.597
425.927
457.649
426.083
456.763
426.031
458.118
425.979
460.982
425.979
456.815
425.979
457.440
426.031
425.875
426.187
425.979
426.344
425.979
458.690
425.979
459.211
425.927
459.368
425.979
459.211
425.875
459.524
426.031
458.482
426.031
458.951
426.031
458.482
425.979
458.847
426.032
459.576
426.031
459.524
426.031
458.951
426.031
459.993
426.031
454.940
425.979
456.451
426.136
426.032
426.135
426.083
426.396
425.979
457.128
425.927
459.211
425.927
458.691
425.979
459.107
425.927
456.763
425.927
458.899
425.875
459.368
425.979
458.638
426.032
457.180
425.927
459.628
425.979
458.795
425.979
458.847
425.979
454.471
425.979
454.419
425.874
425.875
426.292
426.032
456.868
425.927
457.492
426.032
458.847
425.979
459.212
425.979
459.263
426.031
458.534
425.979
459.368
426.031
459.160
425.979
459.628
425.927
458.430
425.927
458.743
425.979
458.951
425.979
458.847
425.875
453.742
425.979
459.420
426.032
426.032
426.031
425.979
458.638
425.875
458.274
426.031
459.263
426.032
456.868
425.979
458.534
425.927
460.149
426.031
458.794
426.031
459.264
425.927
459.107
425.927
459.264
426.031
459.211
426.031
458.690
426.031
461.347
425.979
457.805
425.979
457.857
425.979
452.596
426.031
425.927
426.239
425.979
459.056
426.031
458.013
425.979
458.847
425.979
459.263
425.927
460.566
426.031
460.305
426.031
460.670
425.927
459.211
425.979
458.274
426.031
459.055
426.031
458.430
425.927
459.472
425.979
457.909
425.979
453.221
426.031
461.086
426.031
426.031
426.239
426.083
457.961
425.979
460.618
425.980
458.952
425.979
459.524
426.031
457.024
425.979
459.107
425.927
459.107
425.979
459.472
426.084
458.221
426.083
459.419
425.927
458.899
426.083
456.815
425.979
457.857
425.927
455.982
426.031
463.014
426.031
425.875
426.292
426.083
458.170
426.083
458.483
426.031
459.055
425.979
458.847
426.032
458.795
425.875
459.107
425.875
459.211
426.083
458.847
425.979
457.597
425.927
459.419
425.875
459.732
425.927
458.847
425.979
457.701
425.979
457.805
426.031
457.284
426.084
426.031
426.240
425.979
426.239
426.031
458.430
426.031
458.222
426.031
459.576
425.979
458.274
425.979
457.597
425.979
458.586
426.032
457.858
425.979
456.815
426.083
458.535
425.979
460.149
425.927
457.857
426.031
458.691
425.875
451.450
425.927
454.211
426.083
425.980
426.239
426.031
456.816
426.083
459.628
426.031
458.065
425.927
457.076
426.031
458.430
426.031
457.388
425.979
458.273
425.979
458.847
425.875
456.867
426.084
458.118
426.032
457.597
425.927
456.972
425.979
458.587
425.927
452.909
425.980
425.979
426.187
425.979
426.396
426.084
426.187
426.031
457.128
426.031
459.472
426.031
457.128
426.031
458.326
425.979
458.274
426.083
458.743
425.979
458.899
426.031
456.816
425.927
457.597
426.083
458.169
425.927
460.045
426.032
458.586
425.979
457.023
425.875
454.472
426.031
425.979
426.239
425.875
458.430
426.031
459.160
425.927
459.212
425.927
457.962
425.927
458.169
425.979
458.639
426.031
458.847
425.979
456.920
425.927
458.742
425.979
458.222
426.031
458.951
426.083
459.107
426.032
458.847
426.032
453.638
426.031
461.034
426.136
426.031
426.239
425.979
458.639
425.979
459.107
426.084
457.649
426.135
459.211
426.031
457.336
425.979
459.107
425.980
459.264
425.979
459.003
425.979
459.003
425.927
458.899
426.031
459.888
425.979
458.691
426.031
457.753
426.031
454.680
425.979
457.597
426.187
425.927
426.031
426.031
426.291
426.032
459.160
425.979
459.055
426.032
459.003
425.927
458.326
425.979
458.951
425.927
459.837
426.083
459.576
426.032
458.742
425.979
459.212
425.875
459.576
426.031
459.107
425.927
459.733
425.927
459.212
425.979
455.253
426.188
425.927
426.031
425.927
426.240
425.979
460.566
425.927
459.003
425.979
458.483
425.979
457.857
425.979
458.587
426.031
458.951
426.031
458.951
426.031
456.815
426.031
459.055
425.979
458.899
426.083
460.514
425.927
458.482
425.927
459.003
425.874
458.743
426.136
425.927
426.031
425.927
426.188
425.979
459.003
425.875
459.107
426.084
458.794
426.031
458.430
425.927
460.305
426.032
459.108
426.031
458.066
425.927
460.149
425.979
458.690
426.031
457.388
425.980
460.462
426.031
458.118
425.927
456.815
425.980
458.743
426.083
454.419
425.927
425.980
426.084
425.979
426.239
425.927
459.160
426.083
458.951
425.927
458.013
425.979
458.065
425.979
458.170
426.083
457.492
425.979
457.909
425.979
458.378
425.979
458.378
426.031
457.024
426.031
459.315
426.031
458.587
425.979
460.670
425.979
456.451
425.979
426.031
426.136
426.031
457.284
426.032
458.169
425.927
457.962
425.979
457.440
425.979
458.222
425.927
458.587
425.979
457.545
425.979
458.690
425.927
457.076
425.979
457.962
425.979
458.743
426.031
458.482
425.979
456.347
426.031
458.743
426.084
454.107
426.031
425.875
426.239
425.979
458.899
425.979
459.211
425.979
458.899
426.083
459.107
426.031
458.378
426.031
459.576
426.031
458.795
426.083
459.472
426.031
459.889
425.927
459.055
425.927
458.795
425.927
458.638
425.979
459.472
425.927
458.483
425.979
457.961
426.032
453.742
426.136
425.979
426.240
425.979
458.847
425.927
459.680
425.927
459.107
425.979
459.160
425.979
459.159
425.927
458.431
426.083
458.794
426.083
459.003
426.135
458.795
426.083
459.055
425.979
458.117
426.031
459.003
425.927
459.003
425.875
456.034
425.927
461.347
426.032
425.927
426.188
425.927
458.899
425.927
459.993
425.979
459.107
426.084
458.742
425.979
459.628
425.927
459.419
425.979
458.482
426.031
458.743
426.083
459.003
