40.889
40.264
40.368
40.264
40.212
40.473
58.911
40.316
40.316
40.317
40.212
40.265
40.316
40.368
40.213
40.160
40.264
40.265
40.316
40.316
40.317
40.212
40.264
40.368
40.317
40.369
40.316
76.465
40.265
40.264
40.265
40.212
40.265
40.212
40.265
40.264
40.213
40.316
40.265
67.767
40.212
40.264
40.368
40.213
40.213
40.212
40.160
40.160
40.212
40.265
40.317
40.264
40.317
40.212
40.317
40.213
40.160
40.212
40.212
40.316
40.264
40.316
68.288
39.692
40.264
40.316
40.265
40.264
40.160
40.368
40.212
40.264
40.265
40.212
39.535
40.265
40.212
40.213
40.316
40.317
40.212
40.212
40.264
40.316
40.317
40.317
40.264
40.369
40.264
40.160
40.264
40.265
40.212
40.213
40.264
40.265
72.507
39.692
40.212
40.265
40.264
40.264
40.264
40.316
40.213
40.316
40.265
40.212
66.517
40.212
40.160
40.265
40.264
40.213
40.160
40.316
40.265
40.368
40.317
40.316
40.421
40.264
40.161
40.212
40.369
40.212
40.264
40.161
40.264
40.212
40.317
67.090
40.212
40.265
40.264
40.264
40.212
40.368
40.265
40.264
40.212
40.213
40.213
68.444
40.264
40.264
40.265
40.264
40.316
40.264
40.264
40.264
40.212
40.265
40.264
40.265
40.108
40.316
40.316
40.212
40.368
40.317
40.316
40.316
40.317
40.316
67.558
40.264
40.264
40.160
40.212
40.265
40.212
40.316
40.213
40.212
40.160
40.265
40.316
40.316
40.265
40.212
40.265
40.212
40.317
40.316
40.265
40.212
40.212
68.080
40.264
40.213
40.212
40.317
40.264
40.213
40.160
40.265
40.264
40.265
40.316
40.368
40.369
40.213
40.212
40.317
40.264
40.160
40.317
40.264
40.212
40.212
40.265
40.264
40.212
40.316
40.317
40.212
40.316
40.264
40.212
40.265
40.420
40.265
68.131
40.264
40.265
40.316
40.265
40.264
40.212
40.213
40.160
40.212
40.213
40.212
35.889
40.316
40.265
40.316
40.317
40.212
40.160
40.369
40.369
40.212
40.264
75.060
40.160
40.317
40.264
40.213
40.212
40.264
40.212
40.212
40.316
40.212
40.265
68.027
40.212
40.160
40.317
40.264
40.264
40.316
40.264
40.213
40.212
40.317
70.528
40.264
40.265
40.369
40.264
40.317
40.264
40.161
40.264
40.213
40.316
40.212
40.733
40.212
40.264
40.212
40.264
40.265
40.212
40.212
40.316
40.212
40.316
40.212
40.421
40.369
40.317
40.212
40.265
40.212
40.316
40.264
40.212
40.316
40.161
67.454
40.316
40.265
40.212
40.316
40.212
40.160
40.264
40.212
40.265
40.212
40.265
40.317
40.212
40.212
40.212
40.212
40.265
40.212
40.265
40.264
40.213
40.264
77.768
39.847
40.264
40.212
40.317
40.264
40.161
40.316
40.264
40.213
40.264
40.212
40.004
40.160
40.316
40.316
40.317
40.212
40.213
40.316
40.317
40.265
40.368
40.213
40.421
40.368
40.212
40.316
40.264
40.160
40.264
40.264
40.264
40.265
40.316
40.264
40.213
40.160
40.213
40.264
40.265
40.212
40.265
40.212
40.212
40.265
40.212
40.421
40.317
40.316
40.213
40.316
40.213
40.212
40.265
40.212
40.212
40.212
69.538
40.316
40.317
40.264
40.212
40.264
40.264
40.160
40.264
40.264
40.368
40.265
39.848
40.265
40.368
40.317
40.160
40.317
40.160
40.212
40.316
40.265
40.212
74.226
40.264
40.161
40.212
40.264
40.160
40.212
40.212
40.368
40.265
40.212
40.265
69.798
40.369
40.317
40.264
40.264
40.264
40.264
40.265
40.369
40.264
40.212
40.212
40.160
40.265
40.212
40.317
40.212
40.317
40.212
40.264
40.212
40.316
40.369
39.899
40.316
40.264
40.212
40.212
40.316
40.264
40.421
40.264
40.265
40.264
40.213
40.265
40.212
40.213
40.264
40.213
40.316
40.264
40.369
40.160
40.265
40.316
69.538
40.421
40.265
40.160
40.212
40.213
40.212
40.264
40.264
40.264
40.160
40.265
40.577
40.160
40.213
40.316
40.160
40.212
40.369
40.317
40.212
40.212
40.316
72.976
40.264
40.264
40.264
40.316
40.264
40.212
40.316
40.212
40.160
40.264
40.213
67.819
40.264
40.264
40.212
40.212
40.264
40.265
40.316
40.213
40.316
40.213
40.161
40.473
40.317
40.264
40.212
40.265
40.368
40.265
40.368
40.317
40.264
40.160
68.236
40.265
40.212
40.212
40.316
40.212
40.317
40.317
40.212
40.264
40.213
40.264
40.577
40.160
40.212
40.213
40.212
40.264
40.316
40.160
40.212
40.264
40.317
65.162
40.264
40.212
40.212
40.212
40.264
40.264
40.212
40.213
40.160
40.212
40.317
67.454
40.317
40.264
40.212
40.264
40.316
40.265
40.213
40.265
40.317
40.368
40.316
40.213
40.212
40.265
40.316
40.212
40.212
40.265
40.316
40.316
40.213
40.368
67.662
40.421
40.160
40.265
40.316
40.265
40.212
40.317
40.264
40.316
40.264
40.212
39.014
40.161
40.264
40.369
40.212
40.265
40.316
40.317
40.264
40.264
40.264
40.212
40.264
40.264
40.265
40.420
40.317
40.420
40.213
40.212
40.212
40.316
40.265
66.933
40.264
40.264
40.264
40.161
40.161
40.212
40.264
40.213
40.212
40.264
40.160
40.264
40.213
40.212
40.265
40.212
40.316
40.212
40.264
40.212
40.369
40.368
65.892
40.212
40.212
40.212
40.368
40.316
40.212
40.212
40.316
40.265
40.264
40.317
40.056
40.317
40.212
40.369
40.212
40.264
40.317
40.316
40.264
40.212
40.265
40.160
40.472
40.264
40.212
40.212
40.317
40.264
40.212
40.317
40.316
40.213
40.316
66.257
40.317
40.368
40.212
40.212
40.212
40.264
40.264
40.265
40.369
40.264
40.213
40.681
40.212
40.317
40.212
40.316
40.265
40.160
40.264
40.160
40.369
40.212
40.316
40.473
40.264
40.265
40.264
40.317
40.160
40.212
40.265
40.264
40.316
40.368
40.473
40.316
40.265
40.160
40.212
40.316
40.213
40.316
40.265
40.161
40.212
70.892
40.212
40.212
40.264
40.213
40.160
40.212
40.212
40.265
40.264
40.212
40.213
66.830
40.368
40.264
40.316
40.212
40.161
40.213
40.212
40.316
40.264
40.212
40.161
40.473
40.213
40.264
40.264
40.265
40.264
40.264
40.265
40.160
40.264
40.316
66.778
40.212
40.213
40.265
40.212
40.264
40.317
40.317
40.212
40.369
40.264
40.264
40.786
40.317
40.160
40.264
40.316
40.264
40.213
40.369
40.316
40.316
40.160
77.195
40.265
40.160
40.264
40.264
40.264
40.213
40.212
40.212
40.264
40.264
40.213
66.569
40.421
40.213
40.264
40.317
40.212
40.212
40.265
40.264
40.317
40.212
67.767
40.212
40.264
40.369
40.264
40.317
40.264
40.264
40.213
40.316
40.213
40.212
72.715
40.213
40.316
40.212
40.264
40.265
40.316
40.212
40.212
40.317
40.368
40.212
40.316
40.212
40.265
40.264
40.317
40.160
40.317
40.264
40.213
40.212
40.212
72.091
40.316
40.316
40.265
40.160
40.161
40.160
40.264
40.212
40.264
40.265
40.316
39.900
40.264
40.265
40.316
40.265
40.212
40.212
40.264
40.213
40.212
40.212
40.264
40.473
40.264
40.317
40.265
40.212
40.160
40.265
40.264
40.212
40.212
40.212
67.194
40.264
40.265
40.264
40.317
40.160
40.316
40.213
40.264
40.212
40.212
40.212
38.181
40.317
40.316
40.316
40.264
40.265
40.212
40.265
40.316
40.265
40.213
70.371
40.212
40.212
40.212
40.160
40.264
40.161
40.316
40.213
40.160
40.212
40.161
40.629
40.317
40.316
40.265
40.316
40.213
40.316
40.264
40.213
40.264
40.264
40.161
40.160
40.212
40.213
40.160
40.213
40.213
40.212
40.160
40.161
40.212
40.264
72.143
40.265
40.316
40.265
40.161
40.212
40.160
40.161
40.212
40.264
40.317
40.316
40.317
40.212
40.316
40.213
40.264
40.212
40.212
40.212
40.265
40.264
40.317
67.923
40.212
40.212
40.369
40.212
40.213
40.316
40.265
40.264
40.213
40.316
40.212
68.184
40.160
40.264
40.160
40.265
40.264
40.265
40.264
40.317
40.264
40.212
67.975
39.743
40.213
40.264
40.264
40.160
40.264
40.264
40.265
40.317
40.264
40.265
68.444
40.160
40.212
40.317
40.212
40.265
40.213
40.212
40.212
40.369
40.212
