1876.954
1930.241
1880.913
1875.652
1897.008
1880.444
1929.407
1918.156
1913.468
1879.871
1880.601
1923.677
1921.333
1879.923
1924.199
1848.305
1846.847
1916.125
1919.146
1880.548
1878.361
1882.059
1879.558
1880.444
1879.610
1929.407
1896.330
1880.131
1916.801
1880.079
1922.427
1879.975
1927.376
1880.183
1929.720
1928.105
1931.438
1932.220
1847.628
1880.600
1880.496
1912.114
1879.975
1919.197
1919.145
1876.173
1881.278
1879.090
1846.534
1912.739
1877.631
1878.673
1921.802
1923.416
1919.666
1917.062
1881.329
1923.989
1917.322
1873.672
1846.847
1878.413
1914.614
1922.271
1919.667
1923.990
1918.468
1878.725
1877.839
1928.678
1872.787
1846.065
1912.427
1912.687
1877.996
1879.246
1927.584
1880.287
1921.646
1881.329
1925.292
1927.115
1895.810
1846.899
1879.454
1912.583
1880.288
1924.459
1919.406
1880.809
1923.417
1928.782
1931.126
1880.027
1928.209
1895.862
1912.114
1878.777
1918.260
1914.927
1922.427
1878.152
1880.079
1879.038
1921.854
1924.719
1929.876
1846.483
1912.009
1877.579
1878.152
1924.146
1922.167
1920.604
1877.579
1878.725
1929.043
1928.574
1931.803
1845.440
1878.725
1877.267
1918.000
1878.256
1925.500
1879.038
1926.959
1929.095
1879.454
1930.813
1846.847
1919.823
1914.718
1881.694
1877.683
1878.152
1878.725
1879.403
1930.344
1931.386
1925.136
1901.644
1879.715
1879.923
1913.780
1921.438
1924.407
1928.417
1926.542
1881.069
1879.246
1934.147
1932.011
1894.924
1846.691
1880.913
1914.927
1880.965
1880.340
1921.646
1881.173
1929.146
1922.375
1931.490
1847.107
1901.696
1915.343
1919.041
1880.496
1880.756
1918.677
1878.464
1923.834
1927.167
1879.818
1876.902
1900.759
1917.948
1880.079
1917.270
1921.646
1915.760
1923.678
1924.824
1878.308
1878.829
1880.027
1930.136
1846.430
1879.402
1921.281
1879.662
1881.330
1881.381
1920.031
1924.823
1927.792
1927.115
1877.996
1926.438
1846.326
1879.662
1877.579
1878.725
1923.260
1918.781
1928.053
1921.125
1879.767
1925.553
1875.808
1847.107
1915.760
1917.948
1913.416
1877.319
1882.528
1925.031
1879.558
1879.819
1879.923
1845.284
1919.979
1916.021
1919.927
1917.271
1880.183
1880.183
1879.766
1928.938
1924.927
1933.001
1925.969
1847.316
1879.819
1911.228
1878.152
1920.604
1878.152
1928.834
1880.079
1880.132
1924.146
1929.459
1846.378
1913.781
1915.812
1917.323
1880.756
1921.229
1921.437
1881.537
1878.882
1925.032
1930.865
1932.480
1931.022
1847.628
1880.600
1915.500
1877.371
1923.521
1881.225
1921.125
1878.152
1921.386
1880.287
1923.990
1846.326
1918.000
1879.402
1918.885
1879.142
1918.833
1923.365
1924.407
1881.225
1880.288
1927.167
1923.469
1901.696
1920.447
1881.433
1918.155
1916.332
1880.339
1925.656
1919.979
1879.714
1880.496
1879.923
1895.446
1901.123
1915.708
1912.375
1881.329
1878.412
1880.288
1920.760
1927.532
1921.750
1924.198
1929.459
1933.522
1847.368
1917.427
1914.926
1879.871
1921.438
1915.447
1923.574
1923.521
1919.927
1920.344
1878.517
1925.500
1932.063
1846.691
1908.259
1878.516
1878.777
1880.444
1881.486
1879.819
1879.298
1879.193
1925.969
1845.961
1918.625
1878.569
1916.749
1917.687
1922.063
1878.985
1929.876
1930.553
1878.100
1931.230
1926.386
1846.534
1878.829
1919.666
1878.933
1914.822
1925.292
1924.719
1879.246
1923.209
1924.823
1923.729
1924.563
1848.045
1878.673
1910.759
1923.833
1916.749
1879.715
1925.344
1923.521
1921.802
1879.089
1929.303
1924.042
1929.563
1846.691
1879.975
1881.226
1880.496
1878.621
1921.125
1927.271
1880.705
1924.927
1931.021
1882.215
1846.743
1909.926
1880.809
1916.176
1879.714
1878.621
1921.281
1878.777
1880.653
1926.959
1844.920
1878.933
1917.374
1880.235
1918.937
1925.865
1921.542
1879.975
1922.062
1878.309
1874.766
1847.316
1909.665
1880.339
1918.989
1922.948
1879.767
1879.975
1921.281
1931.907
1877.475
1874.922
1895.758
1877.006
1878.985
1916.177
1921.333
1878.360
1925.396
1924.406
1919.354
1928.626
1931.803
1876.746
1846.690
1877.579
1916.124
1921.594
1880.443
1881.225
1880.600
1923.417
1929.147
1879.611
1847.003
1917.166
1880.392
1880.027
1920.552
1921.437
1926.178
1926.698
1880.027
1924.510
1931.438
1931.490
1875.600
1903.259
1919.718
1879.558
1922.114
1923.364
1918.312
1880.131
1881.069
1880.965
1879.975
1874.819
1900.081
1909.040
1879.870
1924.927
1918.260
1922.063
1921.333
1880.027
1927.844
1930.345
1929.042
1881.433
1931.335
1847.160
1909.353
1880.965
1880.340
1913.520
1923.782
1920.031
1880.236
1927.219
1930.761
1929.407
1877.318
1901.800
1911.697
1919.197
1915.551
1916.073
1921.177
1914.458
1879.819
1878.569
1926.594
1926.594
1923.990
1884.455
1901.175
1879.871
1877.683
1923.261
1923.886
1922.323
1877.214
1929.563
1878.256
1880.132
1871.328
1901.591
1878.881
1879.767
1878.152
1912.947
1922.376
1921.229
1877.423
1877.943
1880.496
1847.212
1919.979
1881.382
1918.156
1924.667
1916.124
1918.364
1918.208
1927.011
1879.975
1878.308
1928.730
1924.979
1896.903
1881.486
1879.559
1921.594
1918.677
1922.479
1919.301
1922.739
1922.427
1928.105
1880.392
1924.980
1848.305
1908.416
1915.604
1920.812
1915.707
1925.083
1921.646
1916.593
1920.917
1881.121
1923.938
1880.600
1847.003
1896.383
1879.454
1925.396
1915.135
1923.053
1920.135
1880.027
1880.808
1880.600
1925.813
1881.225
1847.315
1910.239
1879.871
1878.152
1918.208
1927.167
1882.528
1879.923
1879.663
1930.866
1875.339
1846.065
1880.028
1917.947
1880.496
1916.749
1917.218
1878.725
1878.360
1921.802
1880.287
1847.107
1878.621
1879.715
1913.208
1924.250
1880.027
1919.771
1922.635
1880.652
1923.105
1880.392
1847.003
1913.832
1920.657
1922.479
1881.434
1924.928
1879.715
1921.906
1925.553
1928.730
1931.126
1880.288
1929.876
1896.227
1914.197
1880.860
1880.184
1924.927
1923.938
1877.423
1920.344
1920.552
1921.073
1929.876
1918.625
1923.364
1846.222
1881.590
1876.693
1915.968
1879.507
1917.322
1921.229
1881.173
1932.376
1927.793
1884.767
1895.862
1914.561
1879.037
1918.833
1914.301
1926.074
1922.375
1925.344
1928.625
1877.006
1930.866
1925.969
1933.262
1847.263
1908.780
1920.916
1916.853
1915.864
1880.131
1918.573
1880.652
1927.271
1878.673
1923.677
1878.361
1846.482
1918.052
1915.291
1917.740
1919.770
1920.448
1925.813
1879.767
1922.844
1879.298
1931.022
1932.324
1846.639
1880.340
1919.770
1914.197
1878.933
1920.031
1924.927
1923.105
1925.396
1879.818
1878.777
1926.177
1929.771
1901.488
1877.214
1914.718
1910.603
1917.948
1926.074
1926.021
1878.099
1876.954
1878.256
1928.678
1925.969
1846.535
1908.415
1880.444
1880.808
1879.923
1880.756
1929.772
1922.531
1880.339
1872.162
1847.160
1920.812
1879.715
1923.469
1919.302
1880.288
1878.569
1879.975
1878.412
1931.438
1929.876
1901.644
1916.176
1910.186
1912.114
1919.510
1919.979
1920.187
1880.392
1881.381
1929.043
1930.553
1878.360
1931.125
1847.264
1915.499
1879.976
1878.204
1880.704
1917.739
1922.167
1931.595
1880.809
1880.027
1846.691
1879.454
1911.176
1879.037
1880.079
1924.459
1920.865
1927.584
1880.079
1923.886
1929.407
1931.386
1925.553
1847.420
1920.396
1917.427
1914.093
1914.822
1925.031
1879.767
1924.510
1929.615
1928.053
1880.027
1872.891
1901.592
1881.433
1917.062
1918.208
1881.902
1924.875
1882.111
1918.364
1880.392
1880.236
1929.147
1929.459
1902.113
1879.142
1913.937
1922.635
1880.756
1881.277
1926.334
1879.923
1881.486
1875.756
1922.531
1896.644
1880.496
1880.236
1879.714
1919.145
1879.766
1927.636
1922.271
1880.080
1879.767
1847.211
1880.027
1914.822
1880.548
1922.583
1880.653
1928.053
1922.010
1879.141
1924.406
1877.058
1845.700
1879.558
1910.499
1916.489
1918.520
1877.423
1915.552
1879.298
1926.125
1925.709
1924.980
1876.381
1896.070
1911.853
1880.392
1922.115
1880.288
1926.073
1916.645
1879.663
1877.683
1877.579
1844.971
1896.226
1909.405
1880.444
1921.281
1924.614
1879.662
1916.749
1878.204
1927.376
1879.454
1925.500
1846.170
1901.592
1878.256
1921.750
1917.322
1924.406
1913.520
1922.896
1882.319
1926.334
1881.278
1876.746
1920.291
1845.597
1918.364
1878.413
1878.829
1878.672
1879.662
1880.131
1880.340
1927.219
1926.386
1896.019
1877.423
1880.392
1913.364
1879.663
1923.834
1927.375
1925.917
1881.902
1930.917
1931.543
1926.386
1928.105
1899.769
1914.510
1919.250
1916.073
1911.593
1880.236
1879.923
1880.340
1880.392
1882.371
1846.899
1847.681
1911.853
1917.479
1880.444
1917.010
1880.340
1880.236
1880.600
1924.302
1880.965
1846.326
1880.496
1917.375
1922.844
1919.198
1922.115
1919.146
1882.007
1881.798
1930.865
1879.767
1847.264
1914.197
1878.881
1912.635
1916.073
1879.558
1880.131
1880.965
1921.593
1877.631
1929.303
1937.324
1896.956
1877.683
1920.969
1879.402
1879.662
1919.302
1921.959
1926.855
1877.943
1879.350
1923.157
1920.760
1846.586
1881.069
1918.521
1917.583
1915.812
1880.444
1880.391
1879.298
1925.344
1879.714
1847.264
1879.715
1919.719
1881.798
1925.292
1919.927
1918.260
1926.021
1926.854
1929.564
1922.531
1923.521
1877.422
1901.696
1881.017
1921.542
1916.281
1915.916
1879.714
1879.923
1919.562
1929.095
1923.156
1931.178
1929.251
1846.326
1906.905
1915.447
1916.489
1882.110
1914.250
1877.214
1925.657
1926.230
1880.131
1931.595
1873.099
1900.602
1913.781
1878.777
1880.132
1922.271
1878.673
1918.781
1879.715
1879.507
1923.573
1874.454
1900.342
1913.207
1878.933
1913.624
1918.624
1915.447
1878.517
1876.069
1878.256
1878.934
1846.899
