15692.520
13992.406
14112.939
14184.144
14172.163
14191.541
14149.817
14063.716
14052.985
14131.692
14144.974
14122.732
14085.020
14061.007
14079.915
14056.059
14118.773
14149.401
14165.705
14142.369
14167.632
14191.176
14164.402
14128.462
14107.886
14155.703
14136.015
14146.223
14095.177
14155.183
14107.261
14142.943
14078.665
14086.061
14165.132
14169.142
14067.570
14065.591
14109.866
14169.507
14165.704
14154.506
14147.265
14139.712
14131.431
14180.862
14179.196
14201.021
14151.432
14170.757
14180.445
14134.712
14125.961
14160.079
14153.569
14122.316
14167.268
14158.621
14105.594
14077.572
14087.468
14065.070
14060.018
14047.777
14069.081
14064.184
14058.559
14104.344
14091.218
14133.566
14107.001
14087.416
14098.250
14150.495
14128.982
14122.576
14125.024
14060.695
14075.071
14109.502
14134.868
14064.080
14068.924
14074.342
14078.769
14095.750
14113.616
14112.157
14154.923
14087.312
14112.574
14049.809
14047.412
14076.998
14133.254
14130.962
14095.750
14074.967
14148.776
14152.110
14155.183
14155.131
14078.353
14085.853
14084.238
14109.189
14107.209
14063.507
14126.379
14108.355
14077.571
14093.198
14082.467
14143.672
14165.445
14154.662
14170.653
14157.788
14173.049
14174.039
14141.275
14124.815
14098.875
14055.121
14064.080
14054.132
14080.124
14080.072
14094.865
14074.498
14143.463
14068.612
14137.785
14099.813
14054.913
14077.779
14075.175
14104.969
14103.772
14053.975
14077.363
14059.236
14088.093
14091.792
14076.582
14112.887
14096.323
14090.801
14101.741
14066.477
14097.730
14078.717
14073.092
14096.896
14122.107
14089.916
14082.520
14092.312
14123.773
14195.551
14162.059
14178.518
14172.372
14082.884
14040.640
14099.709
14074.133
14095.021
14131.118
14093.667
14149.089
14153.724
14184.509
14123.773
14134.347
14105.334
14104.657
14068.195
14148.568
14109.553
14097.000
14104.241
14121.847
14094.031
14080.176
14068.612
14056.059
14081.322
14128.670
14095.438
14068.821
14097.625
14078.353
14121.951
14158.881
14147.318
14091.115
14099.032
14094.343
14076.633
14083.822
14061.684
14053.871
14064.497
14044.600
14079.498
14103.095
14116.637
14068.768
14075.071
14058.299
14136.483
14138.879
14141.900
14188.884
14196.229
14171.018
14195.655
14167.684
14166.018
14173.518
14153.360
14127.681
14171.591
14175.446
14159.766
14089.708
14040.849
14071.841
14070.383
14061.007
14074.654
14118.460
14060.903
14106.480
14165.861
14157.735
14167.841
14139.453
14077.467
14072.831
14072.206
14095.698
14096.948
14083.405
14081.999
14112.419
14139.504
14126.483
14065.747
14061.163
14077.520
14074.655
14135.337
14114.294
14156.746
14140.025
14160.079
14180.238
14130.546
14135.494
14152.787
14157.735
14148.515
14077.675
14084.760
14098.615
14073.665
14070.123
14065.382
14058.715
14065.382
14063.455
14047.985
14035.953
14082.832
14074.550
14115.232
14143.202
14081.478
14112.835
14078.874
14177.321
13927.296
14191.593
14102.678
14078.092
14101.167
14093.302
14098.250
14066.893
14043.661
14106.740
14157.891
14166.174
14157.162
14101.428
14208.157
14201.385
14190.655
14116.898
14130.806
14170.914
14149.922
14150.079
14168.257
14166.329
14084.812
14140.703
14133.983
14151.276
14161.069
14161.225
14136.380
14151.485
14146.745
14160.132
14148.880
14113.200
14096.635
14187.947
14141.380
14131.014
14158.100
14203.833
14194.718
14186.749
14141.900
14161.694
14152.423
14153.307
14137.525
14130.441
14155.600
14141.119
14155.912
14167.163
14118.669
14088.562
14105.334
14076.530
14115.127
14101.011
14088.302
14111.950
14092.000
14079.812
14090.437
14093.979
14094.969
14087.156
14086.635
14076.998
14068.820
14090.905
14156.433
14175.706
14108.980
14085.593
14166.225
14135.025
14148.307
14156.902
14175.393
14165.600
14122.628
14127.055
14190.655
14036.005
14146.901
14077.468
14140.859
14130.857
14117.419
14152.475
14115.283
14130.545
14176.435
13965.998
14162.579
14186.124
14139.035
14158.204
14139.140
14151.433
14164.559
14156.433
14153.308
14190.290
14158.256
14099.188
14158.100
14155.964
14153.673
14183.936
14174.924
14222.898
14180.133
14169.038
14149.505
14150.391
14158.308
14158.725
14159.923
14130.024
14174.560
14151.693
14169.247
14070.696
14115.700
14111.481
14083.353
14165.966
14156.954
14136.066
14156.224
14087.624
14064.601
14066.008
14029.285
14107.210
14067.570
14157.736
14144.713
14172.268
14145.911
14055.330
14077.155
14143.359
14079.498
14179.091
14174.247
14155.079
14162.058
14150.391
14064.288
14040.432
14081.946
14068.403
14123.617
14125.753
14168.987
14144.453
14115.335
14154.610
14168.778
14123.930
14165.236
14172.841
14147.369
14073.040
14041.005
14112.679
14119.763
14054.861
14056.788
14097.052
14118.825
14079.915
14082.832
14115.075
14138.098
14120.648
14101.897
14089.187
14092.156
14105.960
14115.544
14110.178
14054.496
14067.466
14083.562
14089.916
14070.279
14087.103
14136.588
14120.075
14136.015
14124.034
14070.644
14040.068
14072.206
14061.632
14063.247
14043.714
14113.251
14103.094
14073.508
14162.736
14152.370
14124.243
14098.667
14090.749
14093.198
14090.906
14130.754
14102.886
14079.186
14168.049
14192.843
14201.386
14186.592
14171.747
14162.892
14142.317
14164.298
14164.767
14144.297
14071.320
14105.230
14155.079
14167.580
14140.233
14114.763
14158.621
14072.884
14099.188
14068.717
14084.395
14075.748
14065.174
14099.396
14100.803
14061.684
14074.446
14097.469
14108.460
14084.760
14071.476
14066.528
14093.093
14086.947
14050.121
14112.054
14132.264
14088.198
14093.875
14070.956
14108.407
14065.590
14082.520
14065.695
14078.717
14052.204
14107.731
14086.165
14075.540
14085.801
14121.273
14080.019
14064.913
14051.475
14104.657
14143.255
14149.870
14156.276
14168.257
14165.132
14168.726
14178.623
14167.945
14178.311
14169.038
14095.334
14202.844
14097.000
14151.380
14216.804
14165.496
13969.748
14145.339
14161.902
14146.536
14170.445
14148.620
14142.525
14158.100
14190.916
14188.050
14161.954
14217.949
14188.519
14115.648
14090.072
14135.806
14132.160
14145.443
14133.619
14150.234
14122.003
14057.673
14133.931
14126.482
14138.255
14173.778
14133.775
14130.494
14151.433
14147.734
14137.942
14159.871
14183.727
14132.524
14054.131
14077.623
14080.280
14132.577
14076.947
14083.874
14072.154
14135.910
14145.807
14138.307
14094.031
14134.660
14143.880
14167.736
14133.618
14148.463
14132.108
14151.485
14185.186
14140.494
14099.240
14150.078
14154.193
14152.475
14130.805
14178.883
14176.903
14174.508
14155.131
14155.808
14202.427
14190.030
14164.455
14147.942
14171.122
14200.813
14157.474
14150.131
14141.952
14163.986
14145.391
14147.005
14151.850
14140.285
14174.768
14118.461
14158.621
14149.870
14078.977
14121.221
14119.190
14141.171
14201.854
14130.077
14076.269
14085.072
14088.093
14123.357
14141.849
14053.766
14072.831
13912.138
14095.073
14170.341
14155.235
14094.865
14077.572
14149.193
14155.443
14138.254
14108.877
14072.883
14157.162
14154.089
14179.248
14174.716
14169.768
14161.382
14157.995
14161.486
14163.986
14164.767
14159.142
14052.100
14067.518
14047.464
14082.259
14048.349
14097.729
14102.730
14076.061
14085.280
14101.376
14099.031
14176.644
14175.237
14118.982
14141.796
14163.256
14155.600
14138.984
14144.245
14126.691
14162.632
14068.039
14089.448
14123.253
14120.232
14091.063
14093.041
14118.044
14143.411
14153.360
14209.460
14170.132
14189.717
14144.609
14140.286
14149.245
14145.703
14172.529
14139.088
14159.819
14138.619
14149.245
14140.859
14180.342
14158.412
14131.483
14156.277
14146.328
14125.492
14173.049
14147.839
14178.779
14208.209
14191.697
14195.499
14173.987
14167.111
14129.868
14129.711
14158.673
14162.684
14154.298
14172.060
14167.007
14070.019
14127.941
14178.467
14135.963
14163.309
14142.734
14143.307
14136.483
14168.101
13989.594
14172.268
14151.901
14173.987
14166.903
14154.922
14083.405
14067.466
14071.216
14056.371
14090.801
14080.176
14158.986
14159.558
14130.128
14171.279
14158.100
14176.435
14173.987
14185.811
14096.531
14075.019
14060.799
14064.341
14060.278
14138.619
14182.842
14132.577
14159.871
14163.882
14144.505
14165.497
14130.701
14154.297
14158.777
14151.224
14175.393
14159.089
14163.830
14120.127
14081.739
14095.021
14061.372
14110.074
14066.164
14094.708
14065.018
14078.353
14071.894
14074.706
14079.446
14083.509
14070.800
14163.257
14156.225
14142.056
14191.124
14149.297
14136.796
14159.350
14155.287
14173.049
14080.749
14186.228
14174.403
14120.336
14143.046
14198.260
14211.595
14172.112
14149.401
14084.499
14200.292
14156.641
14179.612
14175.133
14153.621
14162.059
14146.536
14163.517
14073.456
14068.039
14074.602
14094.969
14081.061
14055.954
14068.872
14071.008
14118.200
14173.466
14164.507
14113.669
14167.945
14153.985
14203.052
14025.431
14135.233
14095.542
14085.541
14074.342
14125.545
14138.828
14064.289
14071.581
14135.337
14180.811
14146.172
14160.183
14153.047
14064.341
14135.858
14140.650
14197.687
14136.431
14048.350
14100.542
14131.535
14108.824
14109.033
14109.606
14068.299
14088.354
14080.176
14120.023
14080.540
14039.963
14164.351
14161.277
14183.207
14152.318
14134.192
14173.726
14085.333
14129.608
14095.855
14149.089
14174.195
14149.506
14199.510
14143.827
14126.899
14140.182
14140.026
14190.655
14195.656
14182.113
14187.634
14168.153
14151.328
14164.507
14147.005
14160.965
14184.717
14168.934
14164.299
14181.436
14111.428
14107.835
14114.345
14065.122
14103.563
14084.082
14104.293
14109.241
14158.256
14110.179
14097.521
14040.745
14069.289
14075.279
14130.285
14154.871
14154.402
14116.899
14126.117
14184.144
14143.046
14161.069
14152.839
14069.498
14070.957
14072.310
14143.203
14184.978
14146.276
14148.932
14159.194
14085.020
14101.689
14188.780
14110.179
14164.871
14142.369
14109.345
14097.990
14071.633
14104.397
14076.529
14063.768
14047.829
14120.700
14160.392
14174.716
14078.769
14109.450
14066.685
14061.528
14082.311
14078.092
14174.976
14146.120
14145.182
14160.444
14174.716
14174.977
14095.698
14075.905
14096.687
14094.031
14106.324
14052.829
14078.196
14110.387
14049.287
14081.270
14090.905
14096.323
14087.676
14122.680
14121.170
14148.568
14170.809
14152.839
14174.664
14143.672
14171.487
14144.713
14112.522
14144.921
14147.005
14073.769
