56.829
287919.912
7155.698
443575.461
547572.325
347959.883
140.795
20.054
591619.956
92797.855
30856.813
296438.607
177698.221
41310.905
56063.178
39200.439
225428.346
9733.397
412949.661
3587.120
32461.292
623095.735
17452.588
436.084
16990.721
2223.394
215407.785
109221.645
204464.113
408358.120
6843.272
102284.614
17642.867
490140.160
217335.369
70902.230
495475.420
65768.343
474352.579
10931.431
239355.487
20667.589
549801.033
154.129
159079.634
29226.862
200111.346
432218.208
84883.438
298262.640
187120.390
276357.378
17522.960
150026.043
404989.510
365942.992
5721.079
21161.908
589272.175
380327.000
36615.499
27382.723
4930.846
661.575
37986.362
90322.145
22907.860
219419.270
18564.363
2408.672
170175.248
55575.682
35389.233
501282.707
183038.742
290017.720
1286.636
18562.749
337305.719
81995.552
33294.707
21566.843
431040.177
19123.011
47979.420
87143.449
557886.719
126412.750
416249.359
75068.313
53513.710
2530.351
252779.765
47937.593
380401.070
363.369
36543.357
208.718
125883.010
18898.354
9768.193
384975.683
278159.169
1404.564
585691.775
343861.880
126050.735
291421.087
456385.098
500876.156
165103.399
484477.422
3522.063
461531.329
16022.709
82592.277
104139.952
87037.762
285664.692
15050.687
77145.652
393011.363
98210.102
359612.375
787.212
224209.634
86440.673
262614.006
1284.553
89758.861
566486.933
7192.889
155029.135
448034.075
794.765
20180.615
554550.457
307118.557
246079.216
297288.847
406570.134
29342.810
310987.892
353760.972
113464.976
69754.097
55838.416
480309.047
474212.827
284014.376
300707.983
345290.614
6268.789
56147.040
527433.801
1110.421
263145.881
299410.982
68662.115
488771.956
76810.150
119336.017
191264.910
280742.181
49426.489
143810.384
256864.227
343748.068
26189.535
455947.556
139404.173
122470.490
41630.051
138753.016
500096.602
28468.455
333413.570
107040.912
391195.301
461325.112
133184.087
195730.502
533434.439
172262.066
55465.776
32200.641
556266.250
476471.017
25464.360
92987.406
307872.693
183990.346
261650.944
336049.973
4709.938
499598.586
8645.531
431819.577
418453.326
42975.860
429429.553
42672.601
15496.303
96381.851
45742.952
300470.252
254313.405
470427.563
265625.030
572755.203
26904.813
557281.922
91423.919
65762.874
612260.411
981.815
32980.249
337397.501
184943.617
235634.447
286805.325
155133.833
169089.778
454916.415
503982.087
449598.760
482652.662
624477.853
440154.349
73000.977
389026.080
96719.905
233965.847
462117.794
309772.827
116307.076
126902.850
197013.596
521314.455
272143.010
266605.178
44015.909
204409.735
485951.057
143592.030
27902.931
469351.105
157851.234
333997.274
10377.210
159420.814
682.045
11604.570
440087.937
115149.880
262772.043
149153.146
413825.791
125778.522
257756.241
107682.850
88391.071
14574.860
576678.555
488649.498
302941.171
423376.827
89.957
16103.811
933.321
12571.018
62017.717
98684.420
156451.619
196237.531
345464.799
416814.625
118847.429
97260.375
72411.544
80832.991
664.961
373643.798
34939.711
52391.778
347996.035
553610.784
626230.994
247551.965
77216.544
514831.376
216054.517
369366.089
404985.033
230624.168
72763.922
9524.836
366472.317
10689.741
29590.282
394736.846
441617.722
112330.335
664.909
362322.798
398106.811
8195.383
53969.484
51182.963
71177.518
101247.952
487697.114
478260.985
389458.363
43860.217
251002.822
74822.092
22499.174
435363.258
109612.621
417777.897
184719.273
444727.036
468868.089
565320.729
93023.034
137046.861
502.705
202010.856
94500.678
48757.153
615017.297
181157.779
277724.649
151736.523
534747.173
525785.154
62898.584
138353.603
105543.110
17894.975
364236.319
37725.972
170258.591
1855.962
17219.962
207049.473
2556.187
433981.301
85139.714
212518.287
577218.245
281430.219
108918.387
14179.040
293.674
337070.856
13966.987
256483.722
299885.457
19032.638
17240.120
539502.950
390.819
367105.870
440422.867
514822.053
559395.672
116637.995
55060.007
310854.860
235643.617
499602.026
3982.576
544020.058
399075.500
321376.252
211279.521
449457.290
430173.534
5722.642
358778.547
386994.790
586433.467
1609.063
27498.099
49800.223
189069.958
404817.988
487631.640
118378.061
139677.482
245043.909
373723.079
32462.907
5601.588
351352.249
115071.905
54338.531
19470.754
472626.478
182941.182
148342.390
163936.568
64181.366
162532.056
410518.127
463998.344
35696.400
21190.817
593908.468
91601.541
124366.196
1672.403
470099.774
128057.026
227500.530
513997.025
243479.121
2869.447
9758.660
27481.067
13436.572
456772.432
366496.905
498101.204
3593.163
1868.828
488468.077
153696.402
69789.517
158618.966
64948.524
1280.021
57085.101
168331.268
154500.439
102954.784
398119.782
152530.143
35293.861
295870.535
158678.451
130637.643
472894.214
312819.897
165574.228
3332.460
306493.029
45220.819
1842.732
352100.813
4757.964
372207.567
45214.255
217592.064
300384.674
13149.773
4403.502
64170.219
63448.013
5108.415
25011.294
287737.033
283293.214
198647.976
500558.163
161660.096
478092.064
118127.880
624349.304
239714.431
379188.508
328913.655
3179.320
10935.233
26316.213
463954.071
4839.639
72502.334
5262.284
71243.462
414561.648
196837.591
79.539
79342.481
562295.437
33273.038
18680.469
201797.242
454029.561
37780.197
8489.578
445859.805
14941.562
226467.410
618997.168
503773.633
498980.718
83391.678
2830.589
614863.692
510170.924
506996.604
98883.242
606744.982
323730.493
36492.623
251946.457
253216.999
219482.248
200.019
19930.851
11369.443
28934.542
19.690
438634.205
46726.121
34.118
193728.747
3078.374
249129.152
120513.269
575086.320
232716.145
23460.935
113733.962
6457.453
621328.646
256374.181
134675.849
74699.476
5375.785
318365.283
123187.905
568544.433
1025.673
3067.070
59.120
4013.569
234785.304
135111.777
340503.901
268487.655
142681.057
240998.203
448344.840
605842.812
2000.247
618523.997
165547.819
292481.403
64627.660
93751.127
59402.672
31202.055
104717.822
204651.010
14992.609
217991.687
290257.801
578671.879
7268.522
25513.062
26.096
19800.213
599880.563
38670.440
70480.784
2288.505
480830.927
6232.587
7216.641
1053.644
5786.710
318561.083
205549.327
516038.373
3061.132
307.062
496835.821
317626.253
72488.323
3967.783
271832.878
144166.671
51.932
136456.387
350381.376
514085.058
14245.765
146945.380
206087.244
80126.152
146056.022
437471.956
9898.101
81163.232
109035.847
129413.044
82938.457
136093.748
191874.086
3258.391
57021.501
515143.702
22660.284
335962.156
168308.141
41720.894
35457.261
6484.383
33490.299
8260.493
373230.376
173355.769
1171.312
5528.560
83585.916
546776.111
140711.855
161546.491
115092.637
179731.913
1703.031
554394.511
190130.427
307254.199
166788.462
3450.181
11515.551
129797.977
486627.222
136781.054
484991.594
15138.456
10192.140
297.164
403.738
222883.727
105129.946
40941.651
41712.247
9609.323
479989.178
54376.712
114399.340
20049.664
25854.606
68038.618
88000.774
143821.429
103976.969
313727.956
3134.681
129644.681
425364.317
10105.726
384632.635
463211.396
22962.710
35823.756
524376.218
46632.987
218425.219
113916.532
244015.268
11123.064
24644.592
134137.828
7040.583
8766.585
323437.289
112703.080
67686.656
124721.701
9261.477
76617.528
5100.185
1512.543
831.331
293.571
549528.152
199077.237
65028.481
558532.104
64654.173
91776.820
58.131
18125.623
48768.613
22627.208
30631.062
14379.736
218.146
9867.004
603069.001
518318.388
464030.069
106074.726
121124.840
506545.052
10443.935
328397.252
378109.290
445920.386
163456.106
257792.863
103148.502
215205.009
354305.770
282316.298
35142.961
97069.367
44653.107
87029.950
558123.627
604641.447
65002.645
10226.936
20074.824
231821.527
8994.367
14442.086
51527.215
6473.548
369240.144
53744.984
199182.613
309325.183
16054.483
612547.218
191207.251
207492.955
2739.226
93709.925
170045.915
9428.212
327312.199
104029.734
22352.702
617345.656
3338.607
40967.435
9635.002
45310.307
564511.020
467481.918
11901.734
2156.981
76384.901
177090.926
335049.360
15469.218
6050.225
168943.568
74631.085
114285.057
7966.872
509248.077
2170.889
123437.357
297743.949
4456.737
2993.053
533635.716
551290.981
1537.285
625555.936
603006.184
246617.345
27504.663
323309.204
580235.785
3024.253
736.582
97602.284
520762.065
51633.632
20175.041
6685.548
57933.830
479.943
489152.678
521133.976
537683.195
61237.485
40948.684
21828.796
500365.700
44840.626
430078.945
56934.409
58121.088
35441.531
316891.182
365922.997
415184.158
6971.305
443572.971
1282.364
430927.570
195091.380
442361.551
25098.855
365422.584
89955.809
123592.372
147848.333
370807.068
133223.364
446099.936
539195.323
413736.570
62222.738
26645.308
41815.799
344723.429
81265.586
236048.242
92567.887
107372.977
495231.814
51370.481
234228.949
422590.299
6824.728
330838.950
270022.859
422405.489
204872.648
16989.106
596204.167
383471.534
506992.284
564380.176
102109.130
549062.901
51606.702
60202.124
86804.929
68341.929
2563.011
52334.481
29050.543
92374.587
113194.587
582520.175
29969.071
244911.138
528160.287
82209.429
391848.080
280392.777
126131.318
167.152
100394.015
266432.874
423081.128
208513.419
12901.103
317437.538
617043.128
174746.374
766.273
10746.622
40939.932
8196.946
61706.698
40859.976
1110.525
44079.926
14711.123
166620.113
5128.313
544.220
34963.412
48382.950
570924.773
605476.009
163218.323
19.533
109924.477
5484.911
460535.356
214484.628
115683.528
130813.858
59986.583
405338.042
518889.124
67001.694
279329.757
622662.479
520503.707
84652.844
4457.258
124022.466
36586.383
15842.379
248937.938
70096.319
470992.366
350381.951
3858.137
116954.173
383531.748
26784.593
44827.707
152439.615
259405.417
109297.280
57078.799
215497.435
5039.345
32414.830
125000.635
624323.370
324633.605
967.803
351113.690
17335.650
3608.216
253460.827
620390.070
296441.375
565616.652
37862.705
681.838
27344.230
94509.535
5477.670
565158.847
378299.363
5761.447
38395.414
324323.470
17873.984
504541.057
580959.347
238726.108
292832.429
141345.251
601705.382
1433.109
147210.928
552.033
6634.085
415810.315
37270.981
129647.182
26464.562
448069.452
188807.539
469295.274
156693.051
318600.152
6301.865
93303.844
431172.908
108998.501
63581.726
403373.581
146740.413
287262.667
101170.654
42374.552
483513.902
361420.685
49941.384
208180.783
377843.955
43026.073
209523.883
201759.531
344.253
522202.416
20892.924
439105.297
491790.178
54449.688
9929.302
96570.830
27932.153
360076.439
43416.685
40242.052
93528.710
462290.737
211662.374
289743.638
211955.214
10473.678
147069.039
510427.361
38.650
455597.897
44322.241
91077.638
41964.199
