854857.169
855258.303
855374.356
855166.054
855258.980
855169.700
855178.712
855295.807
855374.512
855412.276
855258.095
854436.296
854035.267
853850.302
853861.709
853909.266
853746.802
853976.564
853938.540
854073.137
854011.516
853910.777
853871.190
854123.297
853602.049
853454.952
853476.881
853528.240
853504.123
853375.568
853425.991
853345.409
853369.683
853381.612
853951.771
854135.904
853984.326
854045.062
853987.869
853958.231
853930.208
853640.856
853393.488
853464.901
853447.920
853400.260
853564.912
854093.661
853879.474
853933.021
853809.050
853394.739
853442.348
853557.567
853431.670
853461.413
854004.173
853923.072
853988.235
853996.100
853989.381
853705.552
853569.601
853479.748
853569.965
853450.318
853441.151
853418.753
853501.469
853583.717
854202.319
853968.703
853639.035
853533.400
853551.579
853412.503
853318.640
853333.329
853396.929
853482.146
853480.166
853917.031
853900.572
853912.344
853866.350
853956.202
853897.499
853508.242
853813.324
853985.320
853862.027
853909.324
853867.913
853905.990
853866.819
853959.953
853967.507
853848.641
853960.787
853992.769
854049.546
854021.939
853859.736
853848.120
853876.300
853915.992
853879.374
853897.448
854051.682
853867.810
853555.436
853515.484
853470.115
853673.365
853559.499
854003.865
854058.142
854268.422
854002.094
854112.835
854047.672
853546.112
853613.151
853592.576
853901.147
854163.152
854083.249
854228.315
854228.836
854138.410
853971.727
854038.244
853845.882
853663.625
853593.619
853593.514
853679.564
854000.898
854094.865
854021.889
854142.839
854085.334
854200.709
854232.015
853961.831
854060.227
854058.872
854109.086
854163.102
854114.191
853992.720
854180.604
854294.001
854028.453
853594.922
853658.990
853647.844
853616.903
854099.398
854229.307
854189.980
854269.988
854112.369
853962.511
854070.177
854185.969
854155.082
854205.450
854121.797
854038.403
854020.590
854200.659
854032.049
854093.461
854007.307
854167.166
854113.255
853639.094
853540.595
853633.469
853663.941
853725.509
854142.008
854180.658
854255.561
854297.648
854230.350
854106.588
854119.402
854230.923
854178.783
853996.890
853709.727
853364.381
853532.991
853681.079
853789.058
853907.402
854091.848
853990.848
853981.941
854022.831
854025.644
854153.729
854069.138
853841.042
853628.366
854011.580
854165.241
854117.684
854012.361
854010.955
854214.465
854135.863
854057.418
853944.439
853998.142
854062.888
853951.522
854165.815
853925.844
854118.936
853905.268
853973.817
854036.219
854078.097
854226.602
854119.039
854265.460
853918.500
854118.779
853903.446
854039.136
854379.169
853715.876
853518.200
853425.795
853662.381
853647.484
854229.676
853586.749
853733.690
853837.190
853486.948
854101.434
854069.504
854103.258
854274.212
853887.769
854174.046
853908.864
854140.449
854415.737
854148.940
854316.925
854196.601
854295.673
854194.465
853786.144
853411.368
854023.928
853863.808
854029.397
853966.631
853996.217
854110.031
853846.411
854236.345
854125.657
854106.958
853496.273
853586.334
854293.330
853919.074
853945.691
854047.472
853954.182
854084.403
853972.621
854163.369
853923.398
854226.553
853977.414
854184.570
854007.782
854069.611
854007.157
853961.579
853857.663
854058.985
854343.752
854125.398
854195.300
854023.304
854052.526
853925.951
853986.635
853731.609
853659.467
854072.893
854028.722
854253.432
853956.840
854057.892
853785.105
854042.265
854070.549
853944.443
854171.393
853545.602
853596.233
853970.227
854129.097
854264.840
854160.715
854272.809
854167.122
854228.951
854143.578
854188.061
854025.285
853724.266
853818.442
854006.898
853924.025
854161.184
854329.898
854225.096
853951.476
854108.419
853992.053
853983.355
854162.538
854327.920
853908.816
854043.100
853872.250
853908.608
854088.209
854111.596
854326.461
853818.182
854232.286
853949.498
854081.958
853929.652
854162.904
854047.059
853601.911
853673.220
854075.396
854265.154
854022.161
854121.650
853731.196
853710.725
853657.542
853974.657
854168.790
854194.105
854174.156
854234.370
854114.567
854122.744
853945.227
854264.164
853693.849
853435.438
853438.563
853513.102
853655.147
853570.347
853960.541
854199.783
853986.117
853410.176
853614.102
853957.572
854222.182
854167.958
854064.718
854171.917
853951.322
853676.244
853610.820
853835.790
853961.584
854207.285
854162.958
854106.546
854221.088
854169.521
854108.109
853823.029
854095.347
854021.694
854187.544
854223.328
853788.547
853767.868
853487.527
853604.415
853544.356
853644.262
854264.010
853937.364
853953.302
854314.849
854145.770
853939.135
854071.231
853779.901
854121.236
853575.297
853370.955
853476.225
853502.426
854005.444
854025.601
853962.783
853651.815
853954.814
854102.537
853984.087
854035.916
854217.027
854073.836
854140.405
854141.968
854280.314
853956.950
854051.334
854098.943
854021.487
854014.455
854032.479
853903.664
853910.591
854131.394
854043.313
854315.214
854204.787
854074.305
854086.234
854017.113
854112.121
854050.293
853986.276
854287.764
854125.925
854218.851
854009.872
854077.743
854124.884
854173.795
854350.010
853998.153
854347.458
854035.292
853765.578
854140.094
854034.563
854092.537
853689.685
853409.605
853692.446
854116.602
854222.810
854006.956
854282.764
854038.053
854302.298
854272.294
853930.491
853627.545
853690.676
854105.560
854122.957
854067.796
853949.659
854236.249
853992.476
854338.291
854027.219
854193.590
854309.070
853954.035
854019.406
853946.482
854100.664
853922.053
854122.177
854114.936
853967.370
854024.146
853951.275
854124.573
854410.018
854015.760
854002.634
853943.409
853993.831
853505.450
853803.552
853830.273
853813.189
854096.446
854219.843
854201.403
854264.378
854172.443
854128.689
854049.879
853863.610
853931.169
854017.427
854042.377
853984.664
854109.155
853953.411
854013.416
854018.209
853946.848
854101.916
854035.086
854019.251
854168.328
854060.922
854056.702
854125.043
854125.355
854047.743
854258.233
854161.296
854027.585
854082.018
853939.973
853671.925
854059.203
854259.639
854318.083
854007.427
853759.851
853686.615
854371.213
854075.351
854159.890
854072.174
854193.436
854158.432
853999.458
853978.831
854012.480
854054.776
853957.058
853400.650
853466.333
854300.737
853908.772
853796.938
853861.007
853780.271
854134.889
854009.564
854041.182
854054.307
853875.228
853846.475
853299.442
853594.159
853393.202
854042.015
853982.791
854062.486
854049.099
853617.964
854101.656
853711.618
854014.357
854145.306
854031.337
854317.719
853895.230
854150.307
854092.437
853941.849
853935.651
853987.479
854001.856
854182.550
854072.383
854230.367
854167.184
854010.033
853979.978
853779.438
853692.815
853415.860
853725.527
854197.500
854107.595
853991.907
854077.592
854048.111
853633.799
853645.727
853948.309
853964.821
854007.586
854010.034
854110.460
854061.393
854109.419
854210.418
854156.975
854196.980
854290.894
854014.462
854275.060
854311.990
854171.716
854370.955
854221.565
854353.141
854082.958
854136.765
853784.648
853908.618
853513.215
853302.569
853512.486
853550.563
854014.045
853797.565
853464.200
853607.651
854145.985
854150.101
854127.911
854016.962
854133.276
854308.032
853815.276
853508.059
853346.429
853578.014
853910.494
854075.614
854061.499
853993.262
853981.491
853990.293
854098.689
853966.698
853984.772
854133.068
854300.636
853911.588
853886.273
854079.626
854200.106
853631.300
853626.300
853896.743
854132.756
853978.262
854026.808
854112.754
854013.785
854129.422
853966.698
854087.439
854169.218
854007.588
854306.107
854060.092
853784.597
853915.443
853935.446
853960.604
854182.604
854042.175
854118.848
854261.310
853799.182
853690.786
853780.274
853948.624
854165.156
854131.090
853988.107
853940.394
853879.607
854330.399
854034.770
854190.869
853900.476
853889.172
854242.331
854321.505
854173.261
854069.239
854299.053
853821.298
853725.298
854064.706
854192.323
854018.555
854220.501
854098.666
853869.216
854316.186
853773.529
854191.538
853922.240
854038.606
854134.030
853914.582
854073.346
854061.210
854165.490
853562.618
854060.792
854224.609
854042.821
853672.627
853449.844
853706.119
853967.603
854003.960
854193.822
853971.924
854076.101
853859.465
854239.397
854379.828
854100.164
853615.481
853544.901
853657.203
854156.054
854058.231
854283.356
854058.438
853899.256
853760.335
854293.668
854140.476
853681.993
853649.906
853579.743
853556.824
853757.468
854099.011
853908.315
854166.726
854119.116
854237.357
854330.594
854197.039
854121.771
853792.155
854011.030
854153.908
853569.320
853601.926
854257.406
854028.738
854028.425
853561.244
853482.017
854228.860
854157.082
854078.376
854107.232
853830.486
854349.547
854018.212
854150.360
853987.896
854208.646
854124.836
853453.102
853793.084
853671.300
854163.223
854264.899
854123.479
853759.797
853446.849
854247.708
853830.896
853773.495
854274.012
854018.518
854121.757
854272.240
854282.292
854131.444
854017.890
854089.929
854153.945
853753.489
853417.154
853894.231
854164.673
854175.612
854133.837
854135.347
854053.672
853995.124
854094.144
854301.247
853993.872
854004.498
854091.069
853926.834
853907.769
854075.650
854159.199
854117.736
854014.132
853943.031
854020.590
854127.736
854145.602
854255.664
854133.151
854189.979
854042.413
854172.894
854210.919
854145.390
854000.377
853991.573
854063.089
853927.972
853430.735
853620.493
854040.117
854208.779
854216.071
854127.313
853939.845
853631.534
853829.678
854123.300
853984.224
854077.774
854290.451
853912.601
854230.601
853939.009
854049.696
854187.574
854241.538
853873.324
853596.734
854350.609
853953.904
853949.372
853702.576
853755.863
854204.031
854084.696
854410.197
854172.621
854233.876
854204.186
853876.861
854142.200
854086.517
854177.671
854014.009
853964.524
854227.102
854123.237
853933.791
854030.936
854181.628
853630.010
853776.066
853670.066
853554.638
854057.030
854054.269
854154.331
854230.223
853985.147
854058.747
853899.044
853826.902
854188.134
854011.554
853920.816
853531.089
853962.226
854213.864
853493.221
853779.863
853938.836
854222.979
853943.836
854000.040
854225.217
854036.188
853992.172
853950.085
854257.563
854128.956
854106.975
853926.279
854173.283
854318.870
854160.624
854284.021
854128.173
854143.902
854210.263
854106.815
854291.781
853590.722
853649.947
854096.918
854314.595
853993.886
854271.047
854157.651
854070.819
854037.014
854137.439
854132.648
854011.697
854254.689
853996.904
854117.592
854246.198
853988.204
854122.071
854000.757
854233.956
854128.946
854094.202
854117.069
854183.794
854150.144
853968.669
854005.651
854118.943
854200.825
854213.795
854067.114
854474.914
854095.189
854107.482
854240.359
854127.795
854113.002
854039.089
854171.392
854243.587
853721.608
853742.912
853443.403
853531.537
853605.345
854180.454
854143.471
854166.806
854087.527
854012.884
854077.682
853646.285
854314.215
854152.532
854088.984
854010.851
853809.528
853541.221
854100.807
854202.587
854087.576
854075.335
853760.616
853817.809
853574.452
854036.788
853750.926
853527.518
853448.344
853873.282
853953.810
854097.886
854222.898
854151.692
854040.535
854091.062
854160.182
853973.341
854056.473
