8.959
7.604
5954.541
7.605
107044.854
733872.729
25269.037
7.605
7.605
1187385.459
26.617
9.689
5976.887
330.345
10.313
12.918
10.418
1437.224
8.386
66196.637
8.282
9.689
1921027.590
9.115
7.604
9.115
7.605
882.691
55.630
884.045
66179.917
9.116
37.712
8.178
280258.842
883.160
19.794
280344.788
15.679
173260.971
7.813
2277.306
9.116
733918.461
9.168
238.149
6.824
850.813
107052.824
23.752
5967.667
529.427
3705.051
9.116
207.521
66178.301
25308.363
6.719
9.428
1187432.128
40915.464
10.314
9.480
8.386
7.605
10.313
26.722
9.376
1435.089
7.292
8.282
330.397
13.022
10.314
280295.512
561.670
5982.721
7.657
8.178
15644.396
19.794
9.793
9.740
107072.149
8.699
11.303
26.670
733877.623
84.644
66166.373
19.845
12.918
8.439
2276.941
11.356
40911.974
7.657
10.470
7.605
119.127
6.303
6.980
40867.907
3702.133
7.657
1187413.479
15609.184
84.644
5982.929
173271.181
280339.996
330.345
280380.468
8.803
173260.190
9.324
26.669
37.764
26.669
5980.325
7.969
19.794
40912.912
37.660
25271.015
7.605
1435.817
26.669
3707.029
8.282
26.722
1187374.985
7.813
207.468
107061.730
7.709
7.969
733868.715
9674.020
2279.078
5978.970
66166.790
44.275
9642.558
25266.796
83.498
15.574
12.918
280316.399
173253.471
5975.220
9680.062
15640.906
6.928
12.970
453580.964
7.552
3706.874
5976.418
15.626
280301.397
19.794
55.683
560.732
5974.699
11.303
131.575
2276.890
15640.854
9.480
173240.709
131.471
115.585
9.689
131.575
280358.538
9.689
15636.947
55.683
40918.797
173249.668
84.643
561.826
453621.124
363.056
12.918
9.688
733986.694
280328.691
9.585
26.617
9679.646
529.114
3710.102
15643.198
7.761
280343.745
7.814
107078.034
66188.875
39.952
107087.045
11.408
9.011
37.660
11.407
9640.996
2312.258
173276.649
3707.082
1187559.426
9.324
733980.026
26.669
15.574
1921391.832
8.282
9.688
15618.924
563.596
1404.304
5977.200
239.242
330.396
173240.865
280357.704
173268.211
280329.629
1921482.725
107055.323
19.689
40893.014
37.764
1402.272
173280.295
9645.527
55.787
84.644
562.190
453591.952
3674.214
3704.582
11.303
883.212
280334.837
131.628
9.897
173283.421
207.520
15639.135
6.824
207.468
9.012
9.115
107064.386
55.683
3708.644
207.468
66180.541
84.748
3708.436
55.579
26.617
9.012
1187603.073
280363.329
9676.885
107073.502
8.959
9.219
7.657
7.969
15.522
37.712
207.468
563.910
15609.393
66221.795
55.735
37.660
19.793
19.793
8.698
40911.557
10.366
12.918
25283.048
733946.114
1921522.777
2277.931
19.793
453657.896
850.812
25312.373
66183.092
1403.418
19.793
9.219
25303.727
9.115
9.689
40918.640
107113.714
55.838
7.709
25278.985
66196.167
8.595
9.532
12.553
20.002
37.764
280368.173
280346.817
40906.920
11.511
2313.247
20.106
9.480
107091.889
55.735
66178.092
562.451
107117.308
173251.021
1187563.587
26.721
131.627
9.219
885.347
37.869
11.407
1921463.966
365.036
3674.474
239.763
733889.804
453605.547
15.627
131.784
37.920
9.272
25313.832
10.469
330.605
7.813
8.230
883.367
9.168
107112.620
26.774
882.170
1187560.825
5977.669
55.735
8.074
7.813
15617.154
9.167
2311.789
9643.704
9.220
8.074
734074.196
4.688
25265.651
107078.085
453641.279
733965.332
55.787
13.179
9642.611
1439.047
280376.715
9.220
733983.302
66195.437
9678.968
885.608
173262.740
107104.598
9.271
25316.332
40915.776
1187670.105
9.116
9.637
11.460
561.878
66199.084
280353.170
55.995
131.680
2280.328
40902.389
9.792
9.219
25271.588
55.735
13.126
9.272
173284.513
529.270
131.732
239.086
15.679
207.573
66183.457
173252.687
10.470
8.178
1187605.045
26.773
84.852
9.116
173270.449
113.709
1404.564
453623.724
2277.879
7.866
7.917
9.532
8.022
173242.166
25306.435
280400.414
9.168
7.813
280326.605
238.929
15.887
207.625
15.731
9.115
13.074
330.606
207.572
37.451
66168.612
207.676
10.522
5978.449
207.676
84.852
173282.534
9648.393
363.577
9.011
9641.621
11.511
7.657
25303.571
7.866
40910.723
11.408
884.253
9640.996
9.272
9.011
15.730
15.730
9.324
9.741
5973.814
5974.335
562.191
280378.953
237.106
280348.325
55.838
1921585.635
2277.306
40903.170
15609.549
9.168
9.012
9.688
173312.588
9.063
20.002
9.064
20.002
66188.302
561.722
7.814
19.950
733918.397
10.001
9.324
882.795
173258.416
10.470
7.917
107083.450
8.022
1403.887
1921629.231
280343.481
280404.737
26.773
9.219
1921492.966
453602.418
453627.680
37.920
1921574.014
15641.687
10.679
2281.630
2314.341
1403.002
7.865
8.908
7.917
9.897
8.386
107098.295
11.564
8.439
563.128
9.220
2277.254
84.748
1187607.227
1403.210
9.480
55.787
8.490
1921632.871
2278.609
161.786
17.606
7.814
9637.714
84.904
1187634.312
9.168
7.866
7.813
7.813
1434.776
131.784
15609.444
3708.957
131.784
2281.629
173319.620
1921498.013
9.116
1921520.565
330.553
5971.470
15.678
37.920
13.074
9.793
37.921
883.628
7.970
1435.714
5973.032
1187621.809
7.814
9.480
7.814
8.803
1921534.419
10.522
15.679
7.814
280350.303
9.011
7.865
7.865
7.918
9637.193
884.097
453568.558
9.011
7.761
280335.354
9672.874
19.950
7.813
3671.922
164.808
9.063
131.732
25273.098
453597.154
9.375
131.731
884.149
19.950
131.680
107090.064
9.324
19.950
55.787
84.904
26.825
131.732
562.555
9.220
13.179
453630.752
9.480
15616.320
361.754
10.522
10.418
9.115
9.896
7.917
40908.951
330.605
7.813
7.918
26.826
733933.341
131.732
207.573
56.256
330.657
9.011
734016.370
558.961
9641.412
363.317
7.813
8.074
79.956
280338.792
131.680
280389.682
8.022
8.699
7.657
7.813
1405.138
37.816
10.522
10.522
8.959
280390.567
13.075
55.839
9.324
9.584
15.731
26.773
131.887
37.920
9677.926
7.761
84.800
107076.886
8.074
40908.118
173252.009
9.428
10.521
453624.188
11.512
1404.461
55.787
2310.642
8.595
9.637
84.696
8.960
7.918
15608.298
81.101
15.731
84.852
9.116
19.950
9.064
8.907
7.709
7.813
733933.965
529.322
15.783
733979.022
15.678
26.773
7.813
8.855
11.407
9.532
39.744
6.824
4.688
7.293
1921560.041
453587.986
173255.811
37.816
84.800
453646.429
7.865
15612.362
40905.722
107093.033
207.937
3674.838
37.817
883.837
25314.352
5975.741
10.469
37.816
11.511
26.773
733959.175
1921530.035
15.783
9.116
9.585
1436.703
9.011
7.970
13.022
9.011
25273.932
13.074
561.721
9668.081
6.928
1921497.895
562.087
878.628
6.459
27.190
330.449
7.970
15640.176
37.764
9.532
1921565.505
8.490
10.939
8.646
11.511
1187568.983
173251.539
9.271
7.813
20.002
361.702
15607.100
9.168
9.012
362.848
19.950
55.787
9.116
453613.039
7.814
112.928
5969.907
6.615
4.688
733975.060
733928.337
6.251
1921509.715
1921466.168
2278.921
9.532
15609.548
1187542.937
9.064
7.813
37.868
453648.979
13.126
8.178
7.918
13.023
9.116
280371.605
453611.319
733957.817
15.679
10.418
9.636
280322.642
11.460
107090.741
13.075
13.127
10.574
9676.572
25268.983
66206.219
9.168
107058.342
9.063
107111.107
529.270
107112.670
9.584
25280.286
26.722
84.748
131.783
40887.647
84.747
107081.365
733966.671
66189.655
44.588
6.302
6.720
15611.267
20.002
1438.005
26.773
55.786
280344.779
13.127
1437.745
107091.730
7.969
15614.861
3703.800
107083.240
884.513
8.074
1921526.378
40920.046
453568.606
1187591.949
37.921
733972.088
13.126
13.178
26.878
15.731
7.814
13.126
9.793
26.826
55.839
1187680.914
9.897
2279.703
453631.320
26.721
40921.974
5978.502
84.748
9.167
37.868
3702.706
107092.980
881.910
7.448
9641.620
1921550.647
330.501
9.220
7.866
10.470
7.917
15.731
10.521
9.168
11.511
9.116
362.067
7.918
7.709
10.522
11.511
1187543.764
1921477.513
207.624
8.386
55.787
7.918
173253.882
884.670
55.838
114.386
12.502
66186.321
453637.257
15.730
5976.314
1921509.233
453620.640
26.878
9.011
84.800
10.574
7.969
2277.566
15.731
173267.581
25296.746
6.198
49.796
40905.670
9.533
11.512
207.677
3711.665
55.787
13.075
883.107
9.116
9.897
84.800
1921478.343
15645.542
9.116
25269.869
9.324
7.866
2309.080
1921489.281
5979.022
1187519.175
10.522
8.491
9.480
37.869
7.813
1187592.932
40928.901
9.324
10.470
15644.812
8.855
453659.966
1187492.921
2307.361
5972.876
131.992
1921395.831
9.011
131.731
7.813
7.814
66178.820
4.792
84.905
9.532
173262.787
529.375
173322.638
207.624
9671.728
7.917
26.721
107061.674
55.786
15.626
66200.176
131.784
5978.919
38.024
10.522
280418.638
25272.160
11.512
882.847
40913.795
11.564
884.253
882.273
9.012
453571.415
9.480
107080.635
280380.562
13.126
8.021
37.868
9.897
25269.452
11.511
10.522
26.877
173289.665
886.546
5941.779
851.282
9.012
165.798
453586.520
7.761
173282.477
6.720
26.722
