543.647
440.616
412.020
411.134
432.386
439.678
411.134
411.134
442.700
445.096
411.030
411.082
442.804
445.096
411.082
411.238
445.304
446.502
411.134
410.926
444.835
443.741
411.082
411.082
444.002
445.356
411.082
411.082
444.002
411.759
411.134
411.186
444.001
411.082
411.186
411.082
446.606
411.082
411.030
439.210
444.523
411.030
411.134
444.366
443.585
411.030
411.134
443.220
445.200
411.082
411.238
445.461
445.773
411.186
411.082
444.418
445.876
411.029
411.186
445.096
411.291
411.134
411.186
445.929
410.978
411.081
411.134
443.846
411.030
411.239
442.856
443.273
411.082
411.186
438.116
444.314
411.134
411.186
443.117
444.158
411.186
411.082
447.179
444.575
411.134
411.238
445.356
444.679
411.186
411.082
444.315
444.887
411.134
411.915
444.731
411.030
411.186
448.169
444.731
411.030
411.238
442.647
444.627
411.082
411.238
444.418
443.898
411.187
411.186
444.731
444.366
411.133
411.186
445.669
441.502
411.134
411.134
444.940
445.096
411.029
411.134
443.429
411.030
411.238
411.186
444.835
411.134
411.082
411.082
445.720
410.977
411.134
440.616
442.856
411.082
411.238
437.179
444.002
411.030
411.186
444.470
443.325
411.186
411.030
444.575
445.199
411.082
411.186
444.731
442.908
411.134
411.082
444.158
444.158
411.082
411.186
444.731
410.717
411.186
411.134
442.595
411.186
411.134
411.238
444.731
411.082
411.134
438.220
444.471
411.030
411.134
445.043
444.471
411.030
411.238
444.835
443.585
411.134
411.238
445.721
446.189
411.082
411.134
445.356
444.002
411.238
411.029
444.992
411.134
411.134
411.186
445.669
411.134
411.134
439.939
444.522
411.238
411.239
437.699
447.075
411.030
411.134
442.439
444.523
411.134
411.238
442.387
443.533
411.238
411.134
444.939
444.314
411.134
411.082
442.543
442.387
411.186
411.238
444.262
410.300
411.082
411.082
446.242
411.759
411.134
411.186
443.637
411.082
411.134
445.721
444.939
411.134
411.186
437.490
444.523
411.082
411.863
444.783
442.335
411.134
411.238
444.262
445.148
411.186
411.238
444.575
443.429
411.186
411.082
444.835
444.315
411.186
411.134
444.366
411.134
411.082
411.082
445.513
410.925
411.082
411.186
444.835
411.082
411.239
437.959
443.533
411.186
411.186
437.752
445.877
411.082
411.082
442.179
443.428
411.082
411.134
443.741
446.189
411.134
411.238
444.471
441.605
411.186
411.082
444.367
410.561
411.134
411.238
443.481
411.186
411.134
411.134
442.908
411.030
411.082
411.186
444.523
411.082
411.186
437.595
445.148
411.134
411.082
443.950
443.950
411.082
411.134
443.846
444.783
411.082
411.082
443.324
443.325
411.134
411.238
444.210
443.273
411.186
411.082
445.616
411.499
411.134
411.238
444.471
410.145
411.082
411.134
445.252
411.082
411.134
446.033
444.731
411.030
411.291
445.773
445.095
411.186
411.134
442.387
445.408
411.030
411.186
443.793
446.658
411.186
411.134
447.232
443.742
411.030
411.239
444.731
445.669
411.238
411.082
443.481
410.300
411.082
411.082
443.533
411.030
411.186
411.133
444.418
410.977
411.134
440.981
444.106
411.134
411.290
437.855
444.054
411.082
411.030
445.981
445.929
411.030
411.239
444.575
444.679
411.082
411.238
445.200
445.356
411.082
411.186
444.471
411.342
411.238
411.186
444.679
411.134
411.030
411.082
445.148
411.134
411.186
440.668
443.689
411.082
411.186
441.866
445.564
411.186
411.186
445.096
446.346
411.186
411.186
445.147
444.939
411.186
411.186
442.752
442.335
411.134
411.030
444.835
411.550
411.082
411.186
443.741
410.874
411.290
411.186
443.220
411.134
411.082
447.387
443.794
411.030
411.134
440.043
443.064
411.134
411.082
442.856
444.835
411.134
411.082
442.543
444.731
411.186
411.030
442.491
442.960
411.082
411.239
444.939
444.939
411.134
411.134
445.617
410.405
411.186
411.238
444.523
411.238
411.186
411.082
444.575
411.186
411.134
446.294
445.460
411.134
411.082
444.731
442.543
411.134
411.134
442.700
443.273
411.082
411.186
443.376
444.679
411.082
411.134
445.304
444.992
411.134
411.082
442.439
410.926
411.134
411.134
444.731
410.977
411.134
411.134
444.835
411.029
411.134
439.939
443.689
411.134
411.186
444.888
443.794
411.134
411.238
445.721
443.689
411.081
411.134
445.148
444.627
411.082
411.291
446.033
443.272
411.082
411.238
445.304
411.447
411.186
411.082
444.471
410.873
411.186
411.134
445.408
411.030
411.186
446.241
443.950
411.030
411.238
443.585
443.741
411.290
411.134
444.054
445.252
411.082
411.082
444.835
446.815
411.134
411.186
442.960
445.565
411.239
411.186
445.356
410.457
411.186
411.134
445.043
411.186
411.134
411.186
445.095
411.082
411.186
448.117
443.897
410.977
411.082
440.877
443.637
411.134
411.238
442.751
443.689
411.186
411.134
444.523
443.794
411.134
411.134
445.043
442.126
411.082
411.082
446.033
411.082
411.030
411.238
445.200
410.248
411.186
411.134
444.575
411.238
411.030
439.678
442.804
411.082
411.186
440.147
445.356
411.081
411.186
446.450
444.002
411.134
411.134
445.148
444.888
411.134
411.134
444.887
445.252
411.134
411.082
444.366
445.564
411.134
411.082
444.367
410.248
411.134
411.238
443.637
411.030
411.186
411.082
444.783
411.186
411.134
440.825
444.731
411.082
411.082
445.148
443.689
410.144
411.134
445.825
443.637
411.082
411.291
443.377
445.564
411.134
411.134
442.543
446.606
411.030
411.186
443.116
410.249
411.186
411.186
444.627
411.707
411.082
411.186
444.731
410.978
411.134
448.013
444.158
411.134
411.081
441.397
442.804
411.134
411.238
443.325
443.220
411.082
411.082
443.221
442.440
411.134
411.134
444.940
444.054
411.082
411.134
444.575
411.291
411.082
411.134
444.158
411.655
411.082
411.186
442.856
411.082
411.134
442.283
446.034
411.030
411.290
444.002
446.814
411.134
411.029
444.991
446.606
411.082
411.238
445.044
445.356
411.134
411.238
442.648
444.679
411.134
411.186
444.262
410.248
411.186
411.134
444.471
411.238
411.029
411.134
444.731
410.978
411.082
445.357
444.783
411.082
411.082
445.304
444.158
411.029
411.238
445.200
445.772
411.238
411.134
444.418
444.262
411.186
411.134
444.419
444.888
411.029
411.238
444.158
444.053
411.082
411.238
444.835
411.030
411.239
411.186
445.095
411.186
411.082
438.168
445.044
411.082
411.134
444.210
445.096
411.082
411.134
444.575
445.096
411.134
411.238
444.887
444.523
411.186
411.029
445.304
411.499
411.134
411.134
445.044
411.082
411.134
411.030
444.835
411.134
411.134
441.294
445.356
411.030
411.238
438.376
443.429
411.134
411.186
446.242
445.981
411.134
411.082
445.564
442.595
411.082
411.082
444.991
444.106
411.134
411.134
446.190
445.721
411.186
411.082
444.574
410.769
411.134
411.186
445.565
410.873
411.238
411.134
444.992
411.186
411.082
440.929
443.742
411.082
411.134
440.095
445.200
411.238
411.186
444.366
445.460
411.082
411.081
444.575
446.658
411.134
411.030
444.418
445.044
411.134
411.186
444.940
410.769
411.238
411.238
444.262
411.081
411.186
411.134
445.148
411.082
411.082
439.886
442.908
411.082
411.134
437.751
443.220
410.873
411.186
446.346
444.366
411.186
411.082
443.898
446.086
411.029
411.082
444.523
444.991
411.186
411.134
444.001
410.196
411.134
411.186
444.210
410.248
411.342
411.082
443.898
411.186
411.081
441.398
442.700
411.186
411.186
444.106
444.783
411.082
411.134
446.294
443.429
411.082
411.134
445.668
443.064
411.186
411.082
444.626
446.033
411.029
411.082
445.721
412.019
411.082
411.134
445.616
411.759
411.134
411.238
444.783
411.030
411.134
438.272
444.471
411.134
411.186
442.387
445.981
411.186
411.134
444.678
445.200
411.186
411.186
444.002
444.419
411.134
411.238
442.856
444.158
411.186
411.134
445.564
444.783
411.030
411.134
443.273
410.301
411.134
411.082
443.533
411.030
411.134
411.186
443.533
411.082
411.134
441.501
442.543
411.186
411.082
437.595
446.919
411.186
411.134
445.721
445.095
411.082
411.082
446.033
443.533
411.030
411.238
444.783
445.460
411.186
411.134
443.637
410.248
411.186
411.186
445.669
411.081
411.082
411.082
444.940
411.081
411.082
440.668
445.720
411.134
411.238
444.522
443.585
411.082
411.134
444.731
442.804
411.133
411.082
444.574
445.200
411.134
411.082
445.356
446.033
411.082
411.187
443.794
410.248
411.238
411.134
446.970
411.134
411.186
411.030
443.481
411.029
411.238
440.252
445.252
411.081
