81486.671
81380.724
81192.008
81335.251
81325.250
81296.653
81087.779
81372.806
81322.802
81332.230
81342.595
81362.649
81310.248
81357.492
81234.512
81181.798
81099.134
81333.063
81366.972
81238.209
81152.732
81139.971
81311.290
81315.353
81328.739
81319.728
81359.212
81321.447
81343.376
81244.773
81102.936
81291.236
81331.031
81322.749
81316.134
81316.030
81227.323
81088.351
81398.694
81285.819
81169.245
81061.734
81285.662
81096.060
81370.046
81290.142
81297.695
81364.576
81372.129
81408.331
81430.728
81370.358
81370.774
81294.674
81217.062
81133.928
81369.316
81356.763
81269.411
81079.131
81342.804
81348.585
81350.512
81300.247
81284.986
81352.544
81376.661
81387.391
81397.705
81398.694
81397.079
81357.597
81351.242
81377.807
81266.390
81131.741
81047.930
81406.924
81170.235
80865.725
81208.676
81387.078
81348.064
81335.563
80959.277
81198.466
81308.113
81123.198
81169.661
81169.766
81045.952
81344.939
81350.460
81356.711
81210.811
81351.502
81387.495
81340.303
81324.207
81338.948
81374.264
81188.466
81368.118
81350.876
81362.181
81383.953
81353.794
81361.139
81345.251
81329.468
81336.709
81356.815
81337.699
81371.192
81376.817
81374.317
81351.658
81352.647
81348.637
81313.894
81321.916
81386.453
81409.841
81395.412
81378.797
81391.037
81377.599
81357.753
81230.604
81355.148
81390.829
81326.812
81035.429
81093.195
81336.188
81367.180
81319.415
81331.188
81323.166
81344.470
81348.324
81402.445
81318.166
81367.493
81169.817
81193.049
81341.553
81288.631
81358.065
81107.728
81311.811
81348.533
81378.380
81355.461
81335.198
81160.910
81336.500
81361.555
81409.998
81348.272
81425.989
80941.253
81152.368
81368.326
81419.477
81323.426
81440.573
81380.151
81340.719
81362.597
81353.586
81395.100
81343.480
81364.263
81358.690
81356.190
81335.302
81321.447
81434.270
81395.152
81374.889
81429.165
81362.492
81174.297
81360.930
81361.503
81311.133
81354.471
81321.656
81350.147
81392.495
81416.091
81361.763
81377.963
81366.660
81205.967
81378.797
81348.533
81308.112
81296.340
81361.920
81360.096
81360.877
81361.138
81349.209
81361.971
81385.047
81392.599
81390.412
81352.231
81304.101
81057.358
81155.024
81405.466
81417.811
81407.861
81377.702
81378.119
81392.079
81349.158
81295.142
81340.355
81312.279
81362.857
81379.160
81366.607
81365.253
81351.710
81214.040
81373.014
81167.005
81324.520
81365.357
81309.622
81397.547
81365.566
81368.483
81357.387
81379.942
81342.699
81125.751
81180.078
81366.556
81026.157
81362.023
81371.087
81379.265
81395.777
81393.381
81363.482
81356.502
81389.370
81337.646
81364.941
81219.613
81068.141
81311.811
81429.686
81344.313
81327.228
81325.458
81333.688
81391.974
81345.928
81340.824
81232.219
81304.674
81319.519
81363.950
81353.065
81330.145
81338.793
81329.677
81331.656
81089.237
81321.290
81051.733
81270.191
81324.468
81187.059
81052.826
81365.097
81315.977
81362.440
81398.277
81371.243
81364.420
81264.306
81122.520
81091.737
81380.359
81347.647
81362.545
81348.949
81361.555
81349.783
81402.601
81386.505
81382.338
81300.560
81326.030
81454.220
81413.330
81381.973
81412.914
81427.864
81401.819
81382.598
81421.613
81336.605
81187.423
81072.776
81370.618
81426.196
81387.703
81369.732
81399.423
81419.633
81389.318
81198.049
81337.698
81322.748
81243.991
81358.951
81356.658
81116.687
81406.142
81404.059
81392.131
81404.163
81390.829
81384.526
81310.456
81195.445
81328.635
81378.795
81367.389
81337.750
81359.575
81359.471
81395.881
81322.800
81250.659
81049.857
81065.015
81232.010
81223.468
81261.337
81245.501
81094.445
81232.844
81230.501
81216.853
81250.138
81240.137
81045.378
80992.456
81041.107
81250.606
81230.864
81231.437
81274.462
81226.125
81254.565
80980.163
80988.653
81081.475
81215.655
81270.452
81215.915
81169.609
81232.323
81245.032
81215.342
81214.665
81243.782
81249.356
81266.388
81198.778
81199.612
81149.555
81063.765
81205.446
81066.108
80959.641
81032.043
81171.327
81258.055
81248.106
81222.531
81197.893
81219.666
81262.274
81218.103
81234.615
81210.394
81231.854
81253.315
81049.388
81243.886
81219.249
81013.812
81230.187
81239.772
81250.137
81257.638
81234.146
80897.811
81233.000
81287.588
81208.570
81242.167
81131.115
81249.304
81233.261
81218.311
81243.157
81205.498
81281.963
81283.318
81228.416
81240.969
81226.333
81283.161
81282.953
81237.271
81204.924
81064.546
81270.452
81230.187
81259.253
81259.513
81210.081
81267.587
81220.030
81198.778
81210.498
81204.143
81050.482
81250.762
81243.366
81238.001
81235.448
81219.717
81238.314
81247.272
81234.823
81263.993
81206.331
81249.877
81237.896
81260.451
81300.819
81253.107
81046.316
81234.094
81274.097
81286.755
81231.437
81206.956
81223.520
81231.020
81258.628
81251.023
81218.363
81239.928
81228.156
81263.732
81022.094
81251.440
81247.689
81267.118
81069.442
81208.726
81249.668
81273.994
81260.972
81234.771
81244.824
81048.763
81245.449
81230.187
81230.448
81240.345
81053.451
81255.137
81244.616
81248.210
81222.270
80924.897
81210.966
81233.521
81219.301
81232.427
81252.742
81245.189
81229.093
81246.126
81157.524
81038.189
81204.612
81258.106
81208.674
81222.218
81090.798
81236.073
81289.412
81081.579
81077.568
81299.673
81241.646
81238.260
81198.361
81212.165
81260.971
81216.904
81219.613
81245.501
81229.146
81246.022
81235.396
81230.604
81218.416
81211.748
81149.033
81234.303
81228.364
81218.259
81077.307
80975.474
81217.426
81267.483
81207.529
81237.063
81223.936
81242.219
81279.880
81280.140
81221.332
81258.106
81248.105
81208.831
81260.815
81249.460
81233.729
81257.846
81226.750
81203.362
81089.184
81223.207
81213.310
81270.087
81229.979
81235.448
81228.520
80980.788
81048.815
81227.999
81248.002
81263.159
81264.097
81266.649
81226.229
81250.294
81244.355
81200.810
81239.824
81221.072
81254.460
81253.939
81282.483
80935.210
81239.980
81264.982
81249.720
81227.479
81260.398
81248.939
81072.567
81231.541
81246.386
81232.791
81230.240
81108.196
81257.481
81255.398
81260.919
81233.313
81239.876
81230.812
81199.455
81236.438
81237.427
81241.126
81238.678
81224.926
81228.780
81258.523
81275.452
81223.468
81220.863
81249.408
81239.667
81271.545
81215.342
81223.780
81216.696
81199.819
81251.335
81227.843
81231.489
81217.946
81220.551
81265.764
81237.323
81229.926
81213.519
81220.082
81254.304
81228.989
81223.520
81222.843
81218.676
81245.084
81213.727
81248.001
81219.509
81267.690
81239.980
81205.497
81199.351
81139.344
80995.164
81222.009
81222.739
81300.923
81258.262
81231.802
81266.596
81241.074
81248.053
81005.425
81236.385
81249.981
81257.741
81289.307
81265.555
81217.998
81228.780
81199.090
81262.326
81298.058
81004.332
80986.882
81281.233
81228.677
81211.070
81258.054
81230.812
81254.876
81024.542
81229.301
81243.470
81284.150
81243.105
81064.858
81258.367
81271.024
81289.203
81245.032
81259.721
81226.280
81255.293
81254.199
81213.102
81069.181
81225.760
81070.588
81216.696
81228.260
81238.521
81260.241
81305.403
81460.209
81070.223
81259.877
81214.925
81263.315
81208.934
81238.156
81052.513
81258.523
81239.250
81086.111
81232.791
81267.222
81045.898
81249.720
81039.179
81224.405
81230.135
81220.863
81230.759
81288.057
81263.211
81227.478
81062.827
81260.086
81268.837
81046.887
81248.990
81218.467
81285.140
81246.699
81246.542
81268.941
81233.364
81247.376
81264.044
81230.031
81257.690
81029.178
81284.046
81251.126
81238.312
81255.398
81241.178
81247.844
81217.373
81220.915
81221.644
81224.822
81257.116
81218.831
81250.345
81235.864
81250.553
81268.524
81294.464
81220.290
81214.664
81226.436
81235.656
81219.665
81242.063
81207.112
81213.935
81258.991
81279.202
81251.335
81221.957
81238.781
81215.706
81260.919
81246.438
81234.354
81218.050
81236.437
81287.224
81249.043
81263.576
81252.898
81230.864
81283.525
81261.805
81229.770
81219.300
81216.331
81281.389
81247.376
81226.176
81238.885
81247.271
81288.265
81283.890
81242.532
81241.959
81235.760
81224.665
81299.777
81220.758
81223.050
81218.935
81222.946
81283.265
81241.073
81238.468
81199.924
81209.143
81263.002
81201.277
81259.200
81227.842
81228.884
81280.087
81285.088
81229.561
81233.312
81211.799
81288.213
81265.190
81247.167
81218.363
81222.113
81224.561
81275.399
81220.498
81261.804
81253.783
81238.208
81266.024
81204.767
81233.833
81215.341
81221.540
81261.388
81253.730
81063.817
81244.459
81258.626
81219.352
81278.890
81244.303
81234.302
81265.815
81254.876
81223.520
81235.291
81243.521
81223.519
81273.993
81232.218
81235.135
81194.819
81222.530
81280.348
81226.280
81219.352
81227.321
81233.520
81272.274
81221.592
81231.905
81225.967
81217.269
81280.243
81222.113
81262.481
81219.560
81222.373
81283.213
81290.557
81237.271
81214.820
81210.601
81275.086
81224.613
81209.195
81225.707
81252.116
81265.034
81082.828
81229.874
81236.489
81235.760
81270.451
81231.749
81263.107
81215.133
81246.646
81274.722
81220.133
81220.289
81212.893
81206.382
81268.107
81242.583
81203.934
81220.342
81231.593
81280.191
81250.657
81235.135
81243.365
81237.687
81259.512
81283.838
81253.938
81221.488
81244.980
81224.040
81252.012
81127.260
81263.523
81223.103
81297.953
81268.837
81227.790
81246.230
81044.908
81262.377
81233.520
81117.571
81233.624
81304.360
81279.305
81084.078
81253.054
81235.864
81237.218
81241.385
81258.939
81089.860
81276.024
81245.031
81240.031
81248.157
81221.800
81080.589
81265.398
81252.116
81223.571
81211.799
81229.822
81209.611
81230.759
81255.398
81252.637
81261.075
81221.696
81242.270
81257.741
81254.147
81273.889
81277.118
81136.792
81249.824
81221.904
81243.521
81296.495
81236.541
81242.063
81231.697
81236.853
81267.481
81249.772
81222.998
81242.114
81245.761
81271.440
81253.939
81238.052
81262.950
81119.915
81267.013
81229.092
81231.541
81205.028
81194.453
81255.918
81259.408
81232.687
81183.619
81216.852
81280.817
81209.716
81244.823
81222.998
81221.488
81238.051
81234.822
81219.925
81253.365
81218.623
81253.887
81214.716
81090.381
81254.824
81229.093
81233.468
81063.504
81251.230
81262.064
81223.936
81209.507
81228.884
81234.613
81244.928
81236.854
81251.178
81063.295
81221.853
81284.359
81233.677
81242.323
81235.864
81232.686
81265.815
81276.180
81268.159
