90990.099
90289.667
90292.948
90272.217
90289.042
90289.614
90281.072
90316.284
90235.130
90337.223
90194.084
90344.359
90316.335
90288.780
90324.982
90295.865
90368.476
90294.198
90268.883
90300.657
90383.269
90275.081
90372.591
90320.347
90344.620
90361.392
90300.604
90328.889
90398.896
90255.444
90355.402
90245.652
90346.598
90198.094
90373.424
90296.802
90318.159
90342.119
90379.675
90324.982
90353.735
90346.599
90355.350
90432.284
90290.240
90358.475
90306.074
90387.071
90339.932
90399.364
90370.143
90366.132
90432.753
90321.440
90317.377
90408.220
90413.637
90329.358
90368.841
90416.814
90355.089
90362.173
90395.145
90355.142
90345.869
90419.210
90345.245
90372.278
90409.261
90238.880
90341.650
90316.857
90393.530
90296.594
90261.017
90211.169
90199.710
90213.617
90210.336
90204.606
90165.592
90149.236
90188.458
90200.386
90190.385
90164.029
90179.239
90224.555
90215.857
90185.906
90162.987
90227.629
90181.634
90215.336
90145.641
90186.635
90200.751
90196.688
90182.155
90224.711
90218.201
90177.728
90172.883
90224.868
90190.646
90201.480
90220.389
90196.584
90222.472
90203.824
90210.231
90222.785
90212.263
90177.363
90192.729
90172.519
90186.895
90218.565
90196.324
90179.759
90207.835
90229.296
90195.906
90210.857
90201.115
90190.333
90189.083
90212.887
90208.772
90210.856
90221.222
90174.498
90173.144
90192.834
90159.549
90193.771
90160.799
90142.620
90208.564
90205.647
90257.267
90226.743
90274.561
90240.964
90351.546
90349.620
90322.847
90382.279
90350.610
90322.794
90414.834
90380.977
90329.044
90374.570
90308.262
90390.874
90285.447
90351.026
90278.206
90296.594
90221.951
90238.254
90240.547
90248.464
90293.000
90246.381
90188.042
90358.579
90374.205
90355.141
90357.902
90309.043
90310.241
90286.176
90249.037
90213.460
90236.640
90210.127
90199.136
90209.554
90209.658
90253.724
90254.454
90218.461
90198.042
90241.692
90190.437
90154.757
90354.881
90272.633
90293.051
90336.701
90199.970
90365.819
90259.559
90346.963
90184.499
90319.721
90356.600
90309.147
90269.038
90322.117
90283.623
90316.074
90281.228
90334.462
90269.768
90300.553
90308.365
90256.485
90277.425
90303.417
90317.898
90415.303
90259.454
90357.068
90211.273
90223.461
90225.753
90230.128
90218.044
90224.451
90234.087
90134.911
90196.688
90211.429
90194.083
90212.627
90256.329
90250.182
90367.538
90333.055
90369.830
90340.816
90237.994
90237.942
90250.287
90228.774
90249.818
90242.838
90227.367
90243.567
90275.602
90243.203
90245.704
90255.287
90265.132
90210.075
90379.310
90346.651
90393.113
90388.842
90316.126
90336.493
90431.398
90346.130
90287.218
90295.603
90343.004
90233.202
90357.485
90279.978
90201.896
90199.917
90232.785
90171.790
90189.864
90273.310
90187.520
90168.091
90220.440
90150.849
90204.449
90223.826
90190.750
90138.192
90182.312
90184.239
90222.680
90199.657
90163.142
90221.273
90198.459
90215.856
90187.937
90203.771
90220.960
90221.274
90180.436
90174.707
90172.519
90204.657
90216.169
90192.313
90213.304
90206.740
90197.052
90206.637
90248.151
90225.962
90176.947
90210.543
90300.969
90332.222
90276.383
90304.251
90351.390
90323.628
90348.943
90328.107
90345.921
90313.782
90330.242
90220.076
90336.232
90142.828
90358.370
90331.284
90301.542
90289.196
90400.197
90349.255
90327.429
90379.622
90211.064
90410.928
90336.649
90349.150
90259.350
90248.359
90256.224
90240.129
90249.193
90276.331
90258.308
90232.785
90335.138
90375.455
90459.682
90343.473
90318.991
90446.972
90368.892
90364.204
90337.118
90394.780
90389.050
90343.369
90343.057
90356.079
90326.544
90305.031
90307.219
90381.289
90330.972
90297.583
90338.264
90286.175
90293.103
90309.511
90295.708
90335.868
90295.187
90292.010
90295.395
90334.618
90415.616
90295.968
90283.050
90343.681
90272.528
90369.517
90251.693
90363.370
90273.258
90349.255
90264.090
90385.196
90260.652
90353.995
90257.996
90360.818
90223.096
90398.322
90273.934
90342.431
90273.362
90374.309
90282.113
90462.807
90294.145
90370.507
90303.885
90369.100
90308.730
90318.158
90321.126
90364.256
90278.467
90319.043
90247.318
90207.678
90248.255
90208.771
90206.011
90186.791
90203.667
90176.998
90126.420
90211.845
90157.048
90161.840
90307.583
90282.425
90243.567
90249.192
90228.097
90197.312
90250.495
90248.672
90230.858
90258.308
90240.598
90234.556
90239.764
90195.698
90196.323
90251.120
90235.494
90226.065
90253.568
90369.882
90368.475
90341.233
90420.667
90255.703
90386.133
90243.307
90255.808
90202.833
90185.488
90228.357
90217.002
90218.981
90177.987
90198.094
90246.588
90197.156
90188.405
90145.016
90255.391
90208.616
90208.355
90172.935
90318.105
90340.607
90328.940
90310.657
90337.899
90248.255
90254.818
90201.324
90168.664
90230.909
90197.260
90214.554
90221.065
90221.221
90212.418
90178.404
90216.064
90160.069
90216.116
90223.721
90239.661
90224.711
90246.900
90146.006
90195.281
90224.867
90166.633
90242.056
90241.952
90236.900
90340.139
90314.250
90344.410
90384.779
90348.994
90293.884
90307.375
90367.225
90301.125
90321.440
90253.464
90365.558
90195.541
90337.117
90316.074
90349.150
90323.991
90352.900
90241.066
90329.356
90365.297
90412.021
90355.401
90353.160
90413.740
90450.462
90367.381
90355.140
90404.415
90355.557
90316.439
90321.387
90463.745
90379.362
90358.005
90337.482
90331.127
90254.974
90264.246
90263.100
90253.985
90235.180
90212.991
90248.463
90248.099
90240.545
90191.114
90200.230
90233.982
90177.467
90149.755
90201.792
90203.927
90205.230
90118.971
90165.695
90162.517
90195.646
90198.198
90156.163
90190.853
90219.397
90229.971
90225.857
90222.263
90216.950
90207.261
90243.150
90365.402
90357.276
90276.330
90380.976
90365.401
90315.345
90355.870
90306.854
90286.852
90227.367
90174.497
90353.994
90364.880
90373.319
90346.806
90362.537
90389.883
90370.819
90293.103
90328.418
90294.509
90392.800
90283.518
90337.065
90291.020
90393.790
90295.864
90316.438
90292.738
90365.453
90327.585
90329.669
90320.866
90334.722
90294.561
90360.818
90281.851
90379.570
90303.729
90342.222
90307.271
90374.516
90280.028
90309.823
90274.663
90254.922
90256.954
90243.098
90229.086
90245.390
90235.076
90259.662
90266.694
90408.792
90363.422
90429.679
90318.470
90388.842
90414.365
90454.056
90349.827
90370.038
90362.901
90361.026
90366.547
90338.211
90333.211
90345.035
90253.098
90137.827
90211.272
90210.960
90195.021
90202.677
90210.803
90199.031
90205.126
90193.718
90206.324
90226.273
90208.146
90223.617
90226.898
90213.563
90228.617
90202.625
90189.082
90178.821
90211.220
90179.029
90205.490
90176.894
90228.148
90254.922
90258.724
90244.556
90343.993
90361.755
90361.495
90326.283
90300.603
90317.011
90305.500
90345.660
90352.067
90325.762
90346.545
90364.724
90312.271
90329.408
90332.377
90343.837
90335.243
90332.273
90320.605
90390.560
90276.121
90379.101
90364.776
90344.097
90315.292
90353.525
90295.082
90435.668
90352.170
90336.440
90333.940
90331.440
90358.317
90286.644
90361.182
90355.504
90364.099
90324.043
90327.533
90206.688
90243.671
90253.932
90266.954
90252.786
90231.534
90250.338
90230.700
90239.555
90209.552
90256.120
90226.064
90181.998
90239.764
90216.428
90233.096
90242.107
90284.821
90289.717
90375.975
90325.918
90363.317
90421.239
90310.239
90386.237
90268.516
90362.015
90296.905
90340.659
90215.959
90251.536
90227.107
90211.428
90220.856
90223.824
90225.700
90197.781
90155.068
90165.173
90209.136
90202.885
90242.576
90230.128
90204.240
90192.989
90202.520
90202.573
90256.276
90191.739
90158.141
90163.455
90208.406
90196.686
90223.043
90231.117
90275.913
90260.391
90206.584
90234.190
90228.825
90221.845
90183.560
90226.012
90226.534
90227.471
90201.115
90170.226
90188.040
90189.915
90173.247
90203.562
90212.157
90236.534
90172.413
90221.220
90225.700
90168.559
90146.890
90139.650
90160.173
90190.124
90173.768
90205.125
90210.021
90182.363
90171.372
90177.101
90183.612
90191.217
90175.070
90238.930
90227.679
90264.922
90281.018
90263.620
90407.853
90414.989
90426.657
90379.256
90396.810
90438.116
90345.868
90339.461
90396.446
90477.130
90365.818
90309.823
90381.028
90348.629
90383.736
90380.767
90327.845
90345.919
90246.379
90281.174
90243.879
90226.273
90159.964
90193.353
90192.155
90188.457
90202.989
90179.029
90194.656
90192.727
90147.359
90235.909
90268.100
90248.515
90256.328
90266.329
90347.014
90379.048
90389.414
90346.857
90368.787
90324.459
90359.775
90359.932
90292.633
90366.286
90335.086
90319.980
90258.516
90268.829
90273.152
90185.384
90217.626
90149.130
90195.749
90209.656
90220.439
90199.760
90167.517
90162.881
90191.426
90193.041
90135.014
90199.603
90211.480
90225.960
90267.058
90228.668
90243.514
90242.525
90226.377
90343.211
90261.954
90347.482
90239.608
90409.104
90266.798
90344.461
90272.892
90357.483
90209.500
90400.613
90251.014
90327.116
90250.703
90323.782
90256.432
90416.708
90286.851
90311.854
90373.995
90398.686
90382.850
90338.211
90436.137
90340.503
90329.668
90343.107
90401.915
90376.079
90397.540
90363.265
90440.512
90362.015
90390.039
90414.625
90336.960
90301.280
90324.146
90309.458
90278.101
90220.699
90259.400
90218.043
90242.733
90189.759
90183.248
90202.989
90326.438
90191.894
90351.910
90253.723
90346.545
90249.191
90347.430
90205.437
90359.046
90218.512
90331.075
90295.863
90239.712
90207.677
90256.744
90252.369
90224.085
90227.992
90254.140
90219.657
90197.363
90191.530
90204.031
90196.374
90227.731
90182.570
90220.543
90214.553
90179.810
90149.234
90222.678
90185.435
90176.060
90142.097
90133.451
90216.480
90210.594
90211.531
90177.622
90172.517
90196.218
90204.083
90164.183
90142.670
90215.751
90216.896
90213.198
90212.729
90224.137
90188.612
90231.064
90227.054
90152.151
90209.187
90247.733
90262.317
90267.579
90208.771
90166.787
90387.121
90418.218
90348.420
90322.479
90308.312
90275.756
90242.263
90226.429
90240.909
90260.911
90265.807
90251.118
90398.216
90381.600
90356.963
90319.667
90344.305
90371.391
90399.049
90367.901
90420.511
90359.775
90339.200
90315.969
90344.566
90347.534
90358.056
90294.821
90336.648
90391.080
90317.115
90328.053
90385.663
90329.668
90304.197
90335.814
90273.048
90242.315
90253.358
90197.519
90303.311
