546756.913
544676.240
544804.846
544747.705
544870.894
544897.980
544873.551
544909.908
544929.858
544883.969
544882.354
544832.296
544917.252
544864.278
544914.179
544890.062
544906.001
544914.283
544858.965
544936.785
544801.407
544906.730
544898.188
544912.199
544880.842
544890.999
544871.935
544863.236
544911.209
544841.046
544901.104
544907.407
544866.465
544937.982
544855.318
544875.216
544841.046
544894.437
544897.197
544895.738
544930.950
544882.352
544884.591
544886.467
544868.183
544823.908
544874.903
544906.469
544878.288
544870.423
544894.123
544918.709
544903.864
544885.059
544889.591
544897.560
544954.962
544902.509
544890.737
544886.413
544951.628
544872.870
544917.927
544901.988
544864.952
544924.229
544913.759
544921.000
544969.963
544865.578
544931.782
544922.458
544918.395
544889.225
544949.804
544904.852
544905.268
544906.101
544915.530
544924.072
544904.226
544890.943
544872.192
544948.502
544867.243
544923.655
544855.471
544958.294
544889.277
544938.708
544881.515
544897.610
544904.069
544911.206
544961.471
544927.926
544923.603
544904.486
544879.484
544838.437
544926.415
544943.135
544925.737
544959.335
544957.668
544910.528
544898.026
544891.515
545112.631
544866.512
544951.157
544959.074
544953.292
544871.513
544942.197
544944.124
544868.648
544914.277
544874.169
544845.521
544870.107
544921.622
544861.512
544953.396
544880.107
544889.170
544905.943
544869.897
544874.742
544892.504
544898.494
544872.293
544901.203
544869.637
544899.640
544904.327
544932.768
544888.961
544936.518
544935.215
544947.301
544889.118
544833.487
544882.606
544835.310
544909.431
544876.981
544927.350
544914.953
544855.520
544953.342
544890.054
544925.631
544824.684
544923.860
544889.482
544866.615
544914.744
544917.141
544902.659
544897.555
544973.812
544981.208
544915.837
544972.874
544911.462
545020.327
545010.795
544965.373
544889.845
544948.653
544955.789
544944.381
544974.905
544903.440
544954.069
544996.991
544914.639
544986.677
544957.507
544930.213
544969.332
544935.682
544982.875
544998.866
544981.364
544958.341
544950.371
544948.600
544992.615
544984.697
544998.292
544997.563
544955.944
544942.401
544934.640
545001.366
544970.529
544922.659
545013.189
544936.306
544955.267
544962.195
544980.686
544999.803
544950.683
544978.394
544934.952
544915.523
544991.103
544995.791
544969.487
544943.077
545018.762
545003.187
544995.478
544971.049
544909.324
544993.864
544978.289
544983.289
544982.196
545010.062
544970.111
544978.133
544938.805
544950.005
544970.215
544989.123
544981.831
544908.437
544969.485
544988.862
545002.613
544957.766
544940.316
545003.186
544980.737
544925.054
544968.652
544932.971
545045.222
544996.623
544946.097
544950.993
544984.851
545022.459
544966.516
544980.319
545033.866
545021.729
544995.268
544950.055
544932.189
544957.400
544974.798
544959.275
544955.004
544990.059
545005.946
544997.820
544933.439
544977.036
544979.537
544922.188
545011.415
544953.180
544896.143
544942.346
546914.518
544954.170
544967.348
544958.389
544981.464
544984.068
544904.998
544940.991
544967.295
545038.552
544957.086
544993.444
544932.969
544979.692
544935.469
544945.782
544982.765
544968.545
545011.258
544962.972
544958.492
544920.468
544881.453
544977.296
544954.689
544959.221
544906.716
544983.911
545002.402
544931.926
544911.612
544887.964
544981.827
544994.276
544948.751
544924.478
544918.696
545009.434
544957.241
544988.807
544992.140
544958.908
545014.955
544976.514
544991.828
544994.068
545046.521
544889.161
544977.972
544955.417
544972.554
544963.387
545023.862
544976.618
544984.535
544979.742
544985.316
544954.949
544973.075
544959.844
544976.044
544970.262
544854.886
544984.326
544915.778
545025.840
544916.507
544936.405
544977.242
544964.271
544948.958
544955.000
544979.898
544941.509
544959.167
544997.921
544979.742
544971.148
544905.985
545010.839
544918.746
544956.041
544954.895
545029.017
544956.667
544966.459
544985.679
544930.205
544966.146
544970.938
544947.030
544913.432
544963.802
544998.285
544979.533
544963.646
544995.315
544955.884
544935.154
544957.135
544992.762
544984.012
545013.390
544988.491
544928.330
544956.666
544920.725
544976.980
545014.796
544927.600
544977.448
544972.500
544937.132
544932.079
544980.991
544963.072
544984.063
544957.654
544877.803
544981.563
544964.218
544961.666
544953.904
544951.352
544978.750
545008.076
544944.736
544901.451
544954.529
544969.999
545003.805
544993.126
544913.170
544939.579
544914.160
544930.047
544944.058
544932.391
544970.363
545007.971
544948.850
544960.519
544966.196
544953.851
544964.529
544991.146
544936.661
544983.593
545054.954
544929.838
544924.265
544955.101
545009.324
544949.007
544977.759
544957.705
544989.271
545024.587
544963.382
544895.407
544913.846
544966.925
544960.466
544954.110
544972.914
544988.385
545176.424
544942.756
544972.081
544991.354
544960.987
544945.099
544945.725
544962.132
544907.907
544962.445
545032.920
544985.780
544986.874
544932.441
544952.860
544935.045
544973.748
544970.049
544983.853
544982.290
544963.278
544970.570
545010.834
544946.974
544981.040
544982.915
544998.854
544916.033
544947.807
545020.626
544972.028
544971.768
545024.897
544917.230
544958.901
544942.494
544992.030
544988.019
545010.573
544937.388
544970.777
545006.770
544969.006
544936.242
544945.618
545000.780
544946.973
545025.262
545018.750
544969.579
544984.633
544974.527
544942.597
544990.883
545241.898
544919.365
544979.788
545021.980
544959.057
544952.025
545003.227
544999.269
544951.191
544987.809
544994.581
544983.955
544973.746
544930.252
544983.121
544983.902
544959.942
545001.248
544971.401
544970.255
544988.174
544952.441
545015.780
544944.263
544964.786
544922.646
544949.263
544972.287
544957.337
544991.403
545063.493
544956.191
544906.863
544973.589
544986.506
544922.438
544978.328
544982.912
544965.306
545010.310
544982.443
544979.734
544896.706
544991.924
545002.081
544988.434
544957.857
544938.428
545003.799
545058.700
544961.764
544979.162
544965.878
545008.643
544921.083
544900.976
545386.701
544977.234
544995.673
544942.127
544952.857
545014.164
544965.878
544969.785
545048.490
544974.368
545001.767
545010.570
544978.379
544945.251
544953.794
544967.753
544980.411
544907.539
544934.313
544890.350
545002.131
544971.399
544960.409
544948.585
545014.998
544986.348
544999.110
544969.055
544991.557
544953.428
544957.804
544971.399
544939.625
544922.332
544976.086
544983.379
544937.958
544922.800
545001.610
545045.312
544978.847
544963.117
544973.430
544985.098
544998.329
544967.492
544962.179
544956.449
544996.974
545005.464
545015.152
544960.199
544951.709
544951.032
544995.307
544969.940
544985.670
544968.220
544983.326
544970.721
544984.993
544974.367
545000.880
545000.307
544948.479
544983.691
544968.064
545005.463
544951.031
545011.923
544999.005
544971.866
544936.759
545003.588
544942.437
544954.625
545021.923
544968.480
545003.171
544978.064
545010.203
544962.438
544967.022
544977.700
544967.751
545028.643
544981.711
544962.282
544961.969
544990.722
544985.409
544997.129
544987.388
544987.649
544944.988
545002.650
544985.565
544956.187
544940.352
544957.541
544995.097
545787.570
544937.644
544994.889
544972.907
544959.572
544924.413
544981.554
544959.052
544973.064
544926.965
544973.272
544942.799
545018.745
544917.797
544987.387
544974.522
544959.312
545021.974
544977.908
544981.189
544922.329
545040.569
544975.146
544952.748
544928.580
544957.957
544961.395
544963.791
544984.418
544959.103
544987.700
544963.686
546603.483
544953.842
545032.600
544972.073
544929.308
544908.473
544964.676
544967.332
545012.233
544943.476
544953.582
544931.912
544895.034
544987.595
544975.614
545018.796
544946.706
544989.470
544973.062
544955.873
544949.257
544982.647
544984.157
544890.138
544997.960
544951.029
544988.220
544958.738
544934.465
544928.110
544981.500
544978.323
544935.766
544969.780
544971.759
544984.469
545002.074
544941.236
544965.457
544984.261
544987.646
544971.238
544947.799
544960.612
544893.887
544993.324
544879.980
545025.670
544931.964
544987.751
544941.340
544992.022
544951.601
544928.995
545032.077
545015.930
544963.945
544970.404
544985.614
544977.228
544933.838
544937.692
544921.806
544996.136
545009.783
544955.299
544958.320
544910.971
544971.082
545008.220
544985.249
544984.103
544989.416
545048.172
544949.881
544992.437
544977.592
544979.624
544886.594
544940.349
544981.290
544933.890
545007.334
545119.221
544945.661
544949.204
544972.435
545001.188
544947.068
544935.765
544943.057
545015.408
544942.224
545015.825
544944.568
544932.014
544978.373
544959.517
545000.719
544981.342
544972.278
545013.273
545005.615
545001.917
544995.614
544928.785
544979.987
544964.882
545054.005
544973.736
545023.950
545000.354
544999.989
544968.580
545001.551
544954.099
544939.775
544919.669
544958.371
545020.616
544984.467
544999.155
544995.665
545013.167
544962.589
545003.115
544957.953
545007.489
545003.896
544973.059
544985.144
544989.415
544995.874
544988.217
544941.233
544953.838
544934.461
544964.881
544996.916
544971.809
544970.923
545002.853
544976.132
544944.410
544952.328
544911.126
544963.682
545026.814
544965.558
545016.188
544972.694
544908.365
544980.038
544870.341
544956.390
544941.388
544949.723
544959.203
544972.850
544928.991
544961.964
544959.099
544938.316
544865.026
544953.264
544995.039
544995.040
544984.935
544987.174
545035.512
544964.464
545031.813
545010.718
544972.954
544876.694
545020.719
544942.326
544953.472
544953.993
545009.676
544971.339
544971.860
544925.136
544990.976
544981.027
544992.904
544936.023
544964.880
544975.506
544987.173
544951.233
544956.129
544980.714
544940.606
545022.698
544931.491
544984.725
544937.376
544957.483
544935.554
544973.265
544929.043
544982.590
545029.886
544966.963
544958.108
544955.607
544987.069
545011.499
544967.796
544967.483
544939.356
544984.516
544997.122
544934.928
544941.960
544929.667
545010.300
544954.617
544957.691
544978.214
544987.434
544994.257
545018.894
545008.216
545021.499
544987.537
544963.785
544961.180
544946.283
544977.797
544948.054
544972.692
544977.693
544942.949
544966.494
544996.861
544946.231
544967.223
544958.941
545019.988
545006.758
544898.570
544968.785
544910.602
545009.519
544984.620
544950.086
544939.928
544965.503
544961.233
544964.097
544997.174
544981.911
544981.234
544982.120
545012.123
544997.225
544964.514
544936.802
544941.543
544903.831
544985.921
545009.205
544961.284
544967.743
544949.668
545013.737
545015.091
544958.680
545001.288
544938.104
544910.393
544979.827
544970.504
544961.076
544993.318
545016.081
544927.686
544995.401
544946.438
544974.202
544982.744
544982.744
544960.502
544945.032
544991.235
544974.670
544975.191
544962.430
544994.099
544915.394
544984.671
544971.441
544921.279
544874.816
546753.802
544953.053
544902.632
544908.934
544849.293
544896.537
544879.088
544922.425
544907.840
544990.036
544908.413
544913.986
544939.979
544942.583
544903.621
544923.414
544932.790
544917.059
544917.216
544968.575
544928.727
544897.110
544928.154
544913.934
544916.904
544930.342
