184362.759
185756.957
184305.409
184157.530
186888.630
180749.905
185548.759
186879.358
183530.959
185475.159
184472.769
185019.072
185394.630
182088.474
188311.061
186455.828
184780.351
185388.432
184040.592
184333.641
185416.820
185416.194
184325.619
184811.605
183908.130
183950.322
184635.285
184124.610
187990.717
183080.498
185717.995
183807.443
182938.452
185028.188
185117.155
184659.766
184700.083
184839.940
184788.060
183579.296
184670.289
183982.200
184808.166
184313.743
184591.010
185335.405
183373.859
184572.570
184233.319
184268.843
183497.986
184208.837
184848.743
186964.835
183480.068
185730.340
186679.964
184336.506
186004.742
185666.428
185813.161
187558.956
185851.341
186361.026
182586.178
184068.459
184390.782
184484.853
183458.764
185588.555
183564.971
183127.794
184075.126
184316.868
185760.707
185117.050
186106.366
184699.666
185200.184
186031.411
184337.496
182458.718
187408.212
185463.439
187252.363
184864.890
185268.055
184883.538
184110.442
185078.557
184264.207
185118.665
182281.618
185250.292
184414.378
183543.251
185250.188
184685.237
185402.443
184859.525
184116.640
184179.095
184275.250
185032.928
184601.897
185807.430
186010.003
183827.654
184080.543
183008.667
183370.317
183381.985
183832.290
183928.602
182839.484
184327.599
182166.919
184949.482
185781.490
185360.043
184151.384
186933.113
185280.244
183186.288
182492.419
185566.470
182572.114
186698.976
183349.743
183916.100
186022.607
181528.939
183654.981
184343.433
184652.109
184228.162
183262.807
184326.140
185116.113
184347.548
185838.996
183111.698
185534.539
184141.486
186719.655
184401.043
185456.771
182734.578
186417.490
184577.623
184974.901
185129.447
184957.972
183965.584
184249.309
183913.652
187139.332
184843.170
184600.281
184593.979
184090.804
182180.826
187207.151
182521.068
185095.642
184479.592
181919.081
185885.667
182814.899
184854.994
184949.534
185080.901
186317.167
184659.506
182716.555
185665.281
185966.196
186284.404
183985.950
182434.340
183277.495
183519.603
185914.004
185391.609
183280.412
182116.392
184271.499
183783.013
185840.871
183380.318
183513.664
184983.391
183244.992
185807.691
182264.948
184196.596
186612.093
185051.367
184219.098
183156.807
184099.034
185224.770
185256.491
185514.069
183939.539
181805.424
185475.836
184761.339
184022.829
181901.007
184904.789
186574.016
185121.166
182360.166
184907.759
184374.165
186403.166
184883.382
183582.473
186662.566
182325.840
183758.636
185897.022
186033.025
183553.252
185163.669
183817.652
184624.971
184561.735
185335.145
186554.378
186833.364
185717.943
182606.909
183849.322
183981.887
182796.719
188179.172
184777.747
183052.213
185398.224
185454.740
186079.227
184877.079
184269.571
183467.409
186970.096
185958.070
181717.447
185203.048
184374.113
185499.327
185066.681
182624.880
186279.611
182053.314
186004.585
183919.538
182571.541
184940.679
185253.886
186567.974
185689.918
184186.751
183577.941
185591.003
184742.274
186242.264
185078.400
181357.308
186496.143
183600.131
185592.461
184492.353
183012.365
183515.696
184955.420
186571.463
183837.655
186922.955
186400.926
184461.934
183800.515
184656.953
184756.181
183499.704
184237.485
181698.799
183886.878
185751.539
185372.961
183176.548
185017.614
184991.986
185117.988
185115.852
184605.906
183768.898
185604.598
184382.760
183496.632
184728.523
184816.656
186145.797
184005.848
184843.273
184930.261
183164.464
186654.127
183853.073
184357.966
185917.180
184522.148
183054.140
184210.451
184758.734
183606.486
182550.132
184550.068
184565.433
184733.575
186043.130
185391.869
184482.197
181026.077
184946.668
186235.753
188660.521
186844.406
184975.109
183054.765
185243.260
186909.673
183670.867
185566.730
184631.638
182611.597
185512.349
183045.858
185435.935
185617.411
184694.300
183773.794
185282.379
185229.925
185041.990
187656.465
183434.802
184978.599
181959.190
184028.350
186636.834
186514.478
183513.768
183480.275
184402.814
182552.320
185050.168
182735.984
182193.796
183399.695
185434.634
183852.551
185245.813
183421.937
183689.619
183537.104
181950.282
185677.886
186556.826
182073.471
185999.323
184788.372
184527.878
183256.712
181607.592
184471.987
184260.300
185574.126
186525.313
182288.492
183796.504
186495.831
183362.712
184531.576
183268.432
184255.351
184888.225
185123.508
183356.773
185562.041
183802.182
186266.537
184211.232
182172.491
184786.237
186465.255
186484.579
185556.364
183944.592
183264.838
183859.792
183199.467
185314.360
184339.578
187082.190
185900.095
185721.380
189533.107
183010.229
183771.398
184798.321
184876.297
185095.746
183899.379
185139.812
185657.623
184435.109
184152.893
185319.569
186627.875
183978.396
183196.081
186174.393
185951.194
183848.853
182564.977
185917.285
184835.043
184833.011
185667.156
186046.047
185363.428
185324.675
182072.013
186157.932
184746.492
182841.047
184939.689
184583.039
186861.439
182927.461
184357.704
183478.609
185037.302
184648.045
184188.626
183158.942
183873.543
184292.333
184628.720
185269.513
185673.355
187671.571
186945.770
185437.445
185062.774
184814.312
184284.313
181888.922
186230.909
186072.351
185106.736
185187.942
186784.817
184065.384
183603.517
185436.456
184731.179
182913.657
185035.688
185545.320
183802.495
184956.773
184925.000
185826.807
184295.772
182889.957
183817.444
184416.617
185013.915
185390.930
184286.448
181900.173
185224.873
184506.938
186163.298
185091.318
185059.387
185817.378
185684.813
183661.959
184176.125
184699.561
184431.826
183808.016
184089.293
184447.088
184176.437
183621.591
185219.039
184879.995
183879.897
185465.105
183709.829
184644.973
183624.299
185425.673
184146.851
186601.361
183435.635
184510.428
185843.787
182548.465
186377.381
183285.256
182401.367
184584.185
187006.193
185046.262
182299.118
184935.261
184160.498
184555.119
180652.134
183491.787
185398.171
181566.702
184416.929
185252.271
182381.678
183095.290
185112.101
185218.414
184262.383
184317.909
185548.394
184644.399
184671.433
184166.384
184569.860
184647.056
186587.715
186318.000
185082.827
184072.833
187606.564
184227.692
183957.874
183235.251
186504.893
186017.607
185273.210
184419.064
184980.422
185344.624
185189.349
185716.326
185288.420
184900.830
187649.849
181867.982
184900.622
185507.192
184796.497
185010.007
185240.134
184548.973
184845.200
183257.493
183958.603
185918.742
184924.375
184057.154
186289.872
182759.267
183921.932
184185.709
182699.678
184803.894
185741.225
185905.616
182193.848
184515.845
184765.088
185846.548
184255.195
184406.981
181414.552
183653.677
186253.046
184212.742
184719.615
183443.553
184533.243
183124.459
184897.497
184227.275
184855.774
184644.607
183782.232
185605.223
184698.779
184480.529
185420.569
186822.216
184520.272
184162.998
185412.703
186044.380
183632.426
184542.774
185211.694
185254.407
184107.472
185993.072
182392.877
186850.656
184352.183
183564.241
184684.611
184764.879
184699.040
185561.259
184479.279
182738.379
182583.468
185517.401
184280.092
186019.846
182821.356
185589.388
185704.138
186584.588
183998.034
184563.714
183755.510
185951.454
186140.379
185142.313
186468.015
183754.468
185444.008
185133.405
185829.202
183486.785
184898.017
182520.181
184577.257
186289.247
183948.289
186167.360
184217.951
185736.433
186030.056
186770.284
182041.957
183610.236
185164.763
185276.388
183368.962
183344.481
185468.959
185520.631
181950.958
184207.117
185167.002
183459.231
184589.811
184657.890
186701.788
184890.777
184833.063
184897.236
184771.495
185497.868
183608.673
184608.875
181045.922
185312.016
185712.004
182869.069
185611.109
184441.723
182827.086
186344.253
184635.439
185205.183
186808.934
186106.626
184895.778
185064.961
186196.790
184885.620
183218.843
185187.785
183813.797
185922.857
184688.413
184555.015
184052.205
184169.509
185919.784
184711.176
185029.853
184193.626
183301.872
186476.609
184990.422
183072.370
184692.841
186463.483
184953.700
184543.139
185071.003
185127.311
183971.989
185930.983
185393.691
186344.253
183874.480
184010.587
186221.949
182463.092
184685.080
182799.531
183571.482
183895.888
181554.462
184418.387
186739.031
185795.293
182838.806
182002.838
183560.074
184502.197
182544.298
183442.511
185661.946
185060.741
183025.386
182523.567
184497.770
183575.545
185800.449
184897.861
184626.168
183147.170
184001.419
184155.080
182581.489
183098.467
182473.770
183547.781
184121.170
185174.138
184521.886
184803.842
181821.050
185629.130
184544.285
185290.555
183758.896
186590.891
183430.218
184776.079
183766.865
183999.544
184995.944
184610.177
186623.394
185401.921
185726.327
184391.510
185713.201
184806.498
185966.559
184980.682
184570.225
185451.613
185882.592
185736.484
184280.509
185370.563
184929.792
180794.439
181542.846
184382.290
185864.518
183366.826
186179.653
183169.098
183655.865
185058.345
184840.043
183248.169
185211.902
182146.915
183089.351
183336.093
185183.045
183913.181
184908.331
184792.642
186159.442
185210.808
186332.845
184258.788
185616.056
183133.886
182074.981
184238.734
184231.702
183555.907
185123.092
184614.657
184200.658
184757.170
184916.196
185433.799
185333.945
182969.547
184850.148
183776.866
184630.855
183834.737
185844.412
185108.454
185876.603
183913.338
185983.072
184214.200
187636.514
183814.318
183515.122
184970.785
183554.970
185077.306
184358.433
183203.216
185212.058
183924.329
183314.008
184214.930
184950.262
185678.719
185975.258
184302.803
183504.443
184664.609
185661.373
184133.150
183983.969
184781.183
185170.075
186463.170
185682.886
184323.898
186219.396
184555.849
184295.927
184107.263
184763.368
185129.967
185330.664
183448.188
185780.760
184794.466
185191.328
185328.945
186316.750
183225.874
186703.194
184351.609
184467.246
183218.217
183542.208
183641.697
184919.373
183538.509
184094.605
185364.782
184204.095
184346.244
183418.133
184104.554
183384.953
184005.378
184444.483
185225.289
184962.086
185687.209
185847.068
184058.716
184863.378
184817.176
185138.614
184854.211
184500.218
186335.502
185861.653
185406.087
183066.797
185490.835
183558.511
186669.440
185558.915
184092.574
182185.357
183409.643
182977.569
183326.978
187034.215
184667.265
184512.927
185644.027
183393.964
186551.408
184824.000
184905.830
185302.432
183028.095
185248.416
184809.154
185475.574
185740.496
184091.532
183337.604
182129.622
186101.832
185350.509
184894.632
184179.770
186849.823
184566.005
183575.544
183947.352
186070.997
183326.144
184201.439
185949.266
183536.322
183289.474
183034.241
183812.338
186233.356
184898.017
185471.094
182034.560
185116.476
183351.355
186416.915
184321.294
182512.732
184894.110
185395.670
184570.694
182311.566
184287.489
184103.617
182704.105
186159.963
185045.896
187511.658
185945.307
186278.151
185171.897
183496.786
182583.885
184147.527
184349.421
183345.886
185766.540
183309.424
183884.845
186796.223
187561.142
181603.320
186591.151
186846.749
184869.317
184849.418
184656.066
184376.560
184828.843
184075.229
185439.059
183856.874
185039.021
182480.072
184786.912
184928.488
183688.107
185339.414
183748.843
186584.379
183724.569
184142.474
183673.106
185309.567
