7235189.032
7211979.991
7206534.874
7215822.393
7216457.609
7225198.825
7220391.531
7217731.581
7220276.358
7219344.754
7212253.903
7211794.742
7208256.269
7213566.682
7220922.764
7208280.119
7215946.074
7217820.891
7215033.325
7210216.967
7211415.728
7212501.249
7214263.660
7213870.546
7213035.047
7218631.580
7214133.900
7217155.183
7215572.215
7210676.109
7213212.397
7207424.590
7206820.154
7212367.622
7213409.962
7213566.694
7210700.476
7218581.765
7209254.707
7212901.519
7214562.826
7214048.400
7219407.256
7219698.167
7217790.272
7222181.064
7221850.145
7213787.585
7219379.433
7213731.587
7212391.560
7220351.763
7222134.488
7214245.800
7223204.382
7215648.382
7215467.738
7214292.258
7217090.134
7216147.853
7217384.483
7214561.551
7219725.648
7208595.548
7210211.434
7215795.104
7215045.187
7217482.090
7216066.743
7214510.965
7210998.068
7212003.686
7221175.936
7218520.259
7209583.656
7211346.432
7209204.607
7214051.902
7216708.932
7213022.217
7216097.517
7217572.243
7221638.525
7225162.566
7215488.444
7211062.020
7218448.418
7210837.882
7215824.306
7216467.025
7211270.371
7218812.826
7215685.384
7217696.986
7212851.252
7215727.209
7215184.135
7213420.160
7223009.585
7220828.949
7214836.494
7211156.279
7218399.340
7223488.698
7219974.549
7216170.632
7216252.052
7213349.219
7212557.640
7214773.966
7218432.936
7217704.130
7215559.404
7218813.652
7213017.839
7216841.055
7212569.145
7213962.748
7214258.641
7215694.907
7210027.815
7215251.962
7211245.820
7215977.265
7212097.700
7220206.566
7222399.273
7216526.496
7214099.479
7214102.443
7216447.464
7217558.301
7211285.076
7211223.457
7212608.857
7217756.923
7218785.937
7214959.419
7208727.405
7210676.358
7211764.341
7214066.300
7214367.332
7216947.759
7217467.358
7208705.416
7210026.242
7215539.619
7208871.221
7210361.963
7216018.014
7212717.713
7214709.289
7217502.507
7213274.045
7216733.009
7215648.766
7208258.068
7208835.448
7210374.800
7213086.560
7207837.067
7213114.602
7212728.455
7209487.392
7212618.365
7207665.156
7217609.666
7218760.394
7217577.559
7213355.468
7211918.026
7212712.473
7216850.218
7214849.338
7214488.412
7210056.254
7210630.109
7216106.167
7220415.756
7215634.868
7216904.472
7218644.591
7212249.797
7218307.531
7213826.519
7215378.499
7214405.126
7217595.601
7220635.749
7215093.439
7213871.763
7221251.715
7208640.900
7216864.842
7217320.469
7204569.225
7214511.932
7216240.551
7204455.811
7209209.884
7210816.096
7216571.832
7216034.606
7214943.106
7216927.847
7212718.803
7214578.950
7224776.739
7219219.023
7216508.878
7225377.788
7210310.805
7214180.215
7222774.255
7222071.862
7218161.342
7213907.299
7214842.517
7216488.533
7222657.911
7217684.425
7213174.213
7219004.236
7213810.885
7216387.099
7220226.980
7216184.212
7217568.384
7213215.795
7216587.974
7216316.203
7211886.056
7218140.498
7218826.010
7223385.235
7226140.065
7220846.605
7219019.735
7215672.666
7214953.094
7221028.094
7221730.225
7219959.143
7216654.787
7219643.757
7218306.053
7219631.059
7221120.038
7214962.384
7219153.712
7215474.791
7216897.098
7205650.195
7213771.338
7219328.844
7216583.609
7213298.477
7223625.774
7217955.930
7216830.073
7212863.625
7215797.074
7215140.431
7215476.906
7219366.125
7221240.981
7225501.228
7218628.715
7216135.695
7221910.257
7218534.130
7220864.292
7221396.778
7220140.287
7217474.491
7220109.631
7213079.190
7215622.915
7209177.478
7215108.203
7216056.148
7216161.979
7217984.072
7219820.386
7217613.387
7214973.638
7211626.839
7221584.314
7211447.424
7214776.802
7218865.785
7218148.985
7219409.880
7217543.071
7210375.900
7213804.664
7214302.619
7211038.955
7216337.173
7213848.327
7213753.568
7219423.020
7218101.267
7222877.923
7217224.861
7216544.785
7224368.929
7212381.703
7213286.732
7208247.219
7207840.140
7216519.784
7213000.473
7212525.002
7212829.868
7211644.379
7207263.525
7215168.355
7213209.354
7218086.022
7219321.031
7215283.962
7219924.670
7218266.532
7212980.851
7217567.544
7216440.604
7217397.410
7213018.745
7210138.978
7218548.076
7218006.351
7218570.254
7212792.130
7212947.869
7214865.654
7219352.703
7221468.061
7221554.366
7214098.318
7214037.994
7210589.734
7216496.349
7223409.052
7220049.239
7217350.792
7214348.826
7216306.096
7217462.663
7221975.079
7219008.117
7218060.885
7215582.253
7217181.988
7214941.035
7217327.775
7212386.297
7213814.505
7211744.975
7211776.954
7214275.111
7216756.548
7218378.578
7216300.141
7213677.953
7207211.587
7212088.571
7211739.106
7214894.047
7217158.849
7209245.205
7213113.341
7217348.440
7213349.191
7209906.975
7215490.279
7221782.767
7215905.104
7217661.055
7207690.857
7205106.590
7209083.695
7213654.817
7215160.534
7218091.652
7217540.605
7220733.832
7219613.355
7221681.263
7221575.677
7219774.977
7213306.945
7217227.066
7217170.808
7210053.858
7219720.480
7214351.098
7213999.915
7212270.837
7207125.070
7220757.914
7220604.198
7221383.699
7212080.546
7217572.696
7210742.650
7209352.773
7221770.549
7215912.161
7215509.203
7212333.734
7211930.671
7216482.625
7221623.022
7219994.216
7221422.739
7213112.131
7208321.244
7213715.364
7214683.530
7218372.171
7216001.989
7214903.702
7217412.696
7215905.464
7211218.441
7220693.273
7215694.709
7217168.966
7212192.071
7212405.893
7211101.649
7216939.199
7212978.341
7216062.756
7217538.628
7217495.706
7222192.884
7223867.317
7224578.010
7218904.224
7218297.965
7219870.826
7220325.714
7217684.464
7213311.431
7217930.267
7214279.283
7218611.946
7216764.889
7213732.768
7214435.856
7213594.471
7218949.681
7222822.039
7215065.341
7221783.706
7217387.440
7216823.947
7216517.718
7211856.583
7211708.756
7221689.941
7218162.198
7220331.472
7220114.888
7224023.863
7218416.699
7218570.619
7217817.471
7224900.924
7216766.638
7221420.582
7221380.473
7216015.051
7216373.002
7215065.425
7209811.005
7219417.308
7215912.016
7215415.405
7216961.389
7219274.322
7216881.431
7221142.004
7218428.821
7216013.844
7215350.706
7216780.689
7221662.833
7221656.894
7218373.760
7215013.377
7214543.853
7214313.308
7218108.315
7214110.162
7219034.654
7220312.122
7222605.680
7221015.003
7223019.052
7215192.816
7212737.003
7210155.135
7218323.747
7222454.723
7218909.012
7213798.041
7213982.850
7215107.128
7211555.164
7211785.760
7217341.823
7207058.629
7211113.088
7212645.269
7209020.591
7214074.940
7211162.518
7206532.429
7210414.319
7215913.243
7210483.647
7206212.969
7213004.415
7216753.062
7220019.893
7213558.322
7213452.634
7215039.977
7218028.915
7218469.218
7215761.765
7218495.626
7224245.147
7220476.705
7217007.459
7214424.029
7210563.754
7209624.339
7212919.297
7212089.893
7215743.895
7212198.549
7210789.608
7215620.393
7213833.864
7214651.391
7213565.659
7214937.044
7217534.953
7211715.217
7212082.388
7218578.336
7214640.920
7210139.280
7214723.948
7221450.023
7217784.976
7213138.219
7213648.737
7212175.520
7210919.304
7215328.068
7209025.836
7214721.966
7219973.627
7215764.985
7212436.117
7221891.730
7220496.177
7213356.414
7214913.859
7211448.051
7220715.885
7215315.043
7222899.379
7227818.090
7215759.305
7225717.416
7219345.333
7217681.315
7214543.769
7212205.154
7213544.347
7216505.887
7213421.679
7217331.593
7218125.576
7220265.577
7216364.415
7213845.262
7212494.400
7215151.066
7212095.350
7219672.707
7211736.252
7209367.738
7208005.782
7216984.942
7216439.368
7213971.939
7218782.462
7225850.602
7221161.393
7224044.904
7212359.698
7215713.983
7211327.408
7214160.967
7215430.622
7216239.608
7216410.197
7214476.050
7211882.306
7212536.015
7207801.541
7215003.757
7215893.114
7212589.510
7217832.262
7213434.645
7216397.799
7217979.725
7211786.410
7218754.436
7217359.976
7218156.825
7214291.447
7213353.125
7218115.414
7222802.332
7212072.375
7220677.384
7214197.739
7217245.538
7219164.579
7217047.965
7216748.301
7214264.464
7212244.839
7209661.253
7212833.958
7214099.916
7212597.217
7223019.070
7217542.700
7218084.212
7216072.088
7220169.364
7207075.217
7215732.888
7215788.830
7206166.482
7208156.989
7211686.866
7210730.054
7222366.401
7212336.096
7216152.981
7218335.225
7215609.281
7215137.048
7216689.513
7219528.438
7220351.784
7215580.945
7213935.508
7214959.911
7216875.229
7218507.916
7225155.094
7219769.495
7214771.848
7215445.842
7222387.989
7220716.336
7220160.516
7217893.124
7218343.859
7215178.877
7216268.262
7213713.075
7220879.034
7218792.222
7215556.548
7219367.023
7208683.230
7210294.062
7216314.641
7207766.362
7219553.225
7210303.053
7213807.967
7221674.447
7213000.628
7212536.353
7212093.483
7214679.135
7218489.175
7217207.680
7220986.829
7221458.679
7220803.958
7212828.112
7218963.007
7214638.500
7215237.491
7216590.147
7217444.057
7223288.137
7222170.655
7219201.795
7216315.909
7226271.009
7216224.584
7216050.001
7214375.168
7222604.054
7211399.074
7204153.176
7216421.619
7217060.338
7218300.678
7220877.448
7212099.782
7210495.884
7212300.649
7212186.739
7217080.969
7215671.827
7216033.845
7215163.034
7212693.787
7216295.492
7208564.273
7218165.622
7223870.134
7221209.250
7221993.231
7216534.156
7215456.182
7217008.621
7216338.447
7212111.676
7205708.703
7213279.746
7217243.405
7217650.416
7219891.094
7216824.432
7216665.813
7207555.384
7214008.189
7208742.301
7220063.338
7219972.795
7219360.691
7219990.634
7217528.661
7224332.851
7219440.380
7215101.191
7209941.923
7211652.593
7213537.707
7212541.081
7216253.404
7212516.302
7215215.348
7209352.465
7211571.724
7221278.169
7219669.814
7211985.711
7214310.291
7219610.472
7221276.756
7219799.194
7211023.992
7216060.188
7213840.781
7218101.483
7218904.401
7219512.820
7212421.114
7208406.477
7210942.791
7208001.540
7212525.286
7220202.569
7221211.910
7213461.804
7217002.225
7215207.646
7216511.128
7212376.893
7211783.420
7214754.252
7218030.999
7214408.063
7219620.050
7216863.449
7215417.702
7217675.547
7218282.500
7209571.150
7219507.398
7215636.362
7215157.167
7218392.241
7216587.083
7218517.705
7220817.374
7219700.512
7210367.223
7211653.355
7211902.719
7215822.492
7221116.150
7219181.601
7220237.866
7218086.423
7219028.456
7216258.827
7220293.505
7218028.768
7224185.008
7215082.415
7217628.772
7218054.191
7215776.431
7218182.043
7216114.355
7218664.252
7220923.756
7222823.277
7218111.788
7218302.028
7215974.522
7216945.201
7215268.642
7222710.057
7217241.202
7215737.160
7219334.294
7220123.861
7218019.031
7213311.811
7216396.080
7215838.381
7212664.384
7213238.252
7214608.864
7207708.565
7218282.575
7212306.221
7219357.595
7210688.790
7200754.652
7215338.741
7210816.277
7220959.984
7213363.001
7215666.307
7219259.948
7218266.369
7220049.313
7215214.577
7221311.743
7220653.718
7218128.687
7215497.709
7218232.724
7220701.357
7213224.072
7211460.053
7217517.423
7207484.627
7217266.891
7220550.343
7216705.703
7214112.644
7221709.694
7205792.209
7212094.186
7215532.860
7211048.992
7214771.861
7218710.898
7215129.877
7218478.699
7213820.698
7209696.083
7211655.498
7214133.402
7215691.059
7218532.592
7214620.757
7214957.774
7216128.310
7212650.527
7211192.057
7214239.755
7212912.859
7211753.272
7210311.678
7215157.051
7203825.950
7211552.073
7223202.642
7216071.950
7209531.368
7210197.375
7213618.703
7217147.385
7208019.258
7215426.860
7216508.793
7214329.469
7213009.188
7216274.823
7219030.408
7214065.240
7216562.467
7220373.936
7221790.016
7221415.659
7215371.114
7214434.255
7212089.238
7216034.575
7216524.730
7220952.249
7219431.999
7217466.758
7209443.843
7225196.269
7217116.264
7218379.933
7210862.431
7212020.411
7215096.652
7223394.444
7217515.331
7223396.116
7217639.494
7220836.745
7218210.588
7223496.417
7221950.577
7221434.062
7224666.047
7220648.667
7220382.547
7219309.684
7219260.517
7220682.750
7215205.965
7219343.732
7223405.243
7222206.180
7218934.050
7213069.842
7217334.141
7214821.415
7220213.591
7223761.470
7223227.123
7231223.884
7205786.028
7214186.375
7211475.830
7213886.264
7213633.257
7222675.705
7213737.310
7220781.594
7215226.037
7222065.981
7219597.452
7225699.461
7218079.591
7221538.424
7219388.943
7219345.350
7216241.141
7215239.383
7216660.990
7211438.400
7210469.982
7218835.405
7220897.914
7217094.532
7213052.586
7210838.427
7210434.759
7212149.168
