1994516.965
1986648.264
1987102.262
1987392.232
1987193.247
1987619.221
1987434.249
1987340.535
1987036.020
1987219.574
1986802.026
1987303.424
1986914.056
1987255.438
1987786.787
1988260.995
1987823.237
1986686.400
1987243.429
1987756.546
1987149.658
1987660.640
1987715.639
1987241.784
1986667.712
1987674.993
1987657.382
1987055.025
1986989.075
1987048.659
1987587.509
1987231.010
1987413.053
1987133.853
1987135.306
1987657.852
1987506.790
1987343.070
1987072.257
1986966.356
1987530.573
1987891.801
1987446.491
1986965.344
1987879.753
1987848.911
1987484.026
1987523.035
1987432.500
1987202.211
1987518.800
1988172.297
1987257.931
1987763.027
1987287.246
1987650.037
1988288.377
1988334.574
1987234.773
1987459.998
1988038.332
1987567.187
1987818.821
1988190.155
1988104.257
1987012.685
1987228.171
1988204.772
1988518.340
1987577.357
1988247.106
1987699.807
1988167.089
1987231.731
1987630.099
1988015.289
1987436.164
1987367.976
1987759.936
1988166.066
1987922.547
1988029.689
1988092.555
1987593.491
1987764.285
1988184.373
1987506.177
1987301.778
1987826.825
1987235.199
1987472.354
1988255.864
1987444.425
1987314.357
1986769.559
1987419.775
1987785.483
1988089.468
1987431.794
1986798.498
1987288.022
1987562.940
1987495.377
1987483.706
1987359.991
1987409.054
1987805.339
1987511.972
1986777.417
1986411.804
1987871.891
1987596.287
1987873.551
1987972.618
1987722.902
1987724.512
1988045.738
1987855.559
1987335.816
1987320.603
1988066.766
1987397.061
1987216.050
1987770.788
1987686.765
1987796.616
1987017.473
1987701.703
1988031.003
1987850.616
1987657.937
1988117.302
1988254.447
1987610.421
1987569.684
1987683.911
1987664.166
1988242.344
1987398.090
1988424.125
1987555.755
1987517.570
1987833.536
1988035.479
1987636.426
1988092.404
1987011.461
1987379.358
1988175.214
1988027.592
1987846.321
1987997.947
1987474.454
1988051.747
1987743.328
1987529.606
1987490.796
1987391.512
1988025.634
1987934.840
1986801.600
1987131.420
1987857.009
1987820.700
1987484.519
1987485.557
1987710.263
1987483.780
1987494.350
1987603.628
1987384.489
1987798.693
1988404.999
1987319.733
1988391.711
1987897.179
1987173.459
1986539.487
1988178.187
1987972.070
1987757.515
1987505.456
1986946.855
1988108.581
1987509.977
1987657.228
1987900.896
1987832.032
1987942.509
1987546.946
1987347.652
1987672.994
1987425.622
1987741.172
1987033.495
1988034.684
1987622.766
1986722.101
1987120.522
1988516.334
1988180.829
1987251.985
1987064.620
1987299.849
1987896.935
1987797.340
1987509.236
1987219.413
1988049.804
1987788.994
1988131.265
1987820.919
1988068.493
1987772.628
1988014.732
1988017.855
1988043.635
1988211.931
1987851.840
1988026.959
1987995.756
1987768.596
1987868.394
1987940.013
1988260.042
1987816.349
1987984.645
1987859.630
1987387.446
1987950.051
1987470.782
1987707.417
1987275.550
1987087.768
1987969.050
1988010.875
1987766.526
1987739.489
1987735.476
1988191.768
1987947.887
1988060.448
1988150.715
1988004.292
1987645.140
1987422.824
1988032.203
1987695.554
1987578.196
1988099.078
1988114.962
1987501.463
1987951.400
1987325.347
1987738.510
1987324.509
1986999.266
1986724.966
1988289.857
1986796.063
1988134.681
1987859.339
1987774.068
1988071.804
1988391.364
1987740.151
1987120.505
1987900.788
1988298.429
1986932.043
1987802.595
1987967.191
1988096.317
1987978.230
1987226.592
1987032.248
1987605.062
1987095.531
1987015.417
1987844.767
1987933.836
1987999.674
1987756.002
1987652.604
1987622.912
1988040.868
1987137.182
1987716.821
1987476.848
1988007.679
1987616.493
1987384.645
1987539.866
1987343.126
1986942.043
1987360.936
1987508.345
1987652.003
1987762.689
1987758.311
1987002.922
1988136.834
1988009.893
1987603.757
1987730.695
1987301.693
1987461.342
1987611.302
1988309.078
1987635.624
1987747.769
1987256.520
1987543.370
1987887.881
1987813.601
1986783.810
1988047.995
1987870.268
1987585.654
1987638.366
1987573.305
1987993.189
1987677.062
1987971.048
1987976.463
1987654.868
1987860.094
1987336.812
1988177.882
1987406.138
1987599.228
1987466.140
1987777.211
1988223.503
1987443.789
1987778.144
1987559.370
1987836.635
1987510.352
1988203.751
1987861.893
1987705.678
1986658.907
1986961.175
1987733.853
1987256.460
1987333.654
1988133.262
1986945.487
1986830.266
1986799.636
1986546.381
1987432.612
1986999.131
1987703.574
1987405.157
1987428.387
1987052.932
1987339.990
1987408.432
1987477.552
1987234.089
1987630.376
1987638.345
1988186.574
1987886.856
1988103.594
1987702.512
1987918.416
1987363.934
1987980.503
1987147.711
1987638.227
1987086.557
1987344.289
1987739.066
1987620.667
1988196.712
1987453.304
1987116.238
1987837.402
1986692.340
1988167.119
1988203.423
1987736.240
1987572.472
1987444.229
1987915.785
1987845.047
1988157.160
1987376.405
1987389.947
1988207.474
1987899.369
1987114.759
1988129.388
1987900.146
1987341.548
1987803.415
1987393.425
1987885.504
1987451.397
1988356.746
1987452.645
1987796.010
1987701.885
1987251.579
1987670.630
1987701.048
1987543.635
1987198.653
1988285.321
1987859.704
1987867.047
1987394.864
1987578.163
1987377.881
1987665.616
1987908.139
1987522.996
1988044.504
1986838.968
1987732.388
1987050.288
1987292.551
1987912.246
1987659.147
1988154.038
1988265.090
1987986.519
1988155.909
1987575.904
1987325.097
1988007.871
1988402.335
1988415.356
1987602.515
1987281.076
1988071.152
1987146.008
1987726.949
1987941.240
1987622.614
1988129.434
1987678.034
1987536.665
1987361.178
1987817.940
1987863.464
1987883.726
1987392.739
1988023.581
1988085.930
1987557.336
1987292.151
1987536.133
1987967.372
1987180.888
1988457.418
1988397.046
1987447.161
1987632.803
1987740.885
1987671.711
1987495.130
1987681.658
1987337.560
1987736.140
1986882.879
1988077.942
1987752.858
1987622.844
1986918.555
1987083.101
1987168.526
1987099.872
1987842.131
1988129.189
1987058.510
1988302.434
1987804.102
1988108.976
1988479.115
1987718.362
1987835.873
1987876.032
1987947.861
1987393.640
1988013.074
1987810.501
1988104.539
1987373.373
1987754.503
1987679.130
1987924.205
1987841.071
1986688.666
1987299.298
1987713.817
1987254.291
1987424.776
1987868.568
1987755.223
1987453.682
1987792.777
1987701.205
1987732.718
1987922.214
1988190.678
1987473.263
1987982.842
1987665.311
1987235.268
1987458.831
1987388.562
1988200.985
1988022.477
1987686.558
1988030.340
1987541.594
1987453.980
1987815.838
1987995.594
1987201.036
1987301.879
1987509.763
1986846.051
1987367.612
1987640.295
1987736.084
1987906.256
1988116.484
1987490.225
1987805.046
1987422.143
1987440.738
1987355.572
1987644.975
1987274.365
1987044.237
1987170.863
1987821.708
1987332.076
1987772.535
1987921.039
1987799.411
1987391.870
1987937.652
1987708.619
1987225.446
1987186.482
1987528.599
1987263.677
1988169.129
1988268.617
1987780.444
1987325.346
1987832.687
1987091.780
1987587.037
1987735.956
1988200.689
1987672.563
1987093.078
1987535.205
1987483.897
1988645.416
1987223.402
1987666.882
1986968.323
1987359.819
1986977.020
1987267.725
1987742.458
1987437.897
1987790.847
1987686.878
1987322.467
1987313.507
1987479.616
1987602.024
1986807.153
1987512.690
1987805.895
1987725.418
1987741.149
1987867.775
1987947.782
1987548.003
1987319.021
1987865.324
1988377.352
1987359.752
1987697.233
1987258.022
1987547.269
1987509.608
1987868.133
1987814.585
1988042.471
1987911.104
1988360.470
1987485.644
1987761.191
1987581.746
1987698.268
1987454.597
1987728.269
1987793.952
1987945.685
1986610.970
1987113.154
1987663.103
1987822.754
1987779.416
1987595.022
1987668.935
1987980.371
1987672.528
1987838.064
1987606.322
1987008.503
1987798.371
1987507.978
1987630.176
1987420.051
1987343.949
1987467.503
1987602.828
1988005.627
1987511.204
1987246.281
1987522.870
1987821.857
1987333.788
1986405.207
1987647.567
1987339.568
1988131.103
1987580.737
1987959.055
1988057.658
1988119.069
1987170.694
1987345.972
1987193.664
1987546.720
1987799.973
1987667.876
1987755.228
1987846.955
1987315.757
1987659.436
1987453.321
1987335.392
1987303.514
1987606.512
1988005.769
1986939.883
1987833.408
1987734.595
1987937.167
1987449.514
1987878.098
1988181.825
1987569.004
1988216.203
1987317.311
1987745.947
1987341.793
1988177.915
1987732.767
1987549.260
1987549.519
1987578.063
1987432.840
1987905.751
1988114.885
1987440.704
1987275.062
1987057.592
1988119.884
1987944.762
1987775.214
1987911.320
1987667.234
1987683.329
1987883.816
1988000.547
1988339.121
1987702.079
1988080.032
1987625.247
1988097.584
1987982.469
1988098.157
1987486.066
1987731.037
1987810.576
1987539.819
1988155.087
1988065.964
1988040.388
1988218.739
1988126.177
1988242.490
1988147.949
1987611.438
1987757.441
1988062.366
1987102.116
1987638.262
1987864.898
1987960.793
1987438.137
1987605.445
1987896.253
1987180.975
1987580.076
1987871.510
1987317.289
1987956.258
1987754.935
1988075.904
1987816.034
1987833.223
1988068.871
1987697.584
1988185.652
1987838.795
1987389.532
1987346.194
1987948.649
1987638.878
1988209.976
1988081.108
1987545.847
1987833.166
1987674.349
1986997.667
1987633.563
1987651.377
1987606.008
1987685.806
1988059.906
1988036.465
1987339.834
1987649.552
1987896.190
1987985.469
1988238.515
1987750.758
1988218.512
1988098.395
1987433.018
1988344.200
1987417.963
1987811.334
1986931.561
1987263.468
1987555.840
1987969.683
1986635.593
1987731.898
1988000.987
1988060.158
1987520.627
1987399.729
1987809.612
1987999.579
1987704.705
1988279.710
1987631.781
1988000.984
1986898.063
1988108.442
1988410.346
1987896.441
1988100.315
1987343.418
1988199.126
1987358.262
1988059.216
1987583.961
1987599.535
1987500.619
1987287.108
1986964.784
1987748.090
1987731.161
1987885.342
1987795.437
1987584.322
1987189.805
1988103.800
1987737.098
1987227.047
1987827.054
1987398.521
1988278.764
1987660.578
1987543.900
1987285.124
1987641.356
1987171.258
1987467.328
1987897.787
1987067.080
1987426.491
1987823.196
1987347.889
1987620.259
1987703.547
1987461.805
1987699.589
1987384.713
1987589.004
1987849.863
1987821.370
1986958.420
1987358.512
1987648.644
1987406.901
1987435.602
1987088.953
1986955.554
1987267.147
1987831.108
1987741.777
1987484.408
1987728.598
1987875.122
1987733.702
1987785.008
1988020.552
1987458.986
1987617.127
1987759.589
1987898.196
1987493.781
1988126.864
1987412.678
1988200.609
1988207.172
1987838.665
1987854.360
1988272.020
1987902.627
1988063.492
1987114.407
1987604.106
1987786.744
1987548.873
1987192.292
1988034.889
1987140.913
1987507.319
1988086.973
1988240.910
1987897.768
1987902.680
1987015.006
1987749.155
1987712.344
1987991.918
1987353.434
1987458.824
1987772.047
1987437.186
1987055.967
1987308.766
1987643.188
1987491.523
1987857.666
1987863.775
1987704.921
1987915.893
1987627.235
1987772.524
1987840.097
1987664.053
1987858.773
1987204.194
1987805.724
1987362.311
1987927.952
1987430.783
1987439.548
1987703.754
1987182.781
1988013.864
1987498.621
1987430.034
1987999.842
1986990.175
1987548.420
1987424.203
1988195.280
1987793.953
1988556.332
1988285.225
1988186.271
1987720.718
1987317.308
1987593.129
1987577.099
1988035.854
1987603.846
1988092.604
1987281.862
1986970.022
1988096.289
1987656.051
1987990.472
1987505.750
1987767.454
1987590.627
1987778.001
1987741.396
1987466.434
1987212.620
1987410.464
1987665.448
1987367.047
1986967.906
1987391.970
1987702.481
1987951.683
1987577.389
1988080.053
1987681.485
1987816.353
1987658.434
1987210.225
1987855.299
1987653.781
1988023.620
1987429.251
1988442.277
1987647.838
1987555.027
1987824.804
1987742.255
1987872.904
1987430.425
1987555.866
1988211.148
1987954.208
1988030.684
1987673.682
1987754.794
1987473.008
1988037.552
1987565.434
1986892.568
1987905.853
1987811.480
1987238.884
1987800.199
1987322.247
1987882.155
1987464.469
1987724.296
1987544.290
1987665.614
1987770.895
1987219.758
1987578.293
1987408.234
1987616.911
1987323.091
1988207.457
1987597.877
1987958.234
1987713.637
1987775.633
1987809.917
1987547.246
1987600.125
1987624.044
1987572.226
1987421.491
1987922.644
1987852.074
1987913.235
1987237.815
1987765.427
1987632.455
1987485.263
1987897.813
1988294.422
1987993.830
1987738.763
1988661.258
1988456.716
1987707.069
1987926.787
1987768.239
1987393.265
1987597.460
