8771.836
8758.554
8783.088
8814.393
8818.560
8821.893
8818.925
8719.488
8762.826
8771.368
8816.007
8729.801
8801.111
8804.392
8808.246
8872.888
8839.395
8804.392
8775.483
8745.375
8789.338
8738.605
8785.796
8822.570
8827.935
8809.653
8819.497
8821.528
8718.394
8802.725
8814.185
8809.236
8758.450
8712.196
8969.720
8807.621
8806.319
8747.928
8770.482
8715.112
8737.093
8765.325
8777.722
8705.111
8741.052
8786.369
8743.136
8708.237
8814.548
8771.263
8740.635
8714.227
8810.017
8770.847
8814.393
8807.830
8805.537
8812.517
8814.913
8823.091
8827.519
8742.719
8774.701
8813.507
8801.995
8822.779
8808.715
8771.420
8810.486
8818.143
8809.288
8755.950
8779.233
8750.011
8821.893
8823.040
8863.981
8812.518
8706.726
8815.956
8815.695
8829.082
8769.337
8776.524
8744.698
8746.573
8824.914
8810.954
8790.275
8799.651
8819.810
8821.789
8812.049
8719.644
8813.872
8818.664
8782.202
8769.024
8734.490
8820.278
8794.807
8793.662
8812.882
8812.726
8777.567
8743.032
8836.009
8751.001
8782.150
8776.472
8815.590
8809.236
9312.983
8814.601
8743.136
8809.132
8713.863
8799.704
8816.320
8815.330
9064.313
8739.021
8897.838
8778.660
8753.710
8899.401
8746.522
8823.040
8714.435
8809.600
8852.834
8815.539
8847.104
8740.166
8787.254
8767.669
8749.855
8827.415
8808.924
8790.484
8746.261
8784.494
8813.455
8722.718
8813.299
8830.019
8809.757
8858.043
9073.428
8818.508
8838.822
8817.102
8873.044
8795.536
8845.698
8809.757
8878.722
9089.106
8827.206
8715.633
8811.215
8924.247
8836.687
8813.820
8745.219
8786.474
8742.407
8823.821
8813.091
8812.413
8776.837
8804.808
8759.909
8758.502
8826.426
8773.035
8755.377
8807.777
8808.142
8813.976
8787.306
8807.256
8809.913
8810.643
8778.296
8779.598
8822.935
8812.258
8741.417
8747.564
8770.430
8802.360
8818.716
8807.621
8805.016
8802.516
8829.030
8873.774
8806.215
8829.915
8756.574
8711.257
8802.985
8811.111
8801.527
8737.719
8750.168
8803.194
8811.788
8742.562
8807.934
8777.306
8800.173
8809.548
8749.126
8810.174
8775.170
8800.068
8836.531
8750.376
8823.456
8769.128
8824.654
8748.449
8821.841
8812.674
8703.913
8741.365
8751.105
8814.028
8824.186
8718.082
8809.965
8804.079
8820.643
8772.462
8780.223
8734.229
8757.460
8753.762
8754.700
8758.762
8813.351
8822.883
8804.652
8723.915
8855.543
8810.486
8751.783
8805.642
9020.558
8813.924
8779.389
8738.292
8816.424
8811.163
8829.811
8779.389
8803.142
8802.882
8751.835
8805.121
8781.630
8792.516
8746.990
8810.694
8752.876
8710.685
8846.480
8809.444
8816.736
8755.168
8773.607
8808.663
8803.350
8816.477
8814.132
8727.717
8758.137
8830.801
8845.333
8742.094
8708.758
8811.685
8807.465
8809.704
8807.308
8782.515
8826.217
8746.886
8774.545
8816.945
8722.925
8814.445
8742.250
8748.397
8773.659
8775.274
8819.393
8800.381
8762.096
8805.642
8720.477
8808.663
9085.982
8804.704
8810.903
8808.559
8787.151
8838.354
8811.945
8857.886
8748.813
8803.350
8729.593
8749.282
8755.794
8815.278
8791.370
8796.370
8828.197
8816.476
8751.105
8715.894
8725.165
8811.736
8749.959
8850.021
8819.185
9120.776
8786.473
8810.225
9079.783
8811.893
8744.803
8777.202
8832.989
8712.143
8770.065
8808.299
8766.628
8810.382
8775.483
8807.413
8878.149
8804.392
8793.037
9051.707
8810.069
8777.723
8742.563
8771.211
8808.038
8709.487
8827.988
8815.122
8806.944
8837.624
8826.269
8774.858
8830.697
8753.397
8814.497
8815.122
8772.774
8810.590
8822.310
8808.350
8810.174
8853.251
8736.520
8739.281
8801.527
8812.674
8811.736
8711.935
8839.031
8806.111
8749.960
8823.925
8777.878
8799.131
8800.433
8744.125
8810.018
8705.372
8741.052
8819.080
8733.760
8714.071
8834.186
8773.659
8828.248
8764.492
8716.207
8820.904
8755.846
8819.602
8813.038
8796.943
8811.319
8752.772
8736.417
8803.975
8918.518
8752.251
8736.781
8802.725
8746.678
8786.160
8747.407
8810.486
8740.480
8822.519
8775.639
8809.288
8811.215
8758.085
8804.391
8789.182
8802.881
8805.278
8737.406
8805.277
8708.757
8874.294
8803.194
8762.409
8816.372
8785.848
8745.688
8804.913
8800.381
8814.705
8708.289
8771.263
8806.423
8814.601
8814.757
8777.045
8811.320
8737.198
8805.329
8821.269
8704.591
8738.813
8806.319
8781.212
9283.865
8818.769
8814.914
8930.914
8775.483
8739.959
8739.854
8818.924
8775.639
8837.572
8843.927
8885.233
8766.992
8753.345
8782.567
8747.355
8810.278
8830.801
8751.001
8714.904
8741.938
8821.321
8750.168
8772.827
8809.757
8743.708
8832.572
8807.049
8812.361
8717.456
8814.862
8739.646
8831.739
8805.434
8708.497
8772.410
8748.501
8806.006
8769.440
8733.708
8803.558
8854.292
8852.261
8710.685
8827.623
8812.310
8757.773
8840.333
8806.424
8784.389
8829.967
8762.982
8807.934
8853.563
8780.066
8812.778
8807.517
8809.340
8806.476
8716.883
8829.081
8806.006
8783.973
8754.908
8771.940
8779.597
8750.532
8808.090
8740.740
8780.483
8815.747
8735.739
9627.700
8718.603
8784.494
8742.824
8820.695
8809.966
8803.767
8805.382
8806.058
8810.486
8812.674
8711.049
8748.344
8744.698
8828.196
9005.922
8820.748
8719.332
8754.387
8815.486
8838.926
8737.197
8807.152
8829.342
8748.136
8742.094
8714.956
8820.904
8811.684
8814.549
8753.605
8714.643
8766.628
8807.465
8778.451
8784.077
8776.003
8740.427
8812.726
8759.491
8806.371
8751.053
8752.668
8749.595
8831.999
8714.540
8817.362
8825.227
8743.345
8802.360
8790.433
8716.050
8822.102
8839.968
8830.488
8738.239
8711.622
8746.105
8747.355
8811.736
8710.477
8813.456
8749.282
8804.808
8807.829
8787.932
9376.218
8891.067
8777.462
8839.708
8804.028
8804.704
8752.512
8802.673
8727.093
8802.934
8806.215
8817.779
8811.112
8714.748
8820.748
8815.018
8740.427
8712.612
8815.643
8814.601
8835.854
8807.986
8821.477
8777.618
8809.288
8872.940
8742.771
8819.393
8711.883
8919.194
8840.333
8830.279
8831.269
8746.209
8787.672
8801.683
8813.976
8959.042
8809.861
8834.082
8783.608
8784.547
8744.647
8749.178
8827.258
8782.670
8812.830
8841.479
8805.694
8752.147
8803.611
8772.044
8751.939
8815.279
8814.705
8771.315
8708.288
8813.872
8811.372
8738.708
8767.618
8814.341
8828.613
8849.970
8817.778
8743.604
8781.004
8846.375
8799.027
8809.601
8751.366
8706.154
8807.673
8816.476
8812.257
8813.507
8711.519
8811.215
8814.288
8742.251
8905.652
8815.539
8780.848
8744.074
8744.594
8807.569
8794.756
8834.135
8837.051
8814.601
8749.595
8817.101
8947.271
8799.287
8746.313
8792.516
8763.398
8841.687
8781.317
8810.070
8809.809
8812.309
8809.549
8734.646
8809.184
8913.933
8809.652
8811.320
8823.821
8957.740
8713.862
8882.732
8823.300
8763.919
8851.897
8792.985
8754.179
8780.119
8743.969
8818.820
8967.325
8717.092
8818.924
8814.132
8814.392
8814.965
8778.035
8747.772
8811.684
8824.237
8812.257
8783.348
8776.160
8812.570
8825.748
8782.619
8839.916
8711.519
8819.081
9137.445
8806.163
8819.497
8810.590
8805.538
8724.800
8820.122
8802.933
8768.191
8735.219
8773.659
8833.353
8811.580
8806.893
8826.842
8804.131
8738.292
8808.299
8812.830
8828.352
8817.831
8837.572
8742.667
8811.320
8825.748
8811.788
8782.567
8752.355
8752.304
8753.450
8806.996
8796.995
8817.361
8828.404
8741.469
8808.247
8773.451
8803.871
8812.830
8967.741
8956.542
8811.580
8742.458
8712.664
8864.138
8754.752
8742.094
8822.414
8703.028
9383.823
8713.341
8869.606
8778.868
8807.048
8804.288
8776.316
8748.918
8804.600
8814.653
8737.667
8792.619
8758.814
8821.112
8827.780
8824.550
8821.269
8777.462
8805.694
8740.844
8802.152
8731.312
8813.872
8813.091
8753.346
8815.278
8808.350
8768.972
8808.559
8819.341
8750.064
9029.206
8752.720
8723.082
8809.184
8754.543
8748.917
8780.222
8809.496
8809.756
8820.695
8825.800
8805.589
8791.109
8813.872
8806.788
8806.736
8816.008
8776.420
8736.573
8810.434
8802.152
8739.125
8802.413
8810.122
8843.042
8796.631
8818.195
8776.681
8815.330
8818.820
8759.231
8750.168
8852.625
8711.518
8761.471
8809.861
8813.612
8774.546
8823.769
8827.884
8743.449
8831.374
8710.321
8811.320
9237.663
8714.644
8821.373
8811.476
8802.152
8848.146
8799.860
8818.300
8808.872
8833.301
8853.772
8831.895
8802.308
8818.456
8814.340
8739.802
8822.154
8853.198
8825.019
8743.449
8809.132
8776.941
8746.887
8775.535
8831.634
9237.611
8742.250
8809.444
8749.074
8719.175
8804.548
8827.206
8821.216
8809.236
8830.124
9347.830
8817.414
8867.470
8772.097
8790.484
8748.032
8809.548
8809.392
8710.737
8814.549
8748.188
8743.448
8808.350
8713.549
8807.048
8804.287
8812.101
8811.007
8728.968
8744.647
8825.227
8809.079
8808.611
8709.122
8814.236
8814.393
8741.001
8820.070
8782.567
8747.876
8743.501
8815.904
8710.633
8828.613
8750.064
8807.985
8809.705
8780.483
8782.880
8810.226
8762.461
8811.424
8726.728
8738.344
8772.983
8829.394
8776.576
8783.296
8743.813
8811.476
8812.569
8810.851
8786.474
8821.217
8817.570
8812.101
8738.448
8843.302
8786.786
8802.882
8827.415
8816.633
8816.372
8717.196
8807.986
8802.100
8812.205
8738.136
8806.163
8819.081
8750.429
8746.626
8934.769
8814.549
8783.244
8748.345
8808.507
9190.210
8814.862
8817.050
8737.198
8807.361
8813.403
8742.876
8768.347
8808.403
8856.428
8764.284
8741.313
8829.186
8836.062
8771.577
8817.258
8809.236
8823.300
8819.862
8815.799
8799.131
8825.019
8811.632
8812.361
8844.656
8812.309
9043.842
8791.005
8816.164
8806.371
8742.875
8773.138
8778.712
8758.867
8771.212
8818.508
8825.280
8719.071
8806.736
