466891.492
467245.017
467334.974
467347.111
467309.660
467420.036
467340.237
467352.842
467331.904
467437.019
467395.140
467340.916
467358.106
467407.590
467319.353
467348.054
467417.228
467397.696
467426.449
467359.725
467455.307
467346.130
467501.198
467462.601
467425.410
467402.179
467602.303
467426.193
467427.495
467485.106
467405.932
467503.286
467525.632
467394.057
467433.281
467473.858
467369.681
467495.319
467452.399
467410.468
467444.794
467488.185
467434.952
467522.617
467424.117
467538.973
467495.532
467448.028
467473.916
467484.178
467470.011
467495.742
467590.075
467541.425
467506.995
467505.432
467483.557
467514.080
467378.495
467545.855
467456.576
467537.418
467545.909
467603.623
467544.452
467565.600
467504.240
467525.128
467481.218
467551.121
467608.627
467491.325
467494.033
467489.867
467526.902
467456.167
467540.237
467467.628
467569.147
467504.454
467561.596
467485.860
467439.242
467453.358
467512.635
467590.508
467503.207
467438.567
467388.094
467508.209
467503.106
467520.190
467479.198
467513.525
467455.447
467523.943
467553.478
467486.180
467493.786
467574.263
467506.652
467466.284
467559.471
467533.218
467478.943
467479.725
467505.561
467496.602
467558.171
467546.035
467505.615
467517.700
467521.242
467568.487
467433.214
467532.079
467564.685
467579.896
467545.362
467585.418
467579.376
467473.899
467495.776
467537.447
467516.351
467639.697
467505.779
467532.969
467555.680
467426.970
467538.700
467567.766
467521.200
467538.857
467545.265
467493.802
467525.420
467510.679
467526.047
467614.492
467566.885
467585.115
467525.319
467510.891
467508.131
467513.548
467442.864
467480.368
467460.106
467507.195
467559.388
467558.294
467509.124
467545.065
467528.814
467507.145
467517.668
467455.423
467531.784
467528.347
467480.062
467535.432
467480.895
467437.715
467548.715
467451.259
467478.814
467515.746
467524.757
467501.005
467550.958
467550.646
467516.320
467509.758
467510.800
467495.955
467532.625
467466.109
467467.203
467427.148
467467.673
467487.571
467512.835
467523.253
467521.899
467462.102
467530.078
467556.487
467489.918
467522.526
467565.082
467535.653
467461.532
467513.881
467564.251
467563.887
467433.458
467411.685
467529.822
467537.427
467493.829
467491.070
467565.191
467485.133
467559.723
467510.553
467492.738
467598.635
467540.452
467468.154
467477.843
467579.676
467486.387
467513.994
467519.359
467525.401
467464.147
467550.926
467533.581
467575.512
467526.966
467569.158
467469.566
467554.627
467477.901
467513.894
467616.926
467408.937
467499.311
467409.719
467452.016
467508.324
467442.015
467507.543
467521.034
467436.704
467569.009
467476.864
467518.900
467526.453
467598.075
467598.596
467511.870
467479.367
467491.608
467570.888
467486.192
467426.291
467626.988
467463.899
467463.430
467514.687
467531.719
467534.532
467489.789
467517.656
467434.472
467536.357
467524.221
467568.028
467472.029
467504.325
467467.707
467544.120
467576.364
467519.432
467558.915
467519.380
467536.102
467559.176
467428.331
467528.967
467444.167
467469.638
467489.068
467583.296
467470.994
467448.545
467461.515
467534.126
467580.121
467578.402
467561.162
467550.171
467568.975
467517.044
467533.660
467512.773
467494.438
467518.660
467497.773
467567.051
467503.555
467472.928
467457.041
467506.056
467523.038
467421.049
467548.093
467525.070
467530.332
467530.332
467514.914
467491.475
467464.650
467493.767
467556.795
467416.001
467600.394
467478.455
467487.155
467458.871
467593.676
467484.239
467472.884
467504.397
467434.495
467497.575
467491.897
467533.464
467495.336
467507.993
467549.404
467461.792
467505.755
467563.261
467518.934
467519.195
467451.741
467494.194
467498.777
467459.920
467562.118
467438.773
467612.384
467483.882
467447.993
467464.350
467472.579
467539.774
467447.943
467411.065
467553.944
467462.841
467536.078
467562.800
467500.450
467517.171
467549.987
467556.394
467573.272
467553.634
467534.310
467512.849
467455.657
467528.581
467598.848
467478.993
467449.929
467515.248
467473.994
467309.968
467476.495
467446.597
467487.487
467550.618
467526.293
467482.747
467497.020
467532.389
467441.859
467519.628
467464.622
467469.259
467481.291
467502.232
467525.307
467480.564
467515.568
467508.952
467512.443
467483.429
467541.769
467519.840
467473.795
467505.465
467539.009
467526.717
467508.643
467557.555
467616.779
467483.850
467451.243
467502.394
467472.860
467538.492
467477.861
467489.685
467515.679
467575.216
467459.944
467453.486
467478.333
467497.709
467510.836
467577.614
467551.206
467525.475
467444.008
467531.100
467574.698
467517.193
467541.571
467507.246
467489.379
467509.642
467503.392
467512.248
467490.631
467485.058
467484.016
467568.973
467448.544
467496.727
467516.572
467522.720
467515.011
467437.087
467556.422
467549.286
467554.651
467540.848
467487.614
467528.400
467532.776
467547.777
467497.252
467535.746
467513.400
467420.371
467523.402
467473.189
467522.465
467665.188
467507.569
467464.387
467484.546
467482.411
467489.443
467451.679
467568.618
467504.446
467395.112
467540.908
467518.979
467451.994
467491.269
467515.126
467454.755
467481.321
467515.387
467451.371
467553.255
467559.350
467535.963
467463.457
467549.871
467517.056
467476.584
467470.438
467536.694
467532.527
467536.070
467530.653
467457.365
467590.868
467550.344
467535.446
467470.545
467444.293
467542.010
467508.675
467442.627
467506.591
467476.172
467547.065
467539.200
467490.028
467448.098
467438.513
467484.664
467421.429
467472.007
467419.346
467508.522
467539.306
467580.561
467506.544
467490.761
467475.500
467416.328
467552.070
467453.467
467720.004
467424.559
467516.704
467540.248
467501.859
467476.284
467451.959
467429.196
467503.475
467470.868
467502.590
467525.614
467549.991
467481.912
467505.664
467580.984
467531.918
467477.902
467495.196
467495.457
467494.727
467517.022
467543.795
467541.296
467487.072
467559.892
467516.190
467519.889
467473.322
467536.818
467513.066
467508.222
467558.592
467496.919
467479.157
467529.787
467513.380
467524.059
467570.886
467611.932
467174.130
467536.873
467552.605
467503.121
467431.865
467482.963
467511.716
467489.683
467573.286
467473.745
467430.304
467458.380
467560.369
467489.425
467546.202
467519.168
467532.139
467498.125
467613.918
467542.452
467457.184
467506.408
467579.436
467538.652
467464.582
467433.955
467485.105
467473.021
467401.765
467476.147
467578.397
467489.743
467464.897
467430.102
467483.910
467476.930
467498.443
467467.034
467453.023
467413.643
467508.913
467506.674
467491.830
467468.182
467512.822
467490.528
467501.780
467544.440
467460.683
467468.495
467500.218
467528.034
467417.919
467497.145
467436.516
467423.545
467450.215
467487.354
467471.207
467497.876
467402.660
467541.111
467464.072
467550.488
467538.246
467459.072
467519.078
467475.429
467464.595
467481.003
467475.325
467517.413
467581.899
467501.840
467460.325
467555.856
467568.617
467511.998
467476.578
467476.734
467490.746
467520.073
467532.679
467470.954
467492.311
467557.786
467532.210
467502.885
467589.508
467479.707
467497.312
467545.078
467503.564
467487.624
467495.647
467538.880
467500.232
467422.307
467486.793
467527.161
467545.289
467491.378
467505.129
467484.242
467497.108
467572.636
467508.099
467485.181
467507.735
467484.295
467500.443
467547.375
467557.480
467480.703
467568.367
467452.315
467507.217
467503.570
467493.726
467487.163
467450.181
467499.769
467507.687
467495.030
467480.393
467555.296
467581.029
467497.999
467480.186
467536.910
467487.270
467506.387
467519.670
467476.749
467465.655
467545.610
467524.932
467520.557
467538.944
467403.567
467480.553
467575.407
467555.301
467524.465
467509.151
467466.492
467518.996
467419.039
467554.990
467533.322
467504.673
467575.982
467548.740
467490.402
467476.963
467554.263
467492.434
467522.437
467520.562
467580.204
467468.631
467402.530
467448.004
467462.016
467433.629
467499.260
467481.289
467480.612
467562.027
467509.158
467598.333
467496.449
467573.852
467460.977
467538.745
467505.096
467423.110
467518.484
467536.090
467548.330
467530.725
467497.493
467477.283
467474.575
467492.910
467538.957
467467.179
467491.660
467573.804
467521.507
467535.780
467568.127
467519.061
467507.810
467520.103
467533.021
467602.038
467491.038
467477.964
467470.516
467520.417
467442.753
467497.810
467518.907
467497.864
467500.624
467522.294
467503.750
467514.221
467598.916
467433.067
467460.726
467480.364
467515.680
467396.554
467524.067
467541.517
467520.733
467574.333
467577.458
467463.489
467516.150
467469.063
467504.223
467504.640
467519.538
467477.971
467444.427
467571.835
467475.472
467475.837
467544.958
467431.249
467543.709
467520.946
467508.862
467474.067
467555.742
467599.496
467456.619
467543.085
467578.974
467560.639
467522.980
467474.225
467502.718
467455.369
467436.774
467454.433
467489.801
467466.882
467587.988
467476.728
467481.520
467510.169
467488.812
467536.891
467575.175
467509.909
467484.854
467537.048
467521.265
467514.494
467422.871
467486.680
467473.449
467491.055
467594.972
467538.612
467514.131
467432.717
467559.552
467435.843
467382.661
467532.936
467403.132
467492.047
467555.283
467526.739
467493.454
467502.726
467429.959
467499.601
467457.983
467574.713
467446.680
467465.380
467459.860
467567.787
467553.046
467531.689
467598.572
467380.582
467517.626
467548.671
467443.922
467483.978
467457.778
467534.973
467487.208
467576.280
467559.247
467469.134
467513.045
467559.612
467609.669
467485.126
467488.929
467481.949
467488.878
467547.425
467432.726
467513.203
467542.998
467490.649
467416.216
467458.459
467539.822
467509.558
467430.697
467556.230
467517.217
467505.080
467610.715
467582.015
467497.996
467469.348
467553.263
467494.038
467465.495
467527.584
467558.681
467488.778
467485.601
467520.032
467494.405
467529.512
467689.424
467470.757
467502.531
467479.664
467438.411
467529.566
467568.996
467527.900
467513.887
467591.709
467547.433
467530.140
467470.291
467504.409
467497.794
467449.769
467571.656
467560.457
467528.527
467473.886
467476.439
467565.354
467514.933
467433.310
467503.056
467480.451
467473.002
467385.911
467550.146
467558.740
467518.998
467528.165
467525.769
467589.890
467528.635
467497.069
467509.102
467425.448
467563.430
467459.253
467571.817
467555.149
467463.004
467508.166
467493.529
467501.967
467441.598
467591.352
467535.148
467486.550
467526.658
467560.360
467540.619
467560.829
467556.715
467512.075
467473.894
467531.921
467573.904
467543.485
467570.207
467479.885
467549.580
467466.707
467529.579
467510.410
467448.998
467539.684
467517.755
467456.239
467542.237
467552.187
467465.356
467528.590
467596.879
467580.471
467506.558
467498.432
467506.037
467483.275
467507.652
467608.548
467495.413
467449.210
467591.672
467499.059
467449.107
467464.472
467538.230
467479.995
467460.410
467564.536
467498.904
467510.989
467557.243
467469.579
467550.941
467510.469
467562.297
467436.139
467486.144
467487.759
467562.975
467541.515
467495.313
467556.413
467432.807
467492.500
467464.790
467517.399
467520.368
467563.862
467463.436
467498.961
467495.471
467470.313
467513.598
467530.422
467406.192
467437.393
