1476.393
1371.278
1370.288
1369.923
1405.708
1406.177
1404.719
1371.747
1372.007
1370.861
1370.132
1369.872
1407.115
1404.354
1405.344
1371.746
1372.476
1368.726
1370.392
1370.288
1408.677
1405.135
1403.572
1371.539
1371.174
1370.809
1368.465
1371.903
1406.281
1408.000
1405.395
1372.111
1370.914
1369.923
1370.236
1369.923
1404.354
1403.052
1400.499
1371.174
1370.809
1371.018
1370.184
1403.989
1406.021
1405.239
1370.966
1369.090
1369.455
1370.549
1369.559
1405.969
1405.760
1405.031
1371.069
1371.434
1370.757
1370.393
1369.924
1405.812
1405.604
1405.396
1373.205
1369.715
1370.653
1372.424
1369.715
1406.229
1403.833
1405.188
1371.225
1371.434
1370.392
1369.455
1368.986
1406.698
1404.406
1405.812
1371.694
1373.049
1370.809
1370.184
1369.559
1405.760
1406.385
1402.948
1370.444
1371.018
1368.569
1369.194
1369.872
1406.490
1403.521
1401.594
1371.694
1369.143
1369.819
1370.028
1367.736
1404.354
1402.427
1371.069
1370.600
1370.445
1369.716
1369.350
1405.604
1405.552
1405.083
1370.444
1368.882
1370.288
1370.497
1369.299
1405.708
1405.292
1405.031
1372.059
1370.705
1370.652
1370.080
1368.986
1404.823
1405.343
1400.604
1369.871
1370.809
1372.007
1370.028
1403.833
1403.625
1406.646
1407.323
1371.122
1371.174
1371.122
1369.611
1407.375
1405.969
1406.386
1372.007
1369.299
1371.330
1370.549
1369.663
1407.480
1405.604
1404.979
1371.643
1371.591
1370.445
1370.236
1369.871
1405.656
1405.500
1405.656
1372.267
1371.174
1370.392
1370.600
1371.070
1406.177
1407.271
1404.614
1371.850
1370.861
1368.673
1368.309
1369.559
1405.552
1403.208
1401.645
1370.965
1370.132
1370.341
1369.402
1368.048
1405.396
1402.948
1371.174
1369.559
1371.173
1368.465
1369.194
1405.084
1407.062
1403.677
1371.850
1369.351
1369.455
1369.871
1369.143
1406.750
1404.250
1402.375
1371.070
1370.080
1369.767
1367.423
1403.624
1404.198
1403.781
1369.507
1371.278
1370.809
1371.382
1367.892
1403.052
1403.833
1402.635
1371.539
1369.090
1370.236
1370.132
1370.861
1405.240
1406.750
1405.656
1369.455
1369.038
1369.350
1369.246
1368.361
1404.822
1406.646
1371.955
1371.487
1371.330
1370.497
1370.705
1406.541
1405.656
1403.990
1371.173
1371.018
1370.653
1370.809
1367.736
1405.968
1403.417
1405.396
1371.226
1370.288
1369.403
1371.017
1369.194
1407.583
1406.698
1404.719
1370.080
1372.424
1370.080
1369.819
1369.247
1406.646
1404.563
1402.895
1371.590
1371.121
1370.809
1369.246
1369.663
1406.542
1405.552
1396.801
1370.757
1370.705
1370.028
1369.090
1369.402
1405.604
1404.875
1406.802
1371.017
1368.830
1370.757
1370.080
1406.229
1406.959
1406.281
1371.746
1371.174
1370.600
1370.497
1369.559
1406.177
1404.354
1405.395
1369.559
1372.841
1370.705
1369.559
1368.673
1405.187
1403.000
1401.593
1370.965
1368.934
1370.340
1368.725
1369.767
1405.343
1406.490
1398.989
1370.497
1370.497
1369.038
1369.976
1404.874
1404.875
1404.822
1371.539
1371.591
1370.601
1370.184
1370.132
1405.864
1406.177
1405.396
1372.215
1371.174
1370.548
1370.340
1369.716
1407.375
1403.937
1405.447
1372.060
1371.486
1369.924
1370.132
1369.559
1407.896
1403.572
1403.677
1370.393
1369.559
1368.986
1369.715
1369.039
1405.240
1403.886
1399.458
1369.455
1370.549
1368.934
1369.715
1407.167
1407.063
1404.875
1372.528
1371.486
1370.757
1370.496
1369.976
1370.653
1406.020
1404.354
1369.663
1370.601
1370.028
1369.768
1368.413
1403.156
1403.833
1404.354
1370.809
1372.320
1370.184
1370.341
1368.517
1408.209
1405.708
1404.146
1371.851
1372.268
1370.653
1369.872
1369.767
1406.594
1406.959
1405.031
1371.590
1370.705
1368.725
1370.028
1369.403
1406.542
1406.073
1404.823
1371.590
1370.444
1372.633
1369.507
1370.862
1406.125
1404.250
1400.864
1371.746
1372.268
1369.038
1367.788
1405.760
1404.719
1401.853
1371.643
1369.455
1370.653
1369.402
1367.476
1404.354
1404.407
1406.750
1371.069
1371.174
1369.924
1368.153
1367.944
1405.344
1404.250
1406.698
1371.278
1370.392
1368.204
1369.195
1404.511
1403.677
1405.604
1369.403
1372.528
1371.121
1369.768
1369.350
1403.833
1407.219
1399.926
1371.174
1371.590
1370.236
1369.611
1370.080
1407.114
1405.916
1399.197
1371.643
1370.652
1371.330
1370.132
1367.632
1403.937
1402.583
1407.323
1370.549
1370.653
1369.247
1371.070
1403.937
1405.396
1404.875
1371.851
1369.090
1370.653
1371.903
1370.184
1405.812
1405.552
1406.386
1371.226
1371.330
1370.653
1371.642
1371.070
1405.656
1408.730
1405.500
1371.694
1370.600
1370.862
1369.871
1369.350
1406.177
1406.021
1404.875
1371.642
1371.174
1368.778
1369.976
1370.704
1404.823
1404.823
1402.947
1370.757
1370.913
1368.413
1368.101
1406.229
1403.885
1405.240
1370.548
1371.122
1371.591
1369.455
1369.507
1405.552
1407.115
1404.823
1371.747
1371.122
1369.768
1369.767
1368.986
1405.604
1403.104
1404.822
1372.320
1370.861
1370.496
1370.861
1370.237
1407.531
1407.115
1406.593
1371.173
1370.810
1371.226
1370.288
1368.413
1404.614
1410.188
1405.657
1372.528
1372.528
1370.914
1370.549
1370.028
1408.000
1403.521
1406.021
1369.663
1370.913
1370.653
1370.288
1369.715
1406.855
1406.177
1405.083
1371.851
1372.372
1371.226
1369.506
1369.350
1405.500
1406.594
1405.761
1370.549
1368.778
1370.601
1369.871
1369.246
1405.500
1403.052
1403.989
1371.955
1370.549
1370.236
1367.840
1369.872
1405.760
1403.729
1399.301
1372.789
1370.705
1369.820
1370.028
1406.489
1406.125
1404.979
1402.426
1372.319
1371.122
1370.653
1368.882
1404.771
1404.718
1406.229
1373.257
1371.799
1373.361
1369.664
1369.612
1405.917
1406.490
1404.927
1373.465
1369.454
1370.028
1370.132
1369.819
1407.167
1407.063
1404.927
1371.590
1370.184
1370.548
1369.039
1368.309
1405.604
1402.375
1405.239
1369.716
1371.695
1370.497
1370.392
1370.184
1404.875
1404.406
1400.135
1372.997
1368.882
1371.226
1372.319
1369.142
1407.740
1406.386
1397.270
1371.330
1370.549
1368.570
1369.403
1400.812
1406.177
1405.812
1401.958
1371.382
1370.444
1369.716
1368.153
1404.927
1404.927
1406.490
1371.643
1369.455
1370.757
1367.892
1371.018
1407.376
1404.562
1405.291
1372.267
1371.747
1368.726
1370.237
1369.872
1406.490
1406.073
1404.511
1371.174
1370.444
1370.496
1368.517
1370.340
1405.083
1405.292
1405.552
1370.601
1370.653
1370.653
1369.923
1367.736
1405.083
1405.031
1397.947
1371.122
1368.778
1370.028
1369.663
1407.844
1406.958
1405.917
1371.643
1371.278
1370.809
1368.309
1370.080
1406.281
1406.020
1404.823
1370.810
1372.320
1370.444
1370.340
1370.914
1406.593
1407.114
1406.437
1371.851
1369.403
1370.132
1369.924
1368.465
1405.864
1407.010
1405.604
1371.487
1370.653
1370.132
1371.643
1370.236
1406.594
1407.323
1406.073
1369.819
1371.226
1371.538
1370.497
1369.246
1406.333
1402.167
1404.459
1372.216
1370.236
1370.341
1370.028
1367.996
1407.792
1406.854
1404.093
1369.820
1370.653
1370.653
1369.976
1369.559
1406.750
1406.021
1401.905
1371.330
1372.320
1370.705
1369.507
1405.187
1405.239
1403.468
1371.382
1371.121
1370.444
1369.663
1369.246
1406.178
1402.218
1403.156
1371.747
1368.934
1370.757
1369.715
1369.142
1404.093
1403.677
1407.427
1370.913
1371.278
1368.569
1369.767
1369.976
1406.646
1403.886
1399.197
1372.841
1370.861
1370.340
1370.965
1371.017
1406.698
1404.823
1402.062
1370.237
1368.830
1370.653
1370.132
1405.343
1405.239
1406.177
1371.122
1370.757
1370.496
1369.819
1369.716
1406.021
1406.021
1404.874
1369.559
1371.538
1370.809
1371.643
1369.663
1406.594
1406.334
1403.625
1371.382
1371.173
1368.517
1368.413
1371.017
1406.802
1406.021
1404.563
1371.903
1369.611
1370.601
1370.184
1369.663
1406.854
1407.167
1405.187
1372.320
1371.174
1370.861
1368.204
1369.507
1406.072
1405.813
1402.948
1371.330
1370.653
1370.913
1369.872
1367.371
1405.865
1405.135
1400.030
1371.174
1370.496
1370.080
1369.715
1371.486
1403.781
1403.573
1401.645
1371.434
1369.350
1370.444
1370.341
1404.563
1405.187
1403.834
1371.278
1370.132
1370.914
1369.507
1370.288
1405.240
1407.010
1404.302
1370.861
1370.809
1370.757
1369.820
1369.976
1405.031
1405.343
1406.177
1371.590
1371.434
1370.288
1369.663
1369.507
1404.927
1403.989
1400.447
1371.226
1370.653
1369.403
1369.403
1403.312
1405.083
1406.490
1371.695
1370.913
1370.862
1371.018
1368.674
1406.854
1406.281
1405.500
1371.017
1369.350
1369.142
1367.996
1368.882
1405.083
1405.812
1405.344
1371.590
1371.382
1370.757
1369.923
1369.038
1406.437
1406.125
1405.917
1372.059
1372.372
1370.757
1368.048
1370.027
1405.604
1405.187
1404.302
1372.789
1369.038
1370.340
1371.122
1367.788
1406.073
1405.656
1397.947
1370.861
1372.163
1371.538
1368.466
1369.923
1408.990
1404.094
1400.499
1372.268
1372.060
1369.143
1369.195
1405.760
1403.416
1406.593
1370.861
1371.122
1370.705
1369.872
1369.559
1404.354
1406.646
1403.573
1370.966
1370.965
1370.653
1369.767
1369.559
1404.042
1404.406
1403.833
1372.007
1370.549
1369.142
1369.038
1369.767
1406.125
1405.344
1401.489
1371.174
1368.882
1370.340
1369.664
1370.757
1406.542
1406.073
1398.676
1369.559
1370.549
1370.237
1368.725
1405.292
1405.396
1406.386
1370.862
1370.861
1368.986
1370.184
1370.497
1406.281
1405.656
1403.625
1372.112
1370.861
1371.330
1368.621
1370.184
1406.438
1406.594
1407.271
1371.382
1369.350
1370.340
1371.486
1370.184
1405.396
1407.166
1406.334
1371.695
1371.747
1370.861
1370.445
1369.559
1405.865
1403.729
