1563007.892
1560240.271
1557166.057
1557732.307
1557482.279
1557428.364
1557545.663
1557630.094
1557415.018
1557609.981
1557333.909
1557535.852
1557650.651
1557614.706
1557409.890
1557516.096
1557454.315
1557610.525
1557722.095
1558004.411
1558213.543
1557963.045
1558305.992
1558428.345
1558145.136
1557947.770
1558194.873
1558119.499
1557950.206
1558321.490
1558247.938
1558185.272
1557970.664
1558160.366
1558050.092
1558332.304
1558289.276
1558374.228
1562213.094
1562479.575
1562593.177
1562353.150
1559064.436
1558049.905
1557901.502
1558143.554
1558318.151
1557958.893
1558119.114
1557950.657
1557980.083
1558334.073
1558430.277
1558016.432
1558110.187
1558392.191
1558081.480
1558271.861
1558067.775
1558286.647
1558165.278
1557853.108
1557954.209
1558224.754
1558177.402
1557987.276
1558460.914
1558089.364
1558127.073
1558288.752
1558075.394
1558192.487
1558163.522
1558008.035
1558127.575
1558156.325
1558041.988
1557959.268
1564070.025
1563683.786
1563762.020
1564271.338
1563958.439
1564487.187
1563886.916
1563952.805
1563933.164
1564444.671
1563993.165
1563799.862
1564052.228
1564218.491
1563856.837
1564325.735
1563694.420
1564287.653
1564120.290
1564076.273
1564202.480
1564028.137
1564168.513
1564387.542
1564173.194
1563991.507
1564209.860
1563875.865
1564305.071
1564041.189
1564204.119
1563840.538
1564124.470
1563861.577
1564009.869
1564201.083
1563760.777
1564201.495
1563906.620
1563841.194
1564258.316
1564162.627
1564282.115
1564235.910
1564160.326
1564137.509
1563831.070
1563829.818
1564281.838
1563968.055
1563872.782
1563909.919
1564037.534
1564407.046
1564212.129
1564075.289
1563797.030
1563974.962
1564090.180
1564268.736
1563833.483
1564099.548
1564302.482
1564093.500
1563973.383
1564026.458
1563830.082
1563847.477
1564104.948
1563808.458
1564223.079
1563840.332
1563985.811
1564233.751
1566002.881
1566768.006
1563811.879
1564226.605
1563915.791
1563852.970
1563470.794
1563896.302
1564312.539
1564274.252
1564388.531
1564096.782
1564169.339
1564018.697
1564081.825
1564259.809
1564177.716
1564202.195
1564206.933
1564450.964
1564261.309
1564005.396
1564176.504
1564471.426
1564409.439
1564471.683
1564444.647
1563926.000
1564178.470
1564253.892
1564443.960
1564123.926
1564149.969
1564247.789
1563950.206
1563948.328
1564056.253
1563904.570
1563752.573
1563873.312
1564136.981
1564083.016
1564015.246
1564274.124
1564211.772
1564391.319
1563757.505
1564433.767
1564364.175
1564333.128
1563932.461
1564122.686
1564291.399
1563436.313
1564238.213
1564077.518
1564046.106
1564045.583
1563854.000
1564318.783
1564263.412
1564059.744
1563994.266
1563982.336
1564197.564
1563728.609
1564167.505
1563864.816
1564353.821
1564054.154
1564288.707
1564252.608
1564075.505
1564235.675
1564089.409
1564237.338
1563869.539
1564048.461
1564216.184
1563916.934
1564106.378
1564040.588
1564390.517
1564116.634
1564337.956
1564098.816
1567265.220
1564100.218
1564418.009
1564171.941
1563977.440
1564185.480
1564133.806
1563797.418
1564207.404
1564335.852
1564168.386
1564039.986
1564206.095
1563845.432
1564223.384
1564067.691
1563673.014
1564215.410
1564270.310
1564209.312
1564102.893
1564252.177
1564277.178
1564012.254
1564419.324
1564147.576
1564193.933
1563949.689
1565209.343
1564050.321
1563970.728
1564127.200
1563886.549
1564097.923
1564127.039
1564157.770
1564114.951
1564126.774
1564302.206
1564124.270
1564256.677
1564219.484
1564189.063
1564201.406
1564385.121
1564283.026
1564208.277
1564164.104
1564297.189
1564256.663
1564086.592
1563958.088
1564006.217
1564409.067
1564035.123
1563715.923
1564239.671
1563786.760
1564344.522
1564104.548
1564122.882
1564097.983
1564127.203
1563957.966
1564040.264
1564197.831
1564314.611
1564283.253
1564241.423
1563780.908
1564047.964
1563955.297
1564287.516
1564122.707
1564331.944
1564060.927
1564020.453
1563951.903
1564156.505
1563636.609
1564581.908
1563910.122
1563775.159
1564314.377
1564135.609
1564280.882
1564029.866
1564680.450
1564751.758
1564178.262
1563898.181
1564026.161
1564200.552
1563448.758
1564143.148
1564149.345
1563860.617
1564274.302
1564196.064
1563984.167
1564275.809
1564070.475
1564172.567
1564177.566
1563972.284
1564325.234
1564059.790
1564218.346
1564306.530
1563827.315
1564055.774
1564225.841
1564151.770
1564082.856
1564414.346
1564012.222
1564148.171
1564132.855
1564288.026
1564218.799
1564215.048
1564057.635
1564193.167
1564133.056
1564301.978
1563895.530
1564212.852
1563871.567
1563867.452
1563968.709
1564218.733
1564609.187
1564229.617
1564271.495
1564248.887
1563861.660
1564007.247
1564154.813
1564424.421
1564069.124
1564168.976
1563993.072
1564617.613
1567497.269
1563826.126
1564411.338
1564039.790
1563865.240
1564147.975
1563991.657
1564072.861
1564089.529
1564437.531
1563716.834
1563804.393
1564490.709
1564034.466
1564407.731
1564253.600
1564319.594
1564618.216
1564294.746
1564002.737
1564139.051
1564439.027
1564264.583
1564093.158
1563947.205
1563916.159
1564066.902
1564241.919
1564596.848
1564230.508
1564512.619
1564567.519
1564343.121
1563761.083
1564740.346
1564300.926
1564013.501
1563951.879
1565126.577
1564424.007
1563989.952
1564131.579
1564069.229
1564562.089
1564091.365
1564355.191
1564423.427
1564263.253
1564632.194
1564328.831
1563952.855
1564373.416
1564177.198
1564007.129
1564221.367
1564062.861
1563970.820
1563953.317
1564150.627
1564638.226
1564127.654
1564359.082
1564134.840
1564193.231
1564275.582
1564106.136
1564350.743
1564288.496
1564059.046
1563920.646
1564046.230
1564352.562
1563906.892
1564150.300
1564102.013
1563982.834
1564149.151
1564187.696
1564284.371
1564677.117
1564199.881
1564032.729
1564067.367
1564149.457
1564037.883
1564154.612
1564103.616
1564227.586
1563971.831
1564391.038
1564152.055
1564212.946
1564011.571
1563994.381
1564196.170
1564202.316
1563888.587
1564184.396
1563919.056
1563591.680
1564110.896
1563765.341
1564103.030
1563889.935
1564055.783
1564308.620
1563941.604
1563967.126
1564306.482
1564064.322
1563850.498
1563975.509
1564582.496
1563545.257
1564297.986
1564544.364
1564160.627
1563872.578
1564408.567
1564048.791
1564180.314
1564237.662
1564347.568
1564213.335
1564023.108
1564297.092
1563977.372
1564125.406
1564116.082
1564011.331
1564127.905
1563911.529
1563928.613
1564290.575
1564201.190
1564199.158
1564270.362
1563851.882
1564599.716
1564328.750
1564093.883
1564418.602
1563915.427
1563986.006
1564002.673
1564204.046
1564113.672
1564415.524
1564515.898
1564051.372
1564097.782
1563939.745
1564282.955
1563879.425
1563979.955
1564008.655
1564026.052
1564413.798
1564193.462
1564291.753
1564058.500
1564248.153
1564149.393
1564316.752
1564354.620
1564147.828
1564045.369
1564269.662
1564350.971
1564358.106
1564110.998
1564417.017
1563820.916
1564310.599
1564429.204
1564224.964
1564209.180
1564004.785
1564039.214
1568576.223
1568037.887
1564654.065
1564281.736
1564354.607
1564142.763
1564101.456
1564049.679
1564252.823
1563927.113
1563918.675
1564110.255
1564327.150
1564059.207
1563863.719
1564025.765
1564404.864
1563912.159
1564142.129
1564171.558
1564087.643
1564285.266
1564242.188
1564237.344
1563874.442
1563850.116
1564148.166
1564344.904
1564037.216
1564468.717
1563891.836
1564233.067
1564060.549
1564270.257
1563878.030
1563759.425
1564379.849
1564079.507
1563889.019
1563972.464
1564440.426
1564351.146
1564222.643
1563976.836
1564226.183
1564201.337
1563888.702
1563828.591
1564277.904
1567667.352
1568673.492
1568224.072
1565310.036
1564113.459
1564396.299
1564497.141
1564218.624
1564227.062
1564392.650
1564298.630
1563905.569
1564300.140
1564162.781
1564007.609
1564534.952
1563856.031
1564009.900
1564141.892
1564282.946
1564305.292
1563895.251
1564333.834
1564129.179
1564157.254
1563765.027
1563626.471
1563781.017
1563687.779
1563825.552
1563796.017
1565315.384
1564103.286
1564194.805
1563965.355
1564140.319
1563932.381
1564258.976
1564197.303
1563988.584
1564352.317
1563979.259
1564145.108
1564592.026
1564142.502
1564380.285
1563965.140
1563972.849
1564070.930
1563853.409
1564252.614
1563956.022
1564087.857
1564058.427
1564210.681
1564397.210
1564272.145
1564043.945
1563857.311
1564209.689
1564104.835
1564467.161
1564205.624
1564242.815
1564048.629
1564067.693
1563980.600
1564056.962
1564232.447
1564332.873
1564303.183
1564372.303
1564098.578
1564266.354
1564379.334
1564227.964
1563724.164
1563989.867
1564196.814
1563732.133
1563946.164
1564196.396
1564180.717
1563885.896
1563931.056
1563955.746
1564047.420
1564114.563
1564031.064
1564002.311
1563719.627
1563719.105
1563858.545
1564145.605
1563832.656
1564021.997
1564199.515
1563996.786
1563952.979
1564253.008
1564156.072
1563798.952
1563659.146
1563647.374
1564191.386
1564446.357
1563704.826
1563992.823
1564158.829
1564117.730
1564253.941
1568746.725
1565236.016
1564015.166
1564117.312
1564027.823
1564047.460
1564091.891
1564076.837
1564715.753
1564345.925
1564215.026
1563686.276
1564314.775
1564378.635
1563992.138
1564215.129
1564061.311
1564021.463
1564145.902
1564420.720
1564280.550
1563954.580
1564047.610
1564533.230
1563890.198
1564464.941
1564235.803
1564309.665
1564166.421
1564063.598
1564047.346
1564047.554
1563852.014
1564495.827
1563990.099
1563945.147
1564322.944
1563955.824
1564412.535
1563836.854
1564243.976
1564053.748
1564007.286
1564197.356
1564172.353
1564423.783
1564233.348
1564239.181
1564519.208
1568122.531
1565471.228
1564426.906
1564431.647
1564192.404
1564213.864
1564394.038
1564428.364
1563763.141
1564136.042
1564178.390
1564061.190
1564177.920
1563973.629
1564205.839
1563981.234
1564126.352
1564151.562
1564421.641
1564021.965
1564080.825
1563925.757
1564091.450
1564107.233
1564297.720
1564331.421
1564266.362
1564128.900
1564149.318
1563975.342
1563871.322
1563944.610
1563869.342
1566104.092
1564199.842
1564215.729
1563821.523
1563835.847
1564263.806
1564347.512
1564202.497
1564378.139
1564293.339
1564184.265
1564147.126
1564083.317
1564012.945
1563967.784
1564615.244
1563956.811
1563988.152
1563973.008
1564109.700
1563815.674
1564035.396
1563681.415
1564018.076
1564129.974
1564253.591
1564127.551
1563860.871
1564121.742
1564290.520
1564044.415
1564029.895
1563816.136
1563854.747
1564062.174
1566103.006
1568234.263
1567060.726
1564376.107
1563784.812
1564148.870
1564224.514
1564035.967
1564025.925
1564630.317
1564386.869
1563913.084
1564059.622
1564058.695
1564031.778
1563983.086
1564195.982
1564032.593
1564005.467
1563997.041
1564071.642
1564106.657
1564051.924
1564059.070
1563984.440
1564048.415
1563882.526
1563875.973
1564028.968
1564255.772
1563815.792
1564273.972
1564452.438
1563836.192
1563714.525
1564137.076
1564019.837
1563975.572
1563891.409
1563795.733
1563764.959
1564153.393
1564218.878
1564104.347
1565667.892
1564130.413
1563856.022
1564193.095
1564154.196
1563973.147
1564220.630
1563909.776
1563964.689
1564111.900
1564110.921
1564154.737
1564109.014
1563841.083
1564007.462
1564263.486
1564220.211
1564135.526
1564123.451
1564349.941
1564120.242
1564318.083
1563894.824
1563961.819
1564257.691
1564024.397
1564193.068
1564338.197
1564229.758
1564226.799
1564305.878
1563820.425
1564775.423
1564380.706
1564207.158
1564281.080
1564382.819
1564249.691
1564242.146
1564558.802
1564262.324
1563982.359
1564265.676
1564356.423
1563994.055
1564408.426
1564019.961
1564245.147
1564239.844
1564366.167
1564189.544
1563822.904
1564305.147
1564053.726
1564237.866
1564453.730
1564155.325
1563857.857
1563933.915
1564146.236
1564320.950
1564276.266
1564183.089
1563877.287
1564155.760
1564405.116
1563901.534
1563880.812
1563857.120
1564662.310
1564261.447
1564236.765
1564034.202
1563866.486
1564136.157
1564211.693
1564385.572
1564013.722
1564198.956
1564114.269
1564932.585
1564300.554
1563616.798
1564070.912
1564469.969
1563997.953
1564289.656
1564369.984
1563938.336
1564045.751
1564215.254
1563981.594
1564262.097
1564182.307
1564386.448
1563748.635
1563978.925
1564111.341
1564530.608
1564014.420
1564040.108
1564422.027
1563980.795
1563928.871
1564136.242
1564307.048
1564182.303
1564213.877
1563726.493
1564073.254
1564280.260
1564384.757
1563507.389
1563909.934
1564097.564
1563959.120
1564082.630
1564085.711
1563740.893
