475838.731
467819.671
467723.515
467870.144
467783.886
467931.037
467493.234
467822.016
467839.569
467850.404
467814.880
467761.385
467683.513
467784.409
467799.619
467750.864
467707.319
467669.138
467757.220
467659.711
467832.905
467748.365
467766.180
467735.605
467680.859
467829.208
467766.805
467817.332
467810.560
467697.529
467714.406
467675.548
467176.541
467155.914
467095.961
467217.743
467230.766
467239.569
467199.044
467145.498
467138.101
467220.974
467169.251
467165.239
467158.052
467088.045
467195.192
467191.962
467163.731
467092.995
467197.796
467145.552
467110.862
467186.077
467214.726
467111.487
467159.252
467149.095
467184.047
467138.209
467060.285
467254.054
467181.130
467246.033
467194.257
467114.145
467176.547
467176.599
467292.236
467206.238
467220.823
467183.268
467182.382
467231.190
467123.419
467172.902
467278.851
467175.507
466923.244
466990.282
467260.569
467045.548
467217.179
467230.462
467180.301
467127.900
467191.032
467221.763
467189.573
467164.520
467174.729
467195.304
467202.597
467204.315
467179.157
467164.312
467199.263
467219.109
467148.061
467239.163
467235.830
467230.830
467283.335
467156.656
467206.297
467230.726
467149.990
467209.632
467138.114
467228.383
467205.100
467223.904
467184.265
467156.971
467209.736
467179.889
467130.926
467198.069
467149.627
467145.460
467201.090
467259.795
467196.663
467194.581
467192.341
467143.898
467350.117
467148.639
467170.880
467192.445
467159.734
467191.873
467177.444
467185.362
467254.119
467106.032
467223.908
467175.258
467142.442
467209.637
467186.093
467153.381
467231.722
467172.602
467128.952
467196.616
467241.464
467200.574
467127.911
467156.091
467211.878
467225.108
467190.783
467256.466
467147.393
467230.215
467195.731
467188.491
467197.972
467057.489
467206.983
467216.881
467188.961
467206.099
467208.755
467267.772
467250.114
467274.700
467216.986
467127.706
467223.706
467161.773
467219.174
467143.333
467193.755
467251.209
467094.163
467240.010
467234.177
466929.199
467203.705
467197.403
467161.566
467230.427
467224.698
467095.207
467170.369
467178.600
467230.845
467217.615
467224.230
467041.452
467206.728
467161.881
467190.790
467192.769
467222.564
467218.866
467169.226
467220.950
467194.906
467197.615
467182.770
467181.311
466890.554
467232.827
467206.627
467202.511
467151.726
467235.172
467197.095
467192.356
467176.885
467213.868
467256.685
467198.554
467162.301
467198.398
467170.739
467124.277
467219.755
467214.599
467107.400
467192.201
467120.997
467164.594
467127.560
467214.704
467174.179
467204.964
467116.726
467185.535
467217.361
467264.240
467222.466
467180.379
467218.351
467223.664
467199.652
467160.795
467188.193
467274.556
467256.689
467175.588
467083.964
467174.547
466937.857
467107.769
467186.371
467096.518
467151.941
467155.483
467154.702
467275.963
467201.842
467114.907
467168.401
467197.520
467174.340
467244.608
467231.950
467178.925
467185.019
467199.916
467240.857
467164.861
467160.121
467124.805
467219.450
467188.874
467196.272
467145.380
467191.115
467161.216
467279.353
467218.826
467162.623
467217.316
467225.338
467229.244
467131.631
467069.125
467152.259
467139.028
467220.754
467187.210
467204.399
467252.425
467168.250
467147.936
467125.122
467190.962
467153.614
467237.112
467112.256
467119.288
467274.980
467180.961
467206.224
467220.549
467154.813
467213.101
467228.362
467265.085
467139.552
467194.610
467152.210
467230.029
467219.873
467109.706
467176.015
467183.776
467144.710
467161.065
467178.776
467220.499
467215.811
467246.283
467193.361
467220.655
467174.558
467213.416
467203.155
467222.584
467130.596
467213.417
467213.990
467147.993
467192.373
467187.112
467201.749
467188.883
467238.315
467158.933
467037.203
467169.924
467180.706
467169.560
467129.035
467264.777
467260.142
467178.624
467259.309
467247.224
467211.857
467240.089
467152.215
467044.132
467218.785
467240.871
467235.089
467227.119
467157.686
467194.148
467167.635
467206.076
466937.613
467217.120
467126.485
467193.576
467100.910
467248.894
467174.616
467212.068
467148.051
467226.653
467110.860
467249.467
467159.303
467195.087
467116.382
467128.102
467291.087
467158.209
467183.889
467222.227
467122.113
467251.032
467142.271
467203.683
467238.948
467167.952
467213.998
467203.580
467233.167
467214.988
467211.810
467185.662
467190.976
467246.970
467152.690
467116.594
467240.356
467128.053
467112.114
467210.874
467198.633
467177.069
467232.334
467192.071
467165.245
467216.448
467233.690
467183.320
467300.832
467195.457
467216.345
467203.323
467276.090
467158.006
467182.227
467204.991
467234.055
467231.295
467143.787
467233.222
467175.665
467166.758
467221.607
467189.886
467206.815
467069.926
466935.695
467202.543
467142.642
467159.206
467199.315
467231.037
467269.425
467207.024
467205.618
467221.921
467179.157
467246.351
466953.979
467214.942
467201.764
467285.418
467153.895
467181.450
467196.034
466965.804
467148.270
467039.978
467135.248
467193.952
467198.223
467169.939
467203.588
467250.885
467211.871
467189.109
467221.091
467222.342
467155.199
467177.077
467195.881
467279.587
467178.171
467209.945
467207.809
467139.626
467175.098
467203.069
467175.359
467162.181
467207.654
467175.985
467223.073
467234.427
466977.632
467202.394
467207.082
467136.502
467163.328
467190.986
467195.987
467183.226
467223.282
467185.205
467239.430
467245.159
467202.708
467211.927
467209.166
467142.858
467219.480
467179.737
467234.326
467163.955
467223.440
467242.348
467194.844
467219.898
467159.216
467193.333
467188.228
467080.614
467203.387
467187.396
467144.475
467220.836
467267.872
467248.079
467240.527
467224.275
467356.163
467324.649
467219.952
467123.692
467146.351
467244.590
467202.347
467214.170
467211.515
467202.868
467179.064
467167.969
467226.256
467193.961
467205.890
467198.389
467196.514
467051.969
467196.670
467174.220
467226.101
466956.074
467202.349
467208.703
467147.135
467018.946
467149.218
467219.121
467166.877
467177.711
467084.629
467249.542
467215.164
467260.949
467235.530
467195.891
467064.993
467160.315
467206.882
467198.339
467231.364
467193.236
467271.159
467226.624
467146.981
467227.823
467239.074
467169.796
467177.089
467141.877
467221.989
467192.611
467203.654
467050.202
467177.663
467199.280
467224.646
467165.631
467249.857
467135.368
467181.049
467247.201
467254.285
467135.472
467246.212
467199.280
467118.647
467211.156
467212.980
467181.154
467197.353
467248.400
467224.544
467190.635
467206.262
467137.348
466972.593
467125.420
467217.409
467207.148
467157.299
467197.146
467216.263
467232.724
467151.361
467180.166
467180.010
467230.900
467191.418
467199.595
467233.610
467120.577
467184.126
467177.615
467208.347
467034.685
467173.031
467148.654
467237.257
467267.937
467176.261
467192.773
467190.065
467198.399
466912.486
467258.613
467156.833
467157.302
467153.240
467047.969
467171.679
467157.667
467201.838
467129.487
467177.565
467211.058
467194.650
467160.897
467260.595
467178.868
467184.597
467176.680
467194.599
466944.888
467190.067
467215.122
467250.386
467239.187
467209.914
466961.452
467176.785
467247.209
467194.965
467178.974
467131.886
467162.149
467260.232
467246.011
467238.303
467178.609
467224.864
467031.877
467207.623
467161.421
466996.300
467209.498
467170.120
467206.061
467183.091
467234.970
467207.937
467132.981
467201.478
467167.776
467194.238
467194.134
467164.704
467184.237
467216.272
467297.425
467094.281
467211.428
467256.328
467224.502
467162.725
467082.666
467225.076
467162.100
467178.821
467197.885
467287.113
467170.748
467186.739
467217.158
467183.614
467188.406
467171.685
467138.974
467214.919
467145.434
467192.418
467196.064
467175.333
467151.320
467163.301
467222.160
467201.325
467242.318
467197.471
467172.207
467197.887
467271.332
467264.144
467182.105
467198.305
467124.131
467153.717
467120.433
467142.883
467252.634
467147.936
467165.751
467222.370
467231.694
467128.768
467203.514
467173.303
467216.902
467233.258
467230.185
467144.551
467224.975
467217.215
467215.287
467266.074
467081.108
467150.803
467145.229
467134.499
467206.902
467149.136
467189.088
466916.197
467210.340
467210.653
467220.810
467229.301
467163.565
467235.864
467203.985
467213.935
467195.027
467196.850
467184.609
467185.182
467191.016
467237.844
467239.146
467244.667
467192.476
467224.094
467167.682
467273.317
467091.737
467176.797
467040.430
467202.633
467214.301
467192.007
467061.734
467226.802
467177.371
467165.911
467136.222
467177.319
467243.575
467233.262
467165.495
467192.269
467197.686
467238.315
467232.794
466955.736
467213.886
467199.562
467217.741
467195.708
467269.621
467176.487
467112.940
467274.935
467222.950
467195.396
467220.971
467250.193
467164.091
467223.784
467147.006
467225.712
467199.564
467171.539
467181.124
467027.047
467181.177
467143.777
467163.779
467320.045
467295.980
467236.755
467268.321
467327.338
467320.826
467343.693
467116.431
467322.597
467314.680
467172.843
467281.760
467280.719
467361.716
467357.289
467160.812
467299.367
467291.189
467277.750
467369.999
467284.418
467316.401
467400.888
467310.202
467378.021
467315.255
467288.533
467224.882
467262.073
467275.356
467354.686
467329.111
467339.424
467299.577
467243.686
467343.488
467338.122
467277.440
467267.178
467186.546
467271.294
467255.615
467290.983
467261.970
467341.457
467259.209
467380.732
467307.600
467331.613
467297.651
467111.383
467353.750
467289.057
467272.180
467366.044
467202.070
467237.750
467342.917
467351.876
467306.090
467335.260
467230.875
467250.877
467260.669
467269.942
467276.609
467337.864
467251.711
467314.373
467282.703
467316.093
467261.973
467279.578
467289.163
467313.853
467304.789
467300.467
467210.197
467284.631
467371.619
467285.205
467372.244
467276.767
467146.181
467275.882
467276.923
467297.029
467288.383
467273.954
467218.480
467319.375
467338.544
467346.670
467360.526
467274.267
467536.532
467226.294
467320.053
467281.716
467287.185
467207.334
467304.531
467311.615
467286.352
467214.158
467214.367
467231.139
467278.175
467285.311
467267.914
467281.248
467255.308
467343.755
467232.755
467271.040
467170.665
467277.394
467363.496
467271.353
467242.183
467139.673
467259.894
467315.315
467288.282
467318.492
467328.078
467387.302
467308.752
467274.843
467270.103
467081.439
467299.950
467331.359
467315.681
467301.201
467322.661
467309.900
467312.399
467342.506
467232.600
467276.511
467221.610
467242.497
467330.215
467345.060
467283.126
467278.959
467281.772
467251.196
467260.051
467269.272
467316.151
467295.889
467275.627
467305.318
467318.756
467270.106
467343.342
467140.978
467279.846
467285.836
467265.158
467295.265
467316.985
467270.887
467277.294
467306.151
467296.932
467266.929
467315.111
467245.521
467322.768
467282.088
467274.846
467322.299
467305.631
467363.397
467253.596
467283.181
467313.133
467275.003
467317.143
467289.901
467256.981
467320.945
467334.906
467325.947
467385.119
467241.512
467351.366
467325.739
467229.844
467154.107
467248.752
467191.247
467274.172
467330.270
467360.169
467256.826
467323.916
467302.248
467314.696
467225.990
467327.771
467300.269
467295.945
467287.664
467266.932
