1538788.274
1526036.770
1525918.218
1526097.507
1526192.829
1526254.503
1525888.218
1525961.924
1525599.129
1525951.351
1526027.558
1525921.976
1525692.110
1525893.224
1524222.280
1524074.090
1524174.257
1524258.276
1524203.324
1524826.562
1524766.400
1524968.609
1525220.145
1525028.043
1524832.296
1524270.211
1524374.128
1524658.114
1524563.002
1524469.816
1524720.102
1524561.077
1524608.478
1525162.230
1524705.520
1524826.366
1524997.789
1525042.326
1524825.483
1524919.190
1524336.687
1524582.024
1525051.028
1525119.682
1525195.731
1524353.879
1524914.560
1525043.063
1524507.854
1524755.952
1524724.075
1524955.818
1524739.703
1524484.887
1524658.394
1525098.490
1524652.405
1524785.545
1524787.525
1524640.063
1524986.608
1524738.199
1524842.116
1524487.812
1524893.164
1525277.213
1525167.984
1525194.914
1524526.412
1524576.262
1524881.708
1524428.956
1525074.593
1525167.259
1524737.374
1524768.160
1525023.914
1524809.519
1524294.469
1524635.961
1524874.996
1524545.901
1525093.351
1525113.303
1525050.640
1525181.956
1525061.476
1525450.682
1524968.031
1525375.832
1525332.598
1525390.730
1525413.024
1525517.358
1525233.477
1525094.506
1525051.533
1525236.656
1525409.590
1525382.818
1525263.536
1525390.424
1525344.378
1525477.361
1525102.742
1525391.989
1525279.739
1525574.143
1525181.033
1525396.314
1525232.497
1525370.323
1525458.822
1525311.048
1525244.271
1525396.943
1525193.903
1525413.769
1525314.333
1525108.844
1525115.148
1525034.307
1525032.589
1524929.714
1525161.665
1525338.714
1525253.915
1524805.747
1524914.872
1524919.404
1524981.181
1525532.329
1525099.319
1525314.550
1525272.254
1525392.891
1525193.289
1525282.465
1525401.435
1525397.478
1525417.324
1525123.702
1525328.254
1524890.347
1525419.774
1525397.532
1525183.190
1525439.205
1525429.465
1525430.143
1525266.429
1525363.261
1525428.113
1525209.862
1525483.014
1525249.607
1525272.839
1525070.996
1525361.390
1525291.488
1525513.333
1524825.454
1525267.633
1524983.700
1525343.110
1525270.656
1525303.732
1525296.545
1524993.286
1525226.904
1525511.515
1525297.119
1525377.441
1525282.483
1525309.727
1525223.886
1525283.006
1525024.335
1525404.998
1525218.262
1525341.190
1525209.824
1525287.228
1525248.370
1525357.809
1525387.291
1525349.840
1525093.305
1525106.119
1525334.267
1525326.663
1525185.712
1525433.393
1524992.673
1525341.510
1525600.963
1525214.259
1525446.730
1525304.997
1525162.276
1525399.539
1524992.000
1525279.215
1525307.760
1525110.711
1525316.981
1525295.417
1525325.369
1525071.802
1525336.985
1525267.916
1524865.012
1524886.473
1524746.304
1525061.075
1524525.658
1524817.302
1524915.905
1525086.392
1525102.696
1525243.543
1525279.536
1525038.107
1525068.839
1525116.814
1525155.776
1525199.322
1525533.574
1525425.074
1525379.654
1525235.890
1525447.787
1525364.966
1525328.244
1525137.340
1525370.072
1525237.091
1525421.068
1525372.938
1525512.796
1525080.723
1525302.568
1525451.750
1525318.039
1525317.050
1525032.022
1524921.334
1525467.378
1525384.923
1525061.141
1525288.872
1525058.590
1525393.987
1525129.483
1525381.226
1525242.151
1525119.066
1524949.050
1525256.997
1525065.677
1525158.447
1525334.037
1525353.519
1525242.102
1525281.273
1525466.343
1525370.449
1525269.867
1525129.228
1524879.673
1525150.585
1525373.159
1525014.843
1525116.260
1525354.252
1525096.571
1525121.261
1525516.300
1525503.382
1525331.283
1525370.298
1525525.104
1525371.027
1525407.177
1525527.085
1525484.789
1525182.886
1525112.723
1525335.297
1525344.516
1525323.056
1525304.983
1525182.679
1525387.908
1525331.705
1525311.807
1525427.652
1525402.441
1525490.420
1525312.173
1525342.593
1525352.126
1525309.882
1525238.886
1525464.950
1525415.206
1525334.417
1525232.064
1525168.568
1525278.579
1525367.495
1525351.035
1525239.306
1525364.631
1525242.745
1525300.667
1525107.732
1524919.745
1525573.716
1525279.156
1525255.612
1525366.301
1524924.538
1525373.750
1525363.958
1524856.148
1525177.377
1525505.483
1525455.322
1525082.577
1525277.753
1525459.489
1524899.591
1525301.610
1525360.522
1524652.693
1525119.406
1525388.183
1525048.410
1525197.851
1525309.270
1524967.153
1525052.006
1525273.538
1525273.330
1525200.354
1525203.115
1525262.079
1525103.939
1524776.251
1524901.263
1525127.171
1524766.251
1525142.694
1525175.875
1525349.226
1524902.203
1525056.020
1525332.818
1525275.105
1525343.862
1525117.070
1525373.188
1525240.675
1525508.254
1525343.863
1525269.169
1525220.519
1525087.225
1524691.874
1525374.441
1525342.823
1525442.156
1525105.457
1525457.522
1525250.002
1525318.552
1525255.733
1525526.384
1525366.004
1525293.342
1525300.218
1525272.819
1525233.545
1525191.614
1525445.598
1525027.640
1525215.576
1525311.106
1525237.193
1525391.635
1525084.574
1524756.417
1525126.037
1525549.204
1525220.005
1525374.812
1525389.137
1525157.291
1525038.894
1525192.972
1525150.572
1525159.584
1524956.335
1525277.148
1525445.289
1525433.050
1525045.928
1524954.722
1525346.479
1525493.473
1525199.017
1525380.442
1525460.919
1525381.015
1525222.666
1525101.717
1525339.762
1525432.844
1525432.792
1525330.126
1525364.192
1525347.003
1525239.597
1525194.124
1525446.284
1525279.237
1524917.222
1525347.213
1525274.290
1525353.411
1525135.369
1525477.330
1525295.750
1525359.663
1525280.280
1525238.923
1525033.017
1525245.695
1525185.272
1525362.633
1525132.976
1525482.385
1525379.772
1525349.560
1525308.202
1525221.788
1525359.875
1525496.086
1524871.910
1525470.928
1525328.518
1525329.508
1525471.397
1525382.326
1525286.796
1524984.007
1525184.755
1525354.408
1525131.938
1524957.806
1525322.999
1525251.013
1525421.446
1525189.393
1525519.321
1525280.443
1525119.542
1525295.706
1525345.711
1525153.765
1525298.832
1525338.471
1525409.364
1525163.715
1525373.424
1525297.270
1525343.629
1525488.226
1525440.202
1524947.341
1525132.567
1525298.001
1525253.205
1525463.122
1524949.946
1525283.833
1525401.709
1525417.284
1524946.978
1525262.791
1525280.552
1525229.611
1525422.911
1525334.204
1525221.120
1525218.933
1525386.502
1525157.626
1525269.511
1525195.963
1525324.986
1525156.168
1525147.573
1525190.547
1525068.829
1524963.338
1525242.258
1525324.541
1525577.625
1525018.385
1525278.708
1525214.467
1525127.725
1525043.742
1525412.879
1525257.847
1525113.754
1525351.577
1525298.065
1525048.651
1524987.951
1524968.144
1525126.632
1525268.507
1525363.971
1525402.502
1525382.276
1525316.369
1525276.402
1525306.911
1525392.947
1525208.746
1525204.565
1525244.814
1525316.944
1525143.524
1525281.390
1525178.915
1525258.494
1525238.372
1525116.732
1525280.224
1525136.549
1525266.443
1525301.693
1525154.529
1525292.341
1525171.066
1525101.669
1525360.379
1525324.214
1525143.298
1525067.599
1525111.392
1525152.268
1524887.383
1525235.165
1525122.276
1525080.278
1525200.746
1525204.326
1525430.586
1525149.503
1525074.012
1525062.905
1525289.424
1525165.389
1525012.495
1525350.538
1524938.242
1524854.055
1525227.932
1525000.137
1525306.561
1525184.036
1525279.814
1525164.633
1525248.275
1525248.417
1525174.699
1525185.364
1525344.484
1525146.429
1525052.554
1525391.949
1525223.483
1525163.412
1525240.804
1525439.405
1525378.292
1525318.742
1525224.398
1525239.804
1525282.869
1525322.808
1525190.022
1525242.985
1525317.667
1525268.067
1525251.385
1525494.472
1525284.647
1525427.723
1525298.270
1525484.580
1525379.869
1525235.312
1525186.753
1525345.612
1525266.478
1525380.749
1524963.769
1525221.125
1525030.314
1525357.679
1525186.297
1525190.087
1525296.858
1525110.212
1525002.170
1525271.925
1525201.751
1525371.965
1524884.873
1525166.557
1525342.970
1525308.060
1525091.568
1525345.958
1525408.609
1525262.751
1525318.890
1525305.442
1525503.940
1525455.123
1525315.566
1525367.331
1525320.701
1525450.444
1525509.761
1525235.661
1525220.649
1525324.502
1525293.551
1525355.266
1525098.408
1525503.228
1525251.475
1525094.781
1525359.746
1525242.588
1525089.437
1524664.436
1525411.897
1525113.211
1525265.299
1525312.274
1524803.931
1524833.924
1525091.075
1525071.375
1524481.253
1525150.583
1525343.039
1525217.705
1525182.065
1524833.219
1525302.891
1525214.957
1525089.830
1524864.850
1525136.169
1525218.407
1525353.464
1525416.325
1525276.301
1525203.055
1525298.785
1525463.635
1525219.331
1525370.586
1525182.954
1525433.230
1525248.671
1525461.808
1525304.023
1525344.955
1525044.603
1524912.914
1525020.779
1525205.425
1525236.824
1524961.945
1525286.134
1525220.755
1525120.318
1525028.374
1525091.860
1525209.728
1525145.962
1525112.930
1525107.035
1525212.766
1525156.761
1525189.204
1525224.772
1525137.983
1525052.914
1525080.511
1525111.445
1525039.188
1524870.778
1525229.659
1525219.598
1525371.583
1525077.327
1525122.896
1525147.265
1525474.789
1525343.048
1525153.178
1525088.007
1525221.293
1525058.664
1525319.464
1525243.092
1525439.876
1525238.648
1524839.175
1525315.672
1525325.613
1525315.134
1525287.728
1524966.647
1524942.469
1525272.494
1524806.658
1525290.553
1525329.976
1525231.156
1525335.794
1525373.187
1524880.524
1525627.363
1524998.280
1525521.086
1524930.654
1524957.837
1524901.573
1524837.549
1525219.716
1525432.385
1524991.865
1525274.438
1524897.674
1525216.187
1525117.941
1525449.477
1525348.835
1524988.270
1525313.817
1525051.543
1525289.007
1525106.220
1525492.294
1525438.635
1525359.037
1525366.739
1525446.010
1525346.462
1525568.196
1525290.401
1525354.201
1525336.484
1525392.419
1525373.140
1525385.530
1525359.948
1525426.510
1525327.899
1525360.447
1525207.717
1525323.971
1525200.723
1525166.547
1525486.467
1525293.629
1524996.717
1525059.738
1525215.475
1525460.024
1525319.638
1525047.522
1525236.752
1524472.607
1525191.942
1525400.030
1525152.394
1525352.303
1525276.716
1525320.360
1525302.643
1525005.211
1525277.940
1525309.447
1525164.947
1525311.153
1524934.547
1525214.255
1525340.668
1525462.600
1524930.146
1524927.222
1525211.255
1525391.475
1525372.612
1524598.988
1525108.980
1525368.635
1525316.956
1525442.484
1525394.920
1525509.249
1525442.778
1525200.404
1525274.207
1525411.193
1525312.688
1525210.485
1525214.697
1525242.090
1525209.998
1525060.237
1525168.992
1525275.768
1525823.577
1525204.602
1524993.534
1525341.844
1525200.679
1525122.227
1525343.285
1525144.302
1525003.656
1525190.180
1525190.174
1525248.768
1524802.884
1525340.849
1525605.817
1525391.051
1525042.990
1525394.269
1525035.217
1525170.069
1525422.640
1525338.981
1525461.279
1525166.974
1525300.991
1525657.636
1525278.843
1525163.201
1525447.599
1525329.300
1525336.066
1525335.592
1525339.129
1525416.526
1525264.788
1524946.261
1525415.573
1525338.790
1525202.990
1525544.320
1525080.988
1525120.101
1525024.513
1525104.411
1525145.504
1525377.658
1525187.008
1525401.400
1525316.334
1525277.211
1525308.614
1525139.739
1524964.976
1525309.173
1525192.853
1525318.903
1525338.795
1525047.564
1525289.718
1525305.288
1525393.416
1525041.658
1525163.488
1524720.001
1525377.562
1525285.048
1525440.423
1525369.265
1525780.759
1525628.656
1525668.083
1525614.739
1525458.886
1525495.499
1525729.840
1525350.996
1525211.029
1525489.750
1525621.060
1525314.099
1525512.082
1525384.357
1525397.113
1525514.204
1525492.062
1525318.862
1525487.677
1525829.321
1525367.760
1525201.384
1525359.261
1525563.183
1525497.442
1525661.360
1525577.598
1525494.251
1525500.445
1525498.722
1525048.413
1525350.677
1525379.687
1525421.926
1525399.316
1525335.034
1525012.133
1525408.469
1525910.911
1525339.444
1525429.970
1525431.893
1525518.095
1525529.550
1525524.388
1525538.292
1525162.886
1525532.762
1525249.553
1525429.515
1525654.793
1525527.745
1525457.890
1525289.380
1525315.941
1525127.689
1525608.618
1524952.768
1525244.720
1525302.846
1525433.063
1525292.837
1525219.129
1525032.074
1525343.038
1524769.801
1525303.964
1525364.903
1525074.299
1525026.112
1525264.778
1525431.301
1525444.944
1525288.727
1525483.847
1525650.734
1524767.309
1525269.699
1525341.108
1525630.353
1525242.497
1525329.117
1525678.002
1525635.077
1525476.724
1525498.337
1525535.003
1525548.647
1525425.246
1525984.932
1525379.713
1525766.050
1525618.532
1525380.066
1525619.775
1525393.029
