2358.873
2382.365
2338.715
2345.070
2382.104
2355.279
2352.518
2394.554
2364.603
2390.438
2361.946
2357.102
2396.637
2363.457
2385.855
2364.967
2331.370
2358.925
2356.320
2355.591
2389.553
2341.944
2393.980
2361.790
2357.259
2351.164
2363.457
2355.956
2393.981
2362.259
2386.584
2361.999
2363.613
2377.833
2355.539
2365.592
2388.511
2361.582
2395.387
2326.891
2364.394
2390.334
2352.674
2349.914
2395.387
2359.238
2395.803
2355.696
2358.769
2396.272
2365.123
2384.501
2365.801
2354.706
2387.053
2346.007
2364.967
2395.074
2364.238
2395.126
2359.186
2356.894
2392.574
2356.581
2377.729
2362.676
2356.841
2380.594
2364.134
2355.384
2395.908
2364.134
2395.334
2357.154
2363.769
2398.304
2325.640
2364.655
2364.446
2358.560
2388.615
2346.684
2364.603
2390.334
2357.675
2398.095
2366.113
2364.134
2389.189
2360.071
2385.177
2365.332
2364.915
2388.980
2364.186
2355.904
2396.481
2356.164
2382.886
2364.498
2363.353
2389.553
2357.988
2390.960
2359.394
2355.540
2350.695
2356.633
2355.696
2391.324
2361.686
2376.010
2364.186
2362.832
2389.136
2353.456
2353.821
2395.647
2364.499
2397.106
2366.373
2362.884
2354.081
2364.603
2400.752
2364.707
2365.020
2397.315
2363.405
2358.248
2391.220
2356.581
2395.074
2355.279
2360.332
2361.478
2361.113
2364.603
2364.186
2352.310
2397.002
2357.363
2357.362
2395.595
2365.696
2361.582
2363.092
2357.727
2388.303
2365.019
2356.581
2394.605
2359.707
2390.647
2355.279
2365.123
2391.897
2308.034
2363.978
2329.651
2357.623
2390.647
2364.968
2330.173
2397.314
2358.873
2389.658
2357.675
2337.778
2398.773
2364.447
2350.695
2390.074
2353.039
2394.502
2354.290
2335.590
2361.009
2356.425
2350.331
2361.217
2356.425
2379.240
2354.133
2357.311
2386.167
2363.561
2332.360
2395.335
2363.977
2395.127
2362.467
2353.560
2385.855
2363.040
2358.196
2360.435
2359.082
2399.190
2364.655
2350.904
2390.282
2357.831
2396.481
2366.009
2355.591
2390.491
2357.935
2365.071
2364.863
2362.311
2398.408
2363.301
2358.300
2395.491
2361.217
2394.866
2364.239
2362.467
2394.866
2358.091
2375.593
2358.821
2364.551
2395.595
2346.737
2362.311
2382.626
2356.946
2382.417
2362.051
2356.165
2394.866
2357.362
2357.675
2389.813
2352.310
2389.762
2362.155
2365.228
2396.429
2342.934
2395.960
2356.893
2359.134
2397.054
2359.394
2356.321
2397.835
2363.353
2387.730
2359.342
2362.311
2395.491
2364.447
2394.085
2357.779
2364.342
2396.324
2355.591
2393.303
2355.175
2362.988
2362.675
2362.884
2365.176
2388.667
2325.172
2393.772
2360.331
2364.291
2359.498
2365.176
2359.498
2397.523
2342.465
2388.824
2360.175
2359.134
2389.449
2365.020
2364.395
2397.262
2363.509
2361.477
2364.342
2364.603
2380.386
2356.893
2378.771
2364.186
2364.655
2385.229
2340.903
2362.363
2395.648
2353.508
2395.283
2364.967
2364.602
2397.106
2364.915
2385.334
2357.362
2364.081
2395.387
2358.873
2365.019
2386.115
2361.790
2389.136
2357.727
2357.570
2395.075
2364.864
2395.231
2362.675
2358.925
2392.053
2358.196
2364.916
2399.138
2340.642
2397.992
2363.561
2358.925
2390.126
2354.966
2393.251
2352.831
2355.748
2395.491
2359.030
2364.499
2358.143
2364.811
2376.375
2361.634
2363.457
2391.689
2359.498
2355.643
2331.526
2351.008
2390.074
2358.248
2364.290
2392.991
2358.300
2382.313
2365.019
2337.465
2398.617
2362.935
2364.342
2397.262
2351.945
2396.168
2364.395
2364.290
2396.585
2355.696
2391.793
2365.280
2359.238
2380.125
2362.207
2356.373
2391.324
2356.894
2398.147
2358.769
2363.561
2377.573
2351.685
2362.155
2326.265
2365.593
2378.458
2346.111
2358.092
2387.573
2361.113
2347.727
2362.624
2334.392
2385.543
2364.343
2364.082
2398.668
2363.301
2387.730
2354.446
2363.405
2389.241
2365.749
2322.307
2383.667
2354.341
2397.991
2364.238
2358.039
2397.783
2324.703
2364.446
2381.427
2361.842
2387.834
2355.956
2356.529
2379.656
2363.300
2384.553
2363.978
2361.529
2393.564
2356.789
2362.623
2384.500
2358.456
2393.564
2361.685
2364.968
2388.980
2326.891
2386.793
2364.915
2365.019
2353.352
2359.342
2355.800
2396.481
2357.883
2378.458
2356.113
2366.166
2362.415
2364.238
2350.799
2360.696
2356.894
2383.927
2365.280
2364.550
2381.896
2328.089
2356.841
2385.021
2356.581
2397.002
2362.884
2356.581
2383.511
2364.186
2359.029
2360.123
2362.988
2396.324
2361.790
2356.373
2394.554
2356.373
2394.710
2361.790
2361.582
2390.856
2324.807
2366.999
2391.845
2356.321
2397.210
2364.238
2358.039
2383.042
2353.143
2384.448
2354.862
2356.476
2393.460
2363.925
2358.508
2390.230
2356.789
2385.282
2366.165
2356.164
2385.334
2356.529
2356.269
2355.435
2357.259
2378.146
2358.821
2357.311
2391.637
2363.509
2394.137
2361.790
2362.624
2359.446
2364.498
2356.998
2394.970
2356.060
2397.210
2357.623
2358.561
2392.054
2364.446
2381.844
2361.946
2356.946
2396.742
2364.759
2349.810
2387.261
2357.519
2361.269
2364.290
2364.863
2383.198
2352.831
2356.373
2360.801
2360.853
2389.032
2361.373
2364.186
2386.948
2356.633
2393.043
2360.957
2358.300
2393.981
2363.405
2363.874
2362.050
2356.581
2394.605
2364.134
2364.134
2395.699
2352.883
2381.635
2354.133
2365.071
2389.084
2359.915
2360.592
2396.221
2358.144
2395.491
2365.384
2322.568
2390.699
2362.415
2392.522
2364.707
2356.269
2391.429
2352.310
2364.915
2395.908
2364.811
2389.241
2364.082
2355.592
2397.679
2362.988
2388.772
2361.269
2361.113
2395.335
2364.395
2362.780
2396.480
2364.603
2383.563
2360.280
2363.301
2394.137
2357.623
2389.709
2364.655
2364.551
2396.481
2359.237
2364.238
2364.863
2365.749
2384.397
2365.697
2364.759
2396.690
2364.343
2396.741
2364.551
2359.654
2387.886
2354.810
2392.054
2362.259
2327.151
2388.668
2359.186
2363.509
2396.064
2324.599
2388.407
2354.185
2356.477
2354.393
2364.186
2365.905
2362.936
2355.018
2396.220
2352.414
2347.622
2381.114
2360.905
2364.707
2399.033
2364.342
2397.106
2358.613
2358.248
2360.800
2324.026
2364.394
2379.604
2352.153
2360.800
2363.821
2358.925
2390.542
2364.395
2391.637
2327.725
2356.530
2361.009
2356.268
2327.776
2389.605
2344.080
2361.895
2387.939
2326.890
2388.563
2356.112
2363.769
2394.449
2362.988
2355.279
2359.342
2350.174
2401.012
2330.016
2357.883
2396.221
2355.019
2384.813
2366.113
2364.915
2389.605
2362.988
2364.916
2398.044
2357.622
2395.335
2365.957
2364.602
2389.918
2358.092
2347.882
2355.956
2354.029
2388.459
2364.811
2354.393
2388.303
2363.666
2388.772
2361.269
2365.280
2393.512
2349.446
2381.792
2364.811
2330.642
2386.011
2344.549
2328.401
2396.376
2359.759
2398.096
2362.675
2357.831
2393.772
2357.519
2364.707
2397.054
2351.581
2355.070
2313.504
2364.707
2384.084
2359.602
2363.874
2394.970
2359.238
2396.794
2365.905
2355.904
2392.939
2344.549
2351.945
2397.366
2365.384
2378.927
2361.009
2333.871
2385.074
2357.779
2381.010
2361.634
2363.665
2359.342
2364.394
2365.436
2389.397
2363.144
2397.471
2355.070
2366.426
2388.876
2364.551
2357.622
2362.467
2363.561
2390.595
2366.010
2358.665
2398.512
2361.165
2390.387
2361.633
2358.300
2390.542
2361.217
2391.376
2357.206
2359.446
2348.664
2356.268
2362.051
2393.929
2358.925
2393.929
2359.186
2363.770
2389.449
2351.372
2364.655
2321.787
2361.061
2357.884
2326.578
2360.019
2390.335
2357.310
2348.507
2394.918
2340.121
2395.699
2358.196
2357.571
2400.231
2355.487
2358.040
2374.083
2323.610
2398.721
2360.748
2365.332
2395.231
2364.811
2356.425
2362.571
2359.550
2396.585
2356.789
2363.978
2395.283
2357.154
2397.366
2365.696
2326.735
2397.263
2359.342
2350.018
2386.949
2330.433
2388.095
2361.582
2355.956
2397.627
2364.655
2379.084
2326.214
2357.884
2381.219
2364.655
2363.873
2390.230
2357.102
2376.739
2358.716
2359.029
2398.096
2363.248
2324.182
2379.813
2356.425
2392.783
2353.924
2363.822
2389.033
2342.778
2364.342
2394.085
2353.040
2321.422
2365.019
2364.134
2396.898
2360.644
2356.425
2395.335
2330.433
2389.189
2366.009
2363.978
2395.126
2364.707
2391.428
2366.374
2348.247
2398.095
2359.915
2364.863
2381.114
2359.602
2397.366
2357.571
2356.060
2397.626
2365.436
2392.053
2364.811
2363.977
2395.596
2354.498
2364.551
2390.699
2364.447
2355.227
2353.717
2364.863
2353.352
2363.248
2349.601
2377.052
2354.341
2390.855
2313.348
2356.061
2389.813
2328.922
2357.779
2395.126
2357.831
2388.407
2360.904
2350.800
2390.543
2359.654
2358.144
2361.217
2350.903
2391.688
2361.894
2357.675
2397.262
2324.704
2394.658
2364.551
2361.113
2396.533
2353.612
2332.725
2397.053
2365.332
2392.001
2364.499
2359.186
2381.324
2360.905
2385.750
2357.467
2363.665
2388.303
2351.685
2363.144
2396.273
2358.039
2382.521
2364.759
2365.436
2386.271
2365.905
2356.842
2325.745
2363.040
2387.834
2364.342
2324.234
2394.814
2363.144
2392.054
2330.537
2359.811
2389.970
2364.707
2356.633
2398.929
2365.800
2390.230
2360.957
2358.456
2397.626
2355.435
2394.293
2363.249
2358.977
2398.512
2365.905
2356.581
2389.032
2366.218
2389.397
2353.665
2355.696
2394.397
2363.456
2382.000
2352.883
2364.967
2389.241
2353.352
2324.807
2395.803
2357.206
2325.693
2362.572
2363.145
2385.334
2365.280
2365.123
2381.583
2363.457
2396.220
2360.800
2364.498
2387.365
2365.488
2392.626
2364.291
2336.944
2379.708
2361.113
2360.696
2389.241
2363.509
2389.084
2327.620
2357.623
2391.012
2363.821
2365.645
2396.169
2363.197
2397.783
2363.040
2351.528
2395.700
2364.239
2385.439
2343.403
2365.228
