237.732
234.554
234.398
234.450
234.345
234.450
234.241
235.179
234.918
235.231
234.970
262.890
234.867
263.255
235.335
263.567
235.595
266.327
235.492
263.463
234.919
263.203
234.867
262.890
234.971
259.921
235.335
265.651
235.388
235.387
235.387
235.492
235.335
235.387
235.335
235.439
235.388
235.335
235.335
235.388
235.387
235.283
235.231
235.387
235.387
235.439
235.387
235.387
235.804
235.439
235.439
235.440
235.648
235.387
268.463
235.440
266.484
235.388
267.161
235.439
268.723
235.387
268.672
235.440
268.828
235.492
268.932
235.335
268.568
235.335
269.974
235.388
266.849
234.398
266.849
234.866
271.849
234.918
234.918
234.918
234.919
234.971
234.867
234.970
234.918
235.023
234.971
234.971
234.814
235.126
234.970
235.127
234.919
235.022
234.867
235.022
235.023
235.179
234.919
235.231
234.918
268.151
235.335
235.544
235.075
268.985
235.075
268.516
235.075
269.870
234.971
268.932
235.074
268.516
235.075
268.464
235.022
268.046
235.074
268.307
235.023
267.734
235.023
267.995
235.127
268.932
234.970
264.557
235.023
235.075
235.178
235.022
235.022
235.022
235.075
235.074
235.075
235.127
235.179
234.971
235.178
235.126
235.127
235.022
235.179
235.022
235.388
235.127
235.283
235.127
235.387
235.127
268.047
235.023
267.942
235.022
268.359
234.971
268.932
235.022
268.203
235.126
269.713
234.970
268.360
235.075
268.880
235.179
269.297
235.075
267.109
235.075
266.380
235.023
269.401
235.023
235.023
235.023
235.022
235.074
235.022
235.126
235.022
235.075
235.075
235.127
235.075
235.231
234.971
235.179
235.075
235.231
235.074
235.231
235.022
235.335
235.075
235.387
235.022
268.203
234.970
267.786
235.127
267.786
235.127
266.796
235.074
268.047
235.075
269.662
235.075
267.057
235.075
268.255
235.075
267.526
235.127
269.192
235.022
261.900
235.074
265.338
234.971
235.023
235.075
235.022
235.127
235.127
235.127
235.127
235.127
235.127
235.022
234.971
235.127
235.127
235.231
235.126
235.179
235.023
235.283
235.075
235.179
235.023
235.387
235.074
235.700
235.022
267.265
235.023
266.328
235.075
268.515
235.023
268.151
234.971
267.734
235.075
268.568
235.127
268.775
235.075
268.463
235.075
268.568
235.023
269.349
235.179
265.703
235.283
270.651
235.075
235.075
235.075
235.075
235.075
235.075
235.075
234.970
235.023
235.022
235.179
234.971
235.127
235.075
235.179
235.127
235.179
234.971
235.231
235.074
235.231
234.970
235.439
235.074
268.307
235.023
268.203
235.075
269.400
235.023
267.578
235.127
268.047
235.075
268.776
235.075
267.422
234.971
268.568
234.971
268.151
233.616
266.692
233.512
266.380
233.617
265.963
233.564
270.234
233.512
233.512
233.512
233.564
233.460
233.564
233.564
233.512
233.512
233.512
233.460
233.512
233.564
233.564
233.825
233.564
233.669
233.460
233.877
233.460
265.026
233.512
265.599
233.512
266.119
233.460
266.692
233.512
266.797
233.512
265.599
233.564
267.318
233.564
266.952
233.616
266.484
233.460
261.067
233.669
233.512
233.512
233.512
233.460
233.460
233.513
233.564
233.668
233.512
233.565
233.460
233.720
233.617
233.617
233.512
233.616
233.512
233.668
233.564
233.616
233.512
264.660
233.564
268.099
233.460
267.109
233.512
266.900
233.616
266.536
233.564
266.224
233.512
266.640
233.564
268.933
233.512
266.015
233.617
263.359
233.564
233.564
233.512
233.512
233.408
233.460
233.512
233.460
233.512
233.616
233.512
233.617
233.668
233.408
233.669
233.460
233.720
233.564
233.513
233.460
233.617
233.564
233.877
233.564
267.526
233.565
265.911
233.460
266.901
233.512
266.796
233.565
266.796
233.512
266.432
233.513
266.692
233.512
267.578
233.460
262.265
233.564
260.859
233.512
233.460
233.460
233.564
233.460
233.564
233.616
233.564
233.512
233.460
233.564
233.512
233.564
233.564
233.668
233.668
233.564
233.565
233.824
233.617
233.825
233.512
265.807
233.512
266.953
233.668
266.692
233.512
266.588
233.460
264.400
233.460
266.380
233.460
266.692
233.565
267.005
233.564
259.973
233.565
233.564
233.564
233.512
233.460
233.565
233.512
233.512
233.512
233.512
233.564
233.564
233.616
233.616
233.564
233.408
233.669
233.460
233.564
233.512
233.668
233.565
233.981
233.460
264.608
233.512
267.734
233.512
266.588
233.564
266.796
233.460
265.911
233.564
266.588
233.460
266.849
233.408
266.848
233.564
267.474
233.565
260.494
233.460
268.047
233.565
233.512
233.512
233.564
233.565
233.564
233.513
233.512
233.616
233.512
233.564
233.512
233.616
233.460
233.773
233.669
233.669
233.460
233.825
233.616
233.929
233.408
266.589
233.512
266.745
233.512
266.432
233.460
268.359
233.512
266.692
233.460
266.641
233.512
266.537
233.460
266.380
233.408
264.505
233.512
264.817
233.564
233.513
233.460
233.564
233.564
233.512
233.616
233.564
233.512
233.564
233.512
233.408
233.617
233.460
233.668
233.460
233.720
233.460
233.668
233.564
233.772
233.460
267.057
233.512
266.796
233.616
266.640
233.565
264.557
233.512
267.004
233.512
266.693
233.616
267.473
233.460
261.483
233.564
261.796
233.512
233.408
233.460
233.565
233.564
233.512
233.564
233.564
233.512
233.460
233.564
233.564
233.616
233.512
233.617
233.512
233.564
233.460
233.616
233.460
233.668
233.512
233.825
233.460
233.929
233.669
267.005
233.564
266.848
233.512
266.224
233.616
266.849
233.460
266.745
233.460
267.421
233.616
264.349
233.460
266.953
233.460
264.348
233.512
268.776
233.564
233.408
233.565
233.512
233.512
233.512
233.512
233.512
233.564
233.512
233.773
233.564
233.512
233.564
233.512
233.616
233.721
233.512
233.877
233.617
233.876
233.460
267.109
233.460
267.786
233.512
266.275
233.617
267.786
233.460
267.630
233.512
267.474
233.512
259.712
233.512
266.693
233.460
265.599
233.460
267.369
233.460
233.512
233.512
233.565
233.460
233.460
233.460
233.512
233.564
233.460
233.669
233.512
233.564
233.564
233.668
233.408
233.616
233.564
233.825
233.512
234.033
233.460
266.745
233.460
266.431
233.564
266.745
233.512
265.077
233.565
266.432
233.460
266.484
233.460
266.797
233.564
266.797
233.564
263.150
233.668
264.505
233.460
268.307
233.564
233.512
233.408
233.512
233.564
233.564
233.512
233.408
233.512
233.460
233.616
233.460
233.617
233.512
233.668
233.564
233.720
233.460
233.772
233.512
233.929
233.460
266.692
233.512
265.286
233.407
267.109
233.460
267.266
233.564
267.578
233.513
266.171
233.408
267.057
233.564
266.171
233.460
265.286
233.460
260.442
233.616
233.565
233.564
233.564
233.564
233.564
233.616
233.512
233.564
233.460
233.512
233.460
233.564
233.460
233.564
233.564
233.616
233.512
233.617
233.564
233.772
233.512
266.171
233.408
266.015
233.512
265.963
233.512
266.432
233.512
266.640
233.408
266.484
233.512
265.547
233.512
265.807
233.565
261.483
233.512
233.565
233.564
233.460
233.512
233.460
233.564
233.460
233.617
233.512
233.564
233.460
233.564
233.460
233.668
233.513
233.616
233.512
233.773
233.460
233.720
233.512
233.721
233.512
265.963
233.512
266.015
233.564
266.953
233.617
268.984
233.512
267.057
233.512
265.494
233.565
267.005
233.512
267.994
233.512
267.890
233.460
260.963
233.564
233.616
233.408
233.512
233.460
233.512
233.512
233.512
233.564
233.460
233.564
233.460
233.668
233.565
233.564
233.512
233.720
233.564
233.616
233.512
233.825
233.512
266.848
233.460
266.223
233.512
265.755
233.564
265.390
233.512
266.901
233.460
266.536
233.565
265.130
233.460
266.849
233.512
263.046
233.513
265.442
233.616
233.513
233.564
233.512
233.460
233.460
233.460
233.408
233.668
233.460
233.668
233.512
233.512
233.460
233.668
233.564
233.773
233.512
233.773
233.512
233.825
233.512
265.442
233.460
266.119
233.408
267.005
233.512
265.286
233.564
266.328
233.460
265.390
233.564
264.817
233.460
264.973
233.460
263.306
233.564
270.182
233.512
262.317
233.565
233.460
233.460
233.617
233.512
233.564
233.564
233.460
233.460
233.460
233.564
233.512
233.668
233.564
233.824
233.460
233.720
233.460
233.720
233.512
234.033
233.460
266.484
233.512
267.265
233.512
266.431
233.616
266.848
233.460
266.380
233.512
267.630
233.512
266.693
233.460
267.005
233.617
263.411
233.616
264.504
233.512
233.564
233.512
233.512
233.512
233.512
233.564
233.460
233.512
233.512
233.564
233.460
233.564
233.460
233.720
233.512
