1566.818
328.261
823.413
1609.686
1409.667
932.694
1324.086
263.619
403.841
594.276
1210.481
381.131
811.067
1486.393
1569.214
441.761
1227.150
498.694
1291.687
110.115
181.267
799.348
197.623
582.139
114.126
909.514
1059.216
1392.999
1221.003
557.554
452.439
241.847
230.908
177.101
1490.977
752.728
190.383
906.910
1246.109
1265.278
436.708
118.397
565.784
1285.696
581.359
868.001
1263.507
172.777
895.086
1292.572
1336.639
1126.775
100.635
1484.206
1062.811
1517.906
454.158
1228.035
1470.141
646.989
1199.074
429.208
1019.890
1282.311
1610.884
638.864
986.241
251.118
800.754
774.241
558.752
1141.828
1407.688
1390.030
429.416
1347.369
1566.505
641.885
17.710
1424.772
1502.801
660.324
1525.043
640.270
482.703
1244.807
381.755
1325.492
1431.388
1200.584
1391.019
1130.994
130.377
982.126
210.489
1301.688
595.735
437.959
873.470
1454.307
1213.919
1076.875
67.976
1555.514
735.123
1140.995
697.202
791.795
514.008
1012.858
463.534
1308.928
1436.284
1446.598
1372.372
31.357
221.115
953.738
102.874
483.120
1020.202
527.655
1448.213
903.056
965.562
293.778
1549.420
1598.227
981.189
867.583
959.884
789.087
1011.139
1385.498
368.265
143.504
928.631
740.488
302.320
1087.553
371.858
437.073
956.134
1334.920
768.251
1061.248
1467.381
957.801
771.741
1028.797
1270.643
475.931
23.701
840.394
1128.859
744.082
1498.947
1119.014
933.475
732.727
289.403
1153.809
1587.913
1303.355
1057.811
395.455
909.775
59.589
877.741
228.408
1100.158
1295.802
1171.467
388.006
966.030
45.265
1439.462
149.806
186.425
875.553
44.379
1467.746
292.477
427.645
1355.443
593.651
14.794
894.201
1354.089
32.138
1460.088
42.921
144.388
942.643
126.523
780.857
293.518
332.324
1393.051
87.405
919.464
1526.606
653.501
12.501
1093.491
388.058
1426.335
1360.339
468.795
1605.206
794.243
764.084
579.274
1356.798
1114.482
1501.760
859.250
1370.445
184.184
1445.296
603.235
1391.905
1367.944
1369.871
689.389
1093.699
1132.140
31.305
483.015
1212.617
1548.170
1161.205
1067.134
1408.990
1112.243
550.469
775.283
690.795
759.031
612.716
716.683
563.284
870.656
497.912
135.899
831.070
1090.783
158.557
802.369
890.867
502.028
603.340
507.028
724.393
126.054
516.404
1353.724
1397.062
1292.989
721.684
671.523
1492.748
1586.924
1224.024
1470.662
332.689
1549.785
351.180
157.098
569.846
665.689
1322.054
1048.955
326.959
336.387
767.887
549.584
450.773
1210.117
1226.941
1523.324
982.594
560.210
551.095
666.314
1083.698
1068.592
410.612
676.315
267.005
394.569
293.050
443.324
1323.356
985.980
1256.892
1068.592
1394.614
1072.395
818.933
1270.539
124.699
104.802
65.475
713.558
911.546
408.634
849.300
1593.591
537.239
989.887
1029.995
1386.175
1069.635
1100.523
258.202
951.654
1254.496
1050.987
1456.703
1435.659
659.438
637.509
423.947
669.335
458.534
1091.876
645.427
187.883
334.199
75.008
946.185
1097.866
526.196
911.338
996.398
1327.784
1499.937
790.024
435.094
509.840
435.198
999.524
18.491
807.942
1467.954
685.118
149.806
1160.685
510.413
1507.489
363.316
861.801
1069.738
698.661
769.136
1164.435
843.831
879.459
578.181
729.289
1157.195
214.969
603.079
855.708
1152.559
482.338
557.502
852.790
888.419
306.748
990.564
1018.536
1037.027
762.573
1498.478
1463.110
605.944
641.676
959.989
14.741
1450.973
629.383
855.239
1312.314
1447.275
1593.851
634.332
519.581
553.231
918.006
1266.424
493.225
1283.405
637.249
70.527
500.309
676.263
518.592
1253.663
1003.482
1345.963
720.070
617.247
255.962
1315.960
857.218
1431.804
494.944
200.436
1442.847
1127.504
436.292
115.584
1252.881
109.750
310.654
408.842
1171.207
395.611
345.710
144.805
1494.154
1492.956
244.607
310.290
612.872
1159.070
580.577
1356.224
62.454
1060.311
773.147
289.611
116.105
336.855
74.122
1504.989
220.333
476.296
1519.834
849.092
790.805
44.327
18.074
1592.289
1350.964
1086.927
913.526
405.872
1352.995
272.370
906.077
1074.218
264.557
1312.210
1398.104
97.509
1030.464
412.436
293.309
1113.440
82.717
160.797
933.006
992.022
125.845
246.326
135.534
1605.363
1286.374
180.746
1112.450
1308.667
1578.902
1005.565
473.326
67.714
1330.910
248.253
280.548
651.209
1056.821
354.982
1354.037
112.146
914.307
1262.465
899.097
1063.904
336.335
195.227
665.637
487.703
801.431
288.621
990.772
1180.739
953.999
602.662
101.208
986.449
1597.238
496.767
1607.916
1076.353
1280.488
1267.518
949.779
373.734
207.884
1394.197
1125.317
1094.533
1408.678
1325.388
1098.335
1282.363
1076.823
1320.075
1391.801
1468.892
1275.175
730.800
95.947
103.760
1027.859
1312.418
945.976
1176.936
669.596
1498.634
201.113
1396.020
416.082
1298.094
439.469
129.023
1038.590
488.433
292.059
962.958
181.580
813.672
1475.402
1144.173
1474.622
1295.697
1420.970
1155.476
1458.266
1514.052
1280.644
928.215
147.983
459.575
941.706
819.558
1582.652
1135.266
482.703
1090.886
163.818
820.027
93.655
970.875
1224.336
395.767
1125.786
1082.552
52.140
858.468
766.428
1279.029
1557.285
47.765
1142.454
391.913
306.905
808.776
616.362
1359.506
1109.586
944.726
397.695
1300.177
350.190
672.669
1429.461
1434.201
134.023
908.838
158.609
107.771
1013.223
496.193
1072.707
307.686
1116.983
1049.840
671.836
1199.126
1503.322
1609.843
1158.549
205.645
1576.766
739.655
97.249
958.530
346.127
1521.084
1573.121
703.714
1091.772
998.221
613.080
803.098
810.182
428.010
546.407
1110.002
1546.764
610.944
1515.093
1311.168
989.314
745.020
1148.392
1302.990
971.812
880.606
231.064
322.948
1506.759
406.602
1563.901
374.255
326.073
1415.761
811.224
764.397
834.456
320.917
538.385
1339.035
357.014
442.855
495.464
39.848
523.697
1232.723
1373.309
594.224
121.262
1273.247
1393.572
759.761
158.036
1375.445
1271.112
653.136
903.576
205.072
404.831
228.147
1490.873
496.506
328.052
1213.450
46.151
162.724
1560.359
912.900
659.490
1318.304
1174.020
473.327
908.942
1465.714
1503.687
1468.891
1100.992
1414.512
1027.599
62.923
417.801
1569.526
72.455
1563.067
485.828
22.242
671.002
509.893
1240.224
1175.269
416.290
1506.656
618.497
555.157
1289.135
256.899
673.919
506.351
444.261
495.569
1215.065
1583.642
1546.607
535.938
449.888
94.436
1052.185
1365.027
1549.108
698.140
791.690
720.591
494.371
1184.749
754.291
1014.264
395.663
1349.453
58.079
584.743
347.481
557.554
262.629
1290.697
614.434
266.536
1022.077
850.655
219.812
606.986
1377.737
1538.429
1409.823
391.652
395.871
361.754
1191.990
1474.621
1004.471
950.716
1331.483
1088.542
850.967
1141.985
247.628
1304.917
1286.739
13.283
470.566
572.659
1101.981
769.554
1310.334
1219.805
1173.967
689.493
913.474
816.173
1277.414
560.679
310.864
1366.955
468.795
1233.764
1540.774
1557.129
1573.537
1160.789
791.847
117.355
519.426
1387.998
997.961
89.280
11.616
764.345
1000.722
1499.519
1201.991
227.731
1199.335
472.962
573.128
366.181
1279.967
955.821
960.093
429.000
1494.675
237.575
1466.599
1295.594
155.068
1030.360
676.002
1350.807
1403.573
1288.927
62.246
1045.517
363.264
1041.454
1239.807
535.729
542.032
213.198
1094.949
90.477
310.239
523.540
1077.812
1569.787
1053.070
1061.143
23.075
1374.872
1528.116
702.463
1032.340
140.431
809.765
1051.924
140.170
296.748
1263.976
698.401
573.858
537.917
937.851
578.910
1213.867
535.625
991.137
110.636
408.477
505.882
44.640
690.743
582.088
1568.432
1249.912
1071.562
1087.969
1584.840
1146.673
1254.705
163.349
1209.075
624.852
515.414
993.116
407.800
985.095
894.149
366.338
32.399
961.447
695.275
429.885
989.939
1019.213
1542.545
797.003
177.726
1424.460
1113.909
288.309
1235.535
1197.719
1536.554
1493.634
1264.236
12.762
44.588
324.563
807.318
373.265
152.202
1417.636
893.107
307.269
726.737
1372.997
793.514
1206.783
522.186
1372.684
1573.172
1033.381
1285.228
1600.154
1322.471
566.929
400.559
180.225
703.401
771.793
117.876
1262.413
1602.654
826.226
334.876
37.869
1249.548
956.342
1040.673
695.015
1187.146
127.460
449.574
895.555
71.673
1303.563
399.518
978.896
598.235
1100.991
543.698
679.128
1232.723
1595.778
646.312
883.626
128.034
1311.376
511.925
357.534
352.273
1437.482
128.085
179.392
967.645
241.325
1549.524
1439.045
146.576
966.187
320.291
1592.549
437.386
788.253
182.726
440.615
62.610
812.318
46.411
541.511
446.502
826.799
1255.850
532.187
847.842
260.806
949.362
1198.866
788.097
316.593
1338.983
1288.978
614.799
10.626
387.798
68.965
369.931
406.550
110.167
679.961
449.574
63.704
917.641
1401.333
1011.348
10.105
1476.341
942.278
1522.959
795.337
1257.725
817.527
1170.269
466.660
285.288
945.716
932.225
1579.996
1501.863
1315.335
1296.792
222.574
1543.377
750.020
1534.835
1390.342
154.337
