2511.179
2573.894
2529.515
2604.730
2508.888
2490.553
2502.429
2621.086
2665.361
2569.102
2528.369
2485.448
2559.205
2627.232
2637.025
2626.712
2638.796
2546.547
2565.091
2550.923
2539.307
2527.431
2508.732
2699.531
2582.592
2556.757
2567.071
2561.913
2597.646
2525.868
2578.270
2570.352
2535.140
2537.328
2552.590
2523.472
2571.185
2565.508
2538.578
2602.646
2525.921
2597.750
2545.193
2585.301
2521.441
2457.321
2579.623
2577.071
2521.128
2575.717
2499.928
2489.666
2495.293
2563.267
2547.173
2584.207
2608.220
2539.828
2489.979
2581.759
2580.248
2508.627
2516.700
2630.409
2574.258
2513.524
2556.236
2550.506
2671.924
2566.185
2500.449
2592.125
2557.069
2719.637
2488.000
2518.732
2595.458
2512.221
2609.106
2600.407
2574.102
2547.121
2727.034
2536.338
2599.261
2559.726
2568.581
2563.111
2534.411
2669.684
2673.747
2511.075
2596.187
2578.322
2532.223
2630.357
2527.119
2625.566
2603.064
2568.946
2503.574
2670.778
2686.561
2493.574
2587.280
2505.814
2555.559
2610.408
2579.624
2630.305
2596.396
2568.789
2518.576
2480.864
2510.814
2558.892
2560.403
2567.539
2593.115
2573.529
2484.875
2554.465
2489.251
2532.952
2570.300
2539.151
2531.025
2537.015
2539.776
2604.366
2686.665
2516.128
2581.186
2764.849
2601.136
2562.695
2569.936
2517.691
2504.252
2553.214
2622.805
2582.332
2517.743
2760.214
2614.106
2542.225
2517.170
2636.192
2675.779
2576.863
2694.947
2428.411
2574.310
2590.667
2616.294
2528.004
2746.358
2563.528
2576.342
2665.465
2539.828
2547.746
2712.762
2570.352
2569.779
2491.021
2468.988
2600.824
2599.313
2566.601
2498.418
2588.218
2603.689
2665.205
2561.705
2540.661
2641.661
2489.823
2484.146
2513.575
2527.274
2567.539
2479.822
2570.352
2474.822
2596.343
2541.183
2673.018
2638.223
2499.200
2548.267
2517.170
2581.603
2571.602
2592.385
2598.219
2569.310
2586.135
2522.014
2516.128
2487.010
2584.989
2571.602
2608.585
2553.319
2544.933
2508.211
2535.245
2514.722
2532.224
2527.379
2682.863
2672.862
2579.832
2639.525
2650.985
2538.994
2591.187
2622.076
2565.039
2549.412
2519.826
2621.920
2579.155
2626.034
2474.144
2538.265
2582.176
2485.135
2543.682
2688.332
2587.697
2527.274
2589.625
2553.111
2552.590
2575.561
2678.540
2645.307
2530.192
2734.742
2646.870
2553.840
2579.103
2517.378
2518.993
2530.661
2624.002
2550.819
2633.899
2513.367
2717.032
2529.932
2493.001
2505.450
2636.140
2524.306
2550.975
2551.756
2631.243
2534.255
2546.078
2529.671
2579.780
2501.282
2532.432
2591.500
2533.942
2595.250
2486.178
2528.108
2672.966
2474.769
2530.348
2566.393
2545.974
2578.634
2529.254
2467.373
2593.167
2549.569
2581.759
2560.142
2450.757
2503.575
2499.251
2752.714
2627.753
2497.063
2646.505
2627.545
2605.668
2534.567
2605.980
2533.108
2576.967
2503.419
2573.894
2564.414
2556.079
2503.366
2740.941
2643.171
2551.340
2517.117
2543.995
2592.958
2584.364
2575.665
2585.614
2526.598
2565.351
2509.460
2501.752
2603.480
2569.206
2577.072
2511.909
2571.550
2520.607
2521.285
2545.662
2547.016
2606.657
2531.650
2542.381
2520.816
2556.861
2537.640
2650.099
2592.125
2575.404
2573.998
2601.553
2556.653
2535.140
2525.556
2544.464
2592.906
2770.267
2585.041
2526.337
2563.476
2476.072
2546.704
2506.700
2600.094
2558.372
2545.350
2580.301
2743.285
2506.231
2595.876
2679.372
2460.810
2597.386
2562.799
2655.673
2706.042
2557.902
2539.099
2623.795
2555.715
2553.266
2540.296
2621.086
2567.851
2589.312
2546.547
2599.625
2607.960
2529.358
2521.181
2626.086
2540.766
2888.611
2547.798
2621.399
2561.706
2631.503
2723.804
2567.591
2449.923
2547.277
2587.384
2472.009
2497.220
2519.201
2628.014
2609.782
2509.044
2548.579
2533.942
2545.662
2589.103
2567.279
2552.798
2626.711
2431.745
2589.156
2468.831
2588.739
2526.129
2511.909
2489.251
2538.787
2517.795
2507.846
2592.177
2532.901
2647.703
2530.816
2550.506
2528.577
2543.006
2520.816
2631.035
2597.385
2540.818
2641.036
2512.377
2633.327
2521.545
2558.111
2519.410
2562.538
2557.538
2598.584
2540.401
2541.807
2645.203
2544.516
2528.004
2618.012
2548.423
2522.014
2518.940
2453.205
2653.381
2651.609
2568.894
2571.446
2532.848
2670.726
2526.389
2534.672
2631.972
2595.250
2525.868
2573.686
2631.556
2579.884
2533.213
2476.280
2516.753
2528.993
2579.519
2570.248
2578.686
2550.350
2514.201
2483.104
2540.661
2619.679
2586.655
2652.912
2561.497
2561.809
2609.470
2506.439
2495.814
2534.671
2509.096
2628.378
2564.674
2633.483
2468.363
2512.950
2551.756
2571.029
2771.829
2532.587
2645.307
2536.755
2510.815
2592.124
2480.448
2646.088
2588.896
2568.217
2546.131
2542.901
2637.442
2537.380
2599.991
2534.046
2582.853
2550.402
2527.639
2571.498
2536.182
2514.878
2507.586
2596.760
2579.936
2572.331
2526.285
2614.940
2513.263
2509.929
2613.220
2625.410
2510.867
2690.624
2637.285
2533.004
2660.933
2639.161
2518.576
2563.997
2646.922
2573.217
2513.784
2558.580
2621.242
2686.665
2683.175
2562.486
2717.554
2503.783
2521.024
2510.137
2526.389
2623.534
2640.203
2533.578
2640.827
2553.371
2652.027
2714.533
2585.302
2534.671
2499.928
2564.830
2608.116
2564.049
2550.194
2474.509
2443.048
2520.556
2658.902
2625.410
2563.945
2572.539
2598.896
2506.961
2503.939
2498.730
2630.930
2531.285
2585.926
2593.323
2576.707
2532.692
2521.754
2570.300
2561.549
2597.438
2586.135
2524.826
2760.058
2619.732
2546.339
2562.174
2480.603
2528.369
2602.647
2616.971
2673.800
2597.073
2589.156
2467.269
2654.787
2517.587
2468.675
2545.922
2565.403
2551.860
2581.447
2556.965
2541.443
2507.481
2513.055
2529.983
2630.306
2575.352
2532.952
2520.920
2487.636
2528.681
2521.493
2602.908
2591.708
2501.595
2599.209
2476.176
2512.898
2662.236
2523.732
2508.471
2535.973
2513.055
2525.660
2629.316
2630.305
2546.600
2527.848
2540.766
2481.073
2498.105
2591.968
2504.512
2651.558
2579.624
2588.270
2510.346
2524.202
2549.776
2733.180
2619.524
2530.660
2571.238
2634.265
2668.486
2555.403
2545.506
2528.785
2640.775
2577.592
2559.934
2639.629
2577.540
2549.725
2548.891
2537.172
2535.661
2577.436
2497.584
2539.880
2533.370
2701.458
2567.851
2535.244
2507.794
2540.818
2572.331
2524.462
2496.855
2604.261
2561.653
2471.852
2529.984
2613.377
2589.572
2539.880
2564.153
2661.090
2525.556
2490.396
2546.912
2496.803
2512.586
2562.486
2510.606
2671.664
2592.854
2527.275
2522.587
2520.763
2561.444
2529.463
2537.849
2515.399
2567.696
2513.523
2602.959
2565.873
2612.387
2571.498
2513.158
2494.043
2546.183
2626.868
2731.253
2551.027
2536.286
2605.668
2539.255
2535.921
2545.453
2541.912
2614.731
2581.916
2640.514
2591.604
2504.095
2605.511
2652.182
2523.733
2548.371
2527.848
2560.194
2631.295
2575.404
2572.800
2607.335
2523.368
2532.692
2679.841
2608.116
2476.124
2551.808
2608.845
2541.026
2512.794
2521.129
2595.666
2536.025
2610.564
2565.768
2574.311
2632.025
2510.606
2563.007
2477.791
2484.041
2747.505
2619.680
2544.464
2617.752
2520.815
2515.451
2602.594
2533.629
2538.630
2528.317
2601.657
2522.482
2649.474
2527.952
2506.023
2491.855
2560.090
2501.803
2664.059
2617.335
2563.268
2525.713
2521.702
2578.686
2525.972
2566.289
2523.368
2622.232
2509.148
2531.129
2525.764
2619.940
2525.972
2621.554
2579.728
2505.971
2540.974
2496.074
2517.066
2585.718
2658.589
2499.355
2527.744
2469.926
2554.673
2535.453
2544.881
2544.672
2645.203
2539.203
2481.177
2512.482
2463.935
2658.173
2574.883
2570.873
2587.750
2525.452
2533.525
2487.219
2574.206
2583.739
2727.346
2543.058
2576.029
2588.896
2537.276
2500.658
2524.827
2651.193
2598.583
2543.787
2646.557
2605.303
2586.603
2555.715
2536.338
2528.733
2653.485
2596.865
2609.783
2552.955
2611.918
2528.681
2529.462
2556.809
2497.063
2558.215
2536.286
2490.188
2447.892
2487.896
2667.913
2621.399
2533.317
2492.115
2559.465
2522.222
2571.289
2445.913
2560.820
2662.184
2519.202
2682.446
2550.767
2520.035
2566.497
2525.556
2594.312
2629.993
2524.931
2576.395
2518.055
2550.715
2536.234
2514.409
2556.757
2700.625
2550.715
2577.019
2526.702
2512.638
2464.873
2607.074
2672.185
2593.844
2565.143
2682.499
2530.244
2541.599
2646.297
2526.181
2497.012
2638.119
2623.795
2507.168
2539.881
2515.086
2540.662
2497.481
2522.847
2566.080
2574.519
2861.473
2622.336
2531.233
2590.823
2513.159
2565.091
2527.171
2588.010
2595.875
2562.330
2616.346
2607.283
2543.214
2588.478
2592.385
2603.689
2578.269
2558.215
2550.715
2565.195
2570.144
2588.635
2578.061
2637.286
2562.903
2535.245
2612.023
2538.630
2522.587
2550.246
2649.162
2662.392
2504.043
2507.898
2545.766
2527.327
2581.863
2613.950
2669.111
2608.741
2591.813
2612.022
2624.680
2536.963
2507.898
2616.503
2551.965
2550.766
2514.461
2545.870
2610.200
2549.985
2519.878
2577.749
2596.136
2652.808
2545.714
2592.698
2684.894
2573.425
2531.702
2689.738
2498.209
2527.223
2602.960
2546.704
2512.222
2537.328
2734.534
2475.395
2500.709
2548.267
2648.797
2685.415
2464.768
2552.121
2531.129
2866.422
2700.417
2579.363
2541.703
2521.702
2515.086
2525.764
2538.838
2557.746
2700.156
2593.271
2711.980
2547.069
2592.698
2562.226
2560.976
2522.952
2557.330
2591.448
2521.962
2558.372
2540.192
2572.279
2601.292
2626.920
2587.958
2575.717
2579.988
2575.196
2702.657
2517.795
2624.888
2537.588
2507.898
2556.079
2526.858
2529.932
2637.337
2673.747
2524.150
2585.509
2660.777
2547.016
2541.443
