765274.946
513930.881
1068007.718
908295.714
1130861.229
283730.523
914599.088
1001621.592
1014845.838
1059554.526
47916.598
35912.264
105088.984
1053038.954
1061389.710
422218.305
1100501.505
755674.308
1055987.428
846407.538
762668.841
341850.301
94967.906
661330.167
63304.906
953305.351
223977.220
419127.755
705284.253
16504.560
898867.035
97373.087
1109316.028
740747.834
303801.535
338691.774
783478.573
57189.578
161064.022
339915.384
837621.661
255994.479
1069197.122
117764.117
351266.273
160708.260
444199.038
44410.845
326893.246
542299.541
146330.519
286410.644
242594.699
197842.831
27007.813
65488.243
261747.016
1032103.609
135000.469
217684.173
79471.103
917626.685
243632.093
403507.463
979182.991
55845.908
89131.618
815722.696
641555.688
302415.839
336769.622
1030676.301
54886.180
674661.281
339912.114
989487.281
839908.842
206916.004
1098149.958
981057.413
660284.331
544346.427
756000.027
529121.522
452248.168
314454.924
785500.794
673767.149
642089.354
975062.528
940194.426
320795.384
999033.701
117303.195
962216.192
51543.360
775677.671
147273.328
16916.841
46173.206
358480.847
773692.796
47660.433
577652.313
451279.128
54238.933
934608.851
273448.944
711395.486
865337.742
407918.123
310046.334
1091690.793
838879.465
850224.572
4890.524
6620.483
1137745.924
937740.317
602457.639
871075.031
1023104.136
708891.148
789110.352
1079950.986
903481.085
220851.011
211728.933
163607.463
757528.872
834185.024
842251.951
132103.953
1045311.509
880174.263
26820.402
934810.843
766222.325
1008608.547
156641.950
343436.188
832494.198
297150.311
91913.668
162032.055
179863.464
368443.865
53732.064
285069.875
966985.109
109473.438
324559.836
959252.751
171348.008
70823.298
718221.869
723825.798
717236.880
315172.109
934094.652
816490.742
642621.969
181233.496
486402.662
134148.635
1132083.889
844874.637
949996.513
781677.442
1094135.962
196073.109
192705.648
46251.187
113090.509
90729.026
451068.995
311297.367
800396.183
250166.305
646542.727
37415.437
321086.022
26946.406
399579.648
599480.630
36492.641
728306.202
1096589.029
1124036.319
419040.855
889052.575
676834.934
132682.769
310124.603
154222.820
895295.943
971379.600
143818.012
585251.402
1076025.341
827965.485
901848.773
646195.578
661295.735
380849.412
23455.912
508319.077
597009.680
271663.653
615356.872
302458.088
3428.769
1114794.001
32810.515
846930.092
1032551.890
1047998.490
22011.451
403885.187
999853.474
120039.416
917237.157
270909.626
109006.579
1122629.568
1078541.142
67659.197
92234.021
470355.993
256323.062
962473.936
711994.357
166696.638
660185.704
657859.959
212420.903
754907.989
664846.782
122602.167
1069762.184
1070091.750
1006468.466
840996.946
655663.245
218551.238
1040950.087
68996.829
254747.031
25024.295
346931.101
880771.788
907414.106
393057.803
394572.846
1053214.252
191543.993
1135744.372
55560.217
653947.934
583230.731
619246.403
555852.354
484789.754
993333.473
969650.454
1133066.784
88194.937
964515.847
456979.099
724558.733
1068908.763
297307.926
580708.414
401202.821
844300.061
220779.222
1073508.747
984881.582
486448.206
27519.850
4047.684
490722.267
166931.098
1058622.210
105984.265
727289.167
110916.043
348024.973
44426.955
423403.048
193337.508
198396.122
473181.563
116927.876
49111.887
248107.495
1054438.637
77854.408
915197.511
96698.314
832809.541
87480.704
237851.192
644769.212
1037849.593
74793.331
428144.919
653901.869
419080.501
82588.929
1124062.994
631018.252
707217.710
67909.957
138654.200
54092.578
458233.876
82759.988
538371.111
764082.904
1091622.416
24608.683
727109.016
1772.724
261567.033
873629.083
938255.913
1028878.019
578534.276
113739.499
604018.827
285011.597
127050.787
685750.489
160572.886
660522.475
75272.026
775126.434
765098.538
609143.027
228124.738
1015394.072
1107743.691
484988.719
267829.781
961711.172
660438.363
681762.928
386289.637
886859.191
36968.266
34843.425
508785.611
597346.530
978429.623
379158.688
207359.190
216864.121
998296.289
777588.985
839624.680
400185.830
97824.055
302594.716
18438.140
1093672.615
604520.409
782460.244
1105332.029
121308.153
69968.442
152927.361
483879.303
889446.180
871704.620
1097654.679
128109.490
410953.339
63049.491
120926.919
108881.534
808523.819
143627.347
612984.884
1120121.134
768247.006
604060.585
349672.459
326768.262
1079997.827
926080.630
622172.447
309676.140
797375.771
328733.246
76857.132
45665.986
992264.078
1061197.059
358343.199
768092.264
814210.014
450644.797
815046.399
1110798.486
672620.417
797445.427
834065.903
818423.503
488637.911
88383.093
747364.017
362705.972
768957.672
274532.638
981666.563
1038420.657
478567.876
977041.484
206557.148
848610.606
738983.370
49221.748
331399.193
625501.334
839725.425
247650.819
920144.156
442047.677
757239.989
476644.936
699045.393
1055545.668
320676.908
624826.589
944457.928
40165.351
592708.218
925533.805
722055.025
125775.679
806121.507
666799.204
60266.413
146668.850
740882.634
195410.345
103878.609
471862.397
55595.857
65479.939
577263.185
95623.121
379698.205
158359.567
267252.464
92563.658
359571.047
988641.704
619523.326
1086116.883
107095.172
582915.978
184878.284
1119679.880
902449.034
308455.367
800565.203
672932.989
272296.915
1053814.077
459416.669
515904.176
334144.161
1067011.975
403757.577
886140.069
1275.384
790567.159
828182.942
890698.744
467659.452
204220.736
1018191.731
986485.065
340665.892
331468.543
688166.093
979564.971
1103686.069
1050311.625
11012.474
642733.516
502666.863
720198.684
92027.465
851218.473
469699.866
1058585.613
1073735.417
276247.203
88389.299
997180.392
801508.138
801289.420
353433.335
88874.243
940071.578
726554.363
953892.765
762508.060
672568.766
72356.808
984876.502
137504.013
1069618.265
124679.071
490787.390
746715.648
604737.505
710792.322
1076355.487
1039358.828
276113.968
976101.756
949776.132
515722.783
47857.819
1049240.834
543843.168
374890.738
731510.226
249433.257
906751.548
188230.550
1033545.360
300452.530
169588.013
47462.052
454221.301
101017.716
450893.531
95192.932
80699.339
8342.788
75111.349
798493.188
138146.422
619579.531
696910.054
1128181.633
900337.344
307356.276
777125.132
368904.643
409754.231
1122616.464
921999.399
482715.687
1070075.850
716050.775
1085661.532
672108.753
529176.083
949898.467
611648.045
481.766
4102.273
222708.120
1035240.501
123560.531
96554.004
642837.010
809793.785
881134.249
691994.388
322488.585
917811.093
60169.328
612121.430
179851.880
1008396.187
174481.984
280896.477
679210.547
328680.333
183953.424
1049903.397
837693.169
1119487.027
115932.241
330608.699
25667.543
917802.769
215693.172
147168.553
676737.969
307136.214
426412.426
442324.335
1088813.641
1073499.241
760957.710
763447.067
278946.241
112544.309
790309.624
165223.849
704299.715
879859.307
766143.948
346291.737
342350.470
31007.801
38062.497
862421.733
578165.912
1004454.948
943389.334
298501.892
204297.279
196544.548
818614.307
92049.457
526539.029
986739.068
541880.259
1119849.856
76586.393
85689.048
171391.273
280586.197
581894.875
1001984.251
1037471.708
95711.324
508699.177
1070269.217
215672.449
602903.481
738806.675
674399.642
375937.228
215883.408
552473.430
474006.697
215976.281
760993.104
20280.094
926241.180
810439.105
1135381.125
878454.773
30754.496
683010.068
191958.639
157449.871
16060.310
781779.921
514049.029
141314.971
684270.037
88623.033
1133719.409
150137.913
1034095.832
253552.277
240513.928
466270.173
629433.674
1094995.968
21367.127
238868.404
1125266.930
899227.012
530018.242
288699.964
951998.597
1081841.000
643422.174
468292.667
1042286.850
506854.486
234911.617
835658.086
943224.680
807648.388
1104492.012
682483.734
789190.088
595022.116
200818.099
130118.575
894990.418
711923.680
767333.333
224232.718
1056704.671
40580.348
361658.306
1002593.896
172337.678
138604.713
1085384.648
26099.775
570254.976
146128.258
702363.330
765389.818
32435.807
530585.187
54839.597
288600.378
604046.594
1069881.587
298741.208
1125583.979
120404.144
472259.003
291385.390
604102.749
139078.928
649307.974
511629.027
56232.546
953432.677
625955.187
784906.671
333383.900
1083931.036
976737.499
458134.457
854876.390
55552.949
973196.949
537502.171
207722.734
724843.551
322468.310
128563.950
1092396.555
809976.407
39685.210
795711.012
277852.310
860090.706
1118198.651
242601.489
165998.161
736885.352
255992.843
470643.545
205905.685
905550.389
224845.650
692326.858
572662.053
711158.845
103236.334
827883.990
840593.404
175585.396
1132922.646
401666.481
1037648.285
529530.939
1048214.470
719795.889
875679.632
1069824.803
33076.079
483770.713
109780.357
667069.309
1087957.141
527893.076
692788.477
678793.003
182971.741
111206.902
331161.613
464042.653
105233.197
314268.357
435834.130
939400.521
429696.139
310257.656
561530.827
62617.128
13091.273
553229.084
172738.039
1039822.265
378943.551
992607.052
37756.743
895580.384
1039934.364
1088559.248
595998.402
1094383.098
11154.678
733251.588
93094.883
782874.278
774701.504
146329.068
123464.137
502137.145
106278.404
8616.723
3675.722
247683.035
186468.751
140820.043
940399.437
73545.795
40130.932
66722.424
47973.049
395343.172
404894.413
1074914.963
2654.789
95069.919
1010223.155
601048.431
1044592.853
546682.626
1116218.412
46387.896
888570.344
1133923.157
33591.390
5844.996
851055.293
1133348.260
9987.377
996074.811
872329.187
901264.710
747452.672
668101.677
97132.517
263231.010
865107.967
1061769.173
316883.675
758849.409
203342.219
51166.277
465347.642
1085948.716
366624.502
449107.055
969055.529
471555.332
199632.485
773712.525
381964.121
836849.915
58541.786
955554.636
389475.738
166103.495
1132065.344
77584.002
45808.986
497321.382
441610.026
170431.677
69338.045
957452.065
523798.072
567044.726
749853.442
621742.702
774522.509
808507.741
318943.309
79665.039
749734.370
815427.634
315261.337
179812.383
554947.720
128481.245
75853.523
1100955.978
555159.669
224549.286
953585.345
472188.059
465377.084
43276.032
940313.900
990746.932
616339.841
1046196.337
21541.731
543852.740
1055578.501
719189.534
287304.871
128224.451
408672.823
579905.936
518428.759
611292.271
112748.935
66803.998
19789.842
926915.419
1007175.050
188861.756
148736.655
269823.069
254463.085
1094111.373
508100.361
236169.587
1049000.372
590878.414
658437.642
316455.002
578739.526
73503.921
131325.796
549709.932
449143.848
1106796.833
47360.805
814406.151
844831.559
408709.030
1128994.673
569102.499
248400.363
658149.495
483984.323
81251.082
648444.593
643540.315
1064355.370
786683.253
994781.936
816748.939
1043369.425
1098862.013
17980.448
829862.249
818538.387
141159.046
831756.080
900697.684
54204.441
35329.479
102581.127
19735.254
164122.896
974819.220
939070.535
136488.800
429.886
683801.428
122694.542
1110698.902
710469.545
654086.664
1048534.159
985461.304
135372.756
688762.228
647478.054
773880.406
1003475.508
955939.269
981670.628
948714.818
133726.450
307803.129
796611.632
799215.116
196900.619
507449.276
204722.786
249105.439
356258.575
745946.704
10407.992
967122.968
275264.026
970991.054
702714.530
360210.575
826848.748
944127.922
642205.467
222508.686
