11493.775
978.897
1208697.006
215637.757
1493868.251
1653177.820
1329422.199
27404.751
5803.586
1716853.397
703507.324
418705.074
1228285.850
959921.554
479884.416
553517.208
468267.348
1076133.700
247204.061
1441565.834
157320.886
428597.082
1758063.883
322119.844
49834.434
318072.575
123995.403
1053558.385
759959.755
1028033.766
1434157.623
210846.670
737021.223
323541.703
1565817.370
1057466.949
618920.978
1574698.396
596954.675
1540500.903
260257.679
1107931.712
347912.099
1655089.250
31447.228
911324.241
407961.852
1016270.969
1473815.150
673533.333
1231613.240
984225.718
1187936.229
322863.257
885265.565
1428413.968
1360206.495
194481.696
351571.730
1712642.845
1385029.021
453460.402
395816.196
181666.542
65179.889
461183.966
694251.921
364629.722
1063131.069
330943.943
129288.995
940910.211
551802.897
446391.695
1583339.070
974241.637
1215388.816
94229.280
331339.868
1306945.390
662126.819
433551.853
354372.424
1471948.180
335520.173
514676.421
682967.497
1666184.755
815593.696
1447599.722
636095.279
541978.770
131687.199
1137541.926
514092.045
1385133.540
46900.349
452773.834
34380.171
813761.439
333826.678
247601.926
1392651.308
1190901.400
98667.890
1706042.874
1319528.566
814954.215
1218511.906
1511246.669
1581930.014
926979.506
1557591.240
154865.500
1520456.688
309522.023
665174.269
743364.490
682240.724
1207649.870
301140.426
644025.649
1406895.634
722948.233
1348070.636
69498.333
1073487.328
680193.497
1158741.780
94016.033
692542.306
1679730.814
216000.208
899242.494
1497657.456
70080.368
343993.979
1662338.292
1249752.059
1123393.918
1229343.720
1430439.823
409288.728
1256843.381
1337528.743
774102.186
614649.309
552741.611
1550367.816
1540118.486
1202639.462
1236740.130
1322785.910
202354.194
553969.390
1622409.948
84146.532
1159028.135
1233766.928
609733.732
1562752.631
642340.451
792665.360
994053.784
1196998.612
521780.216
867503.799
1145882.487
1318605.465
387799.871
1511701.835
855566.598
803074.921
481843.880
852445.827
1582401.489
403080.633
1300184.303
753085.625
1402996.146
1520631.621
835480.949
1006036.737
1630811.165
946579.122
550820.763
427023.386
1663933.981
1544851.544
382994.565
703985.952
1250435.458
976694.510
1156567.197
1304966.193
177912.704
1579579.260
234451.704
1471987.890
1450372.921
488340.721
1469804.660
487330.779
304881.746
716150.946
503384.584
1236410.665
1140317.811
1534744.850
1165006.261
1687572.562
392772.346
1666587.706
698004.026
597501.522
1743836.958
78886.700
431916.997
1307737.159
978987.980
1100225.893
1208330.286
900022.524
938190.933
1510568.343
1586710.872
1502570.588
1553626.609
1761644.232
1486560.907
627470.753
1400092.688
717278.051
1095553.053
1521610.110
1254143.880
783521.594
816786.556
1008777.045
1613040.541
1179061.722
1166617.228
494049.313
1026750.624
1558978.244
867403.059
399208.245
1532190.843
906991.816
1300568.523
254489.552
911217.177
64418.833
267537.439
1485843.569
779614.139
1159465.863
882811.545
1442763.747
813893.160
1148822.172
755481.788
687302.016
296594.284
1693034.562
1563967.083
1241272.962
1459653.685
20481.424
311265.664
76609.398
277403.195
580730.429
724017.006
903788.911
1007213.007
1322636.734
1447026.730
792094.897
719332.541
624747.120
658115.375
65341.632
1373089.055
443696.862
536338.917
1327439.292
1661209.186
1763030.993
1126155.709
644296.270
1602601.080
1054980.645
1365990.820
1428403.157
1088587.206
626416.248
245213.446
1361702.645
257976.461
410159.116
1409822.235
1488770.197
770616.147
65337.466
1353242.242
1416186.142
228927.848
543891.224
530454.288
619692.367
732941.225
1561773.001
1546430.152
1401441.637
493004.648
1133680.990
634797.020
361777.786
1479849.808
761148.928
1449514.248
978739.631
1493100.479
1532437.390
1677778.964
704422.930
847760.922
55948.843
1020978.859
709239.181
518544.435
1747684.643
969219.907
1190619.108
889787.316
1633409.125
1620319.256
585225.578
851953.367
748215.749
325647.548
1356567.125
459719.741
940762.084
112908.722
320053.200
1032991.707
132153.933
1476042.846
674375.735
1046489.536
1693766.327
1197746.065
759008.993
293246.785
41470.140
1307700.126
290794.566
1145186.044
1235783.477
334933.040
320497.152
1640515.462
48707.721
1362214.458
1487543.770
1603767.715
1668918.916
784792.920
548943.973
1256359.033
1099302.356
1580189.118
164740.917
1647103.929
1417253.641
1277960.415
1043201.573
1501160.892
1470411.539
194296.093
1346759.215
1397102.721
1708078.377
104666.202
396867.473
523681.148
989471.336
1427068.097
1562125.443
790120.324
855557.438
1120824.572
1373041.891
428723.447
192633.536
1333178.003
779932.926
545106.732
338363.485
1538459.650
973659.175
880958.567
924443.488
590276.558
919816.735
1436835.520
1525208.259
448081.016
351780.682
1717287.421
698943.362
809310.902
106871.053
1534227.528
820605.651
1081184.154
1602847.613
1117002.286
140532.620
247382.475
396777.002
285509.945
1512420.354
1360622.208
1577249.651
156541.891
114278.809
1563109.158
895862.583
614718.428
908759.624
594204.552
93857.806
557866.735
935226.010
897308.091
738817.051
1416307.805
893062.209
445665.943
1227134.188
909276.345
828061.700
1539125.107
1260563.495
928039.741
151533.852
1247973.778
500463.480
112341.121
1333502.283
178634.414
1369556.949
500401.339
1058090.197
1236411.820
283343.227
172077.159
590847.043
587839.144
184792.568
379756.596
1211078.568
1201964.242
1013453.135
1581847.883
917928.864
1546233.419
789489.350
1760252.540
1108818.957
1383210.896
1291317.761
147992.727
260532.617
388725.234
1524863.266
180271.086
625754.152
187698.217
620649.696
1444108.146
1008939.940
19196.561
652568.698
1673233.898
433349.799
332351.608
1020817.925
1508816.445
460361.291
232276.892
1495601.563
300085.542
1078292.444
1752937.570
1586578.676
1579559.137
668233.095
139658.893
1746425.689
1596850.516
1591769.135
725603.228
1735206.837
1281353.835
452212.113
1136109.657
1138832.007
1062684.157
33409.772
342020.367
265355.279
406165.328
5609.297
1483003.836
508255.033
9934.199
1000496.317
145725.737
1129179.192
797477.123
1691045.295
1092982.587
368743.395
775468.310
205447.088
1755523.051
1145695.495
840651.809
634225.198
189385.260
1270762.759
805489.940
1682020.775
80610.109
145516.862
16506.246
165348.434
1097196.024
842454.696
1313278.007
1170648.353
863833.555
1112053.050
1500312.259
1734653.733
117439.435
1752053.037
928384.339
1220233.875
591886.382
706488.196
569262.767
421163.152
744925.022
1027630.072
300291.663
1059542.459
1215556.078
1695873.392
216301.067
383520.519
7561.728
340994.336
1726608.165
465049.833
617275.113
125944.068
1550642.445
202437.943
215826.177
82027.072
195402.621
1271317.829
1029946.606
1605508.325
145301.010
42742.246
1576770.937
1269500.518
625532.433
164412.720
1177646.810
868032.830
14239.933
845798.002
1332020.740
1603352.182
293540.225
876621.378
1031626.670
655315.082
873965.442
1481102.904
248911.701
659243.643
759663.970
824967.482
666286.884
845163.882
996696.074
149929.797
558075.953
1604426.878
362391.481
1304708.028
935030.628
481654.012
446490.735
205565.022
435228.698
229493.660
1371927.980
948652.272
89618.595
191306.129
669258.062
1650460.389
858568.789
917042.833
779038.367
966256.180
107922.101
1660643.417
992099.851
1249988.629
930884.707
154003.425
266615.359
826354.708
1559018.131
846156.121
1558013.296
301810.828
252261.719
39255.240
49814.032
1071215.184
746151.669
477722.278
481355.862
245845.519
1550075.856
546034.627
777007.184
343046.678
385688.864
606818.011
685331.043
867317.254
742555.694
1262310.151
147113.690
825340.290
1462013.979
251476.018
1391937.604
1522942.066
365172.382
448817.426
1617174.395
507637.077
1060531.960
775971.357
1118385.735
262585.749
377040.729
838291.871
213951.468
235739.794
1281007.453
772123.482
605523.201
809686.891
241975.247
641832.685
184611.416
102548.453
72078.394
41479.520
1654776.251
1014012.368
594128.755
1668348.359
592369.574
699120.521
15339.832
327845.822
518494.755
362202.407
417436.916
294822.910
35212.033
248815.551
1731616.052
1609413.909
1524865.808
749656.084
798739.628
1590781.726
255304.258
1289983.338
1380029.477
1495671.553
922853.626
1147984.209
739670.527
1053408.098
1338740.499
1199493.096
444680.517
718074.044
497174.707
682213.093
1667184.561
1732977.654
594265.701
253055.291
343116.483
1091056.935
238533.977
295345.983
532303.660
205439.963
1365266.376
542358.288
1013715.423
1253699.282
310041.586
1744969.508
994540.687
1034063.454
138064.319
706219.816
939821.437
243608.535
1288509.976
742925.121
360384.265
1750230.286
151684.921
477802.557
245852.245
500933.463
1676738.942
1530390.273
270868.907
122100.520
641137.732
958921.066
1303585.723
304970.676
199637.574
936973.870
634179.084
777453.080
226099.118
1595151.133
122391.851
806219.901
1230941.599
173922.615
143715.132
1631614.854
1657990.347
102184.721
1762933.412
1730776.939
1124107.779
397051.235
1280642.290
1698238.033
144407.024
67110.878
720331.514
1613452.408
532281.008
343832.234
208683.095
562172.887
54710.137
1564382.928
1613599.560
1636186.610
577344.526
477548.475
356451.072
1581909.851
498517.555
1469775.408
557647.655
562995.469
446499.766
1267509.659
1359080.012
1445472.671
212784.954
1490720.165
94057.626
1471918.537
1004484.434
1489425.040
379899.250
1358008.087
692627.041
806084.584
879127.553
1368380.456
836541.727
1495663.517
1639237.545
1441578.182
581864.139
391031.848
482568.291
1320743.409
659492.243
1100926.777
702400.082
754571.950
1573562.798
531540.212
1096683.448
1457709.970
210766.113
1295410.260
1174697.165
1458202.260
1028477.619
317872.880
1721327.239
1390695.770
1591880.166
1676453.533
736302.304
1654505.713
532479.629
572406.082
681083.159
608090.142
132482.944
535436.065
407333.965
701481.611
773867.590
1700627.045
412789.811
1119348.741
1623439.765
663189.069
1404781.995
1194879.560
814600.529
32703.873
730172.020
1166175.454
1457961.256
1036801.668
280627.315
1268976.957
1750597.194
952541.301
68700.984
258838.989
477827.209
228486.961
579862.543
477102.972
84158.640
494669.531
297834.153
930887.311
185171.947
58694.485
443795.343
516560.681
1686828.779
1733722.632
921913.622
5396.361
762854.852
190604.093
1518700.843
1051520.194
781422.812
828776.762
571355.568
1428719.291
1610635.035
602194.728
1193672.835
1757331.558
1612190.606
672886.063
173569.251
807652.252
452999.317
308032.339
1129905.877
615658.597
1536366.689
1331576.938
162243.249
785316.685
1390568.380
391698.379
498367.501
892253.073
1151417.825
760475.301
558288.773
1053524.614
183808.377
428279.872
810951.067
1760533.910
1283264.512
78078.932
1332350.664
321028.454
156942.420
1138456.821
1754362.111
1228208.249
1677443.814
460616.157
65974.833
395480.521
709495.061
190404.023
1676687.075
1381844.357
195167.458
464071.026
1282648.102
325297.986
1588909.385
1700286.311
1106616.317
1220258.986
860245.055
1729005.682
99676.303
877108.735
56998.695
207963.135
1446166.376
456732.655
825036.771
389840.284
1499668.324
988413.988
1532799.635
904374.421
1271146.202
203015.308
705516.655
1472381.702
759664.291
587307.135
1425423.780
875986.284
1210619.194
732835.471
485241.901
1555448.884
1351390.088
524358.119
1036428.006
1380582.890
489078.109
1039756.093
1020577.291
45362.193
1614316.827
349487.123
1484021.646
1567799.313
545896.423
249411.146
717101.905
399864.547
1349241.497
490739.418
474041.641
705273.093
1521555.785
1043816.283
1214479.057
1045113.546
255719.888
876965.446
1596783.400
11207.606
1511839.161
495448.212
696999.005
