3344262.155
3344059.273
3344339.823
3343917.231
3344296.489
3344177.104
3344631.734
3344113.352
3345299.720
3347891.590
3348017.854
3347347.790
3347371.441
3347251.535
3348446.653
3346888.638
3347695.802
3348079.696
3348240.495
3347983.648
3347011.263
3347012.151
3347652.893
3347562.260
3348339.317
3347924.070
3347583.830
3348708.681
3347127.851
3347661.082
3346223.131
3348359.018
3346797.513
3347052.905
3348781.253
3346672.193
3348296.937
3346985.508
3347557.910
3347562.808
3347857.265
3348333.199
3348280.070
3348966.024
3348357.163
3347345.244
3348328.779
3349014.941
3348079.330
3346787.174
3347636.633
3346990.739
3346889.844
3347964.378
3347113.984
3347744.203
3347372.814
3346602.532
3348393.073
3347553.565
3345513.628
3345185.108
3346257.506
3346381.217
3346297.147
3346208.390
3345683.184
3346529.882
3345796.791
3345978.060
3345765.801
3346244.287
3346246.475
3345343.836
3345576.517
3344774.825
3344870.721
3345033.655
3344577.101
3345588.503
3346272.790
3346739.087
3346640.849
3346553.550
3346430.935
3346145.752
3345754.309
3345404.641
3344607.741
3345503.455
3345435.793
3345978.712
3345388.082
3345595.655
3345128.216
3344791.256
3344642.441
3346818.645
3345417.348
3346630.943
3346012.389
3346117.999
3346428.629
3346524.290
3345702.204
3346314.323
3346737.725
3345253.178
3345797.166
3345822.092
3346490.154
3345711.408
3344826.035
3345078.432
3345456.415
3345265.279
3345641.803
3346048.070
3346897.350
3346590.578
3345095.042
3346638.818
3346247.872
3347162.315
3345795.335
3346821.508
3346022.501
3346532.373
3345063.091
3346718.650
3345671.026
3345703.508
3345094.624
3346192.316
3345098.646
3344549.352
3347345.233
3345391.477
3346045.480
3346817.516
3345551.486
3345704.553
3346454.035
3345697.483
3346061.405
3346041.019
3345901.402
3346346.323
3346083.466
3345549.384
3345319.134
3346047.417
3346261.065
3346908.558
3345887.137
3346595.158
3346485.442
3346707.112
3345995.670
3346185.619
3346731.228
3345940.299
3345309.022
3346196.905
3346581.770
3345553.370
3346858.482
3345088.343
3345874.029
3345909.068
3345551.307
3346058.268
3345914.071
3346538.857
3345847.939
3345724.369
3345939.166
3345968.945
3345662.962
3345212.693
3345057.402
3344710.842
3345925.062
3346006.826
3345876.641
3345700.463
3345189.096
3345965.928
3345853.663
3345702.801
3346642.984
3347209.432
3346378.190
3345430.165
3345614.752
3344211.059
3346597.582
3345860.412
3346692.356
3345976.125
3344926.946
3346680.491
3345638.969
3345841.893
3347417.816
3346364.573
3346260.905
3345987.428
3346116.334
3346788.992
3346629.171
3346256.310
3346464.026
3346040.534
3345367.278
3345454.514
3344117.756
3345650.030
3345042.719
3346380.495
3345311.263
3346259.574
3345797.433
3345396.757
3346022.484
3345679.158
3345685.866
3347492.804
3346537.802
3346497.371
3346015.646
3345950.941
3345671.527
3346721.151
3346818.546
3346036.271
3344317.236
3345065.216
3344916.597
3345211.720
3344299.120
3344812.285
3345422.751
3345668.077
3345633.741
3347160.652
3345623.564
3346120.322
3346937.736
3346300.998
3346470.796
3345393.545
3346478.278
3344775.861
3345179.016
3345030.867
3345254.890
3345061.789
3345351.704
3345351.382
3344519.937
3346300.884
3346141.589
3345728.206
3346924.929
3345424.356
3345478.416
3346283.590
3346081.947
3346093.763
3346100.734
3345481.133
3344922.528
3346462.724
3345736.654
3345335.512
3346280.441
3345168.866
3345491.337
3344761.153
3346530.694
3345881.247
3346708.664
3345282.579
3346712.868
3346432.468
3346063.309
3346415.628
3345576.423
3346100.478
3345816.588
3345724.905
3345948.566
3344964.087
3344463.144
3344653.052
3345689.397
3345523.487
3344306.173
3345542.381
3346171.863
3345802.914
3345498.398
3345322.541
3345645.951
3345628.182
3345302.206
3345536.388
3346677.536
3345917.142
3345805.145
3346043.182
3345285.081
3345426.286
3344662.507
3345615.094
3345074.462
3344108.370
3345256.342
3345476.461
3345790.340
3345189.702
3345988.369
3345427.214
3345679.681
3346389.901
3346657.265
3345884.214
3345289.515
3346693.293
3346477.745
3344187.879
3344789.494
3345413.040
3346145.398
3345692.170
3345431.670
3345961.352
3344737.477
3345564.845
3346091.505
3346087.072
3346121.237
3346356.047
3346060.336
3346807.591
3346466.250
3346534.428
3345860.295
3345893.314
3345417.689
3346540.398
3345969.452
3346228.692
3346381.202
3345431.312
3345521.211
3344933.284
3346790.597
3346388.053
3345705.377
3345694.277
3345185.785
3345887.100
3345443.666
3345945.689
3346855.827
3345321.036
3345285.403
3346490.881
3345810.914
3347019.779
3345691.727
3344367.322
3345980.444
3344604.680
3346231.763
3345871.828
3345811.453
3346688.618
3345548.450
3345200.078
3345946.605
3346179.073
3345946.598
3345986.701
3344527.961
3344623.435
3344743.131
3345607.795
3346439.748
3346786.288
3345941.409
3345440.054
3346746.741
3345971.713
3346919.980
3346417.479
3345630.367
3346859.754
3345973.310
3345526.648
3345735.831
3347019.235
3344776.511
3345930.058
3345960.527
3346215.445
3346043.653
3345913.376
3346231.477
3346646.827
3347046.707
3345561.036
3346873.766
3347481.062
3347060.914
3345312.822
3345768.020
3345317.191
3345241.295
3345511.839
3345336.766
3345411.042
3345723.465
3345353.946
3345950.877
3345302.164
3345186.004
3345895.915
3346505.086
3346084.625
3346827.091
3345930.437
3345774.743
3345915.326
3346221.083
3345741.762
3345453.657
3346323.584
3344960.322
3345953.177
3345094.757
3345268.573
3345708.926
3345536.302
3345395.348
3344127.773
3345495.301
3346187.293
3345228.759
3345527.119
3346244.166
3346223.484
3345151.137
3346341.929
3344897.565
3345793.953
3345582.003
3344666.702
3345689.196
3346000.266
3345905.306
3344903.747
3345170.802
3344869.728
3344313.473
3345815.337
3345806.323
3345392.270
3346295.482
3345410.027
3345681.510
3345955.806
3345562.015
3346321.826
3345454.499
3345388.710
3345251.819
3345234.211
3345277.234
3344689.622
3344454.389
3344754.885
3344711.910
3344382.968
3346465.984
3345000.473
3346558.176
3345140.222
3345749.082
3346044.786
3346155.108
3344427.644
3346475.135
3345316.634
3346239.118
3344798.871
3345133.850
3344542.644
3342943.371
3344020.818
3345790.626
3344808.028
3345310.366
3345309.844
3345170.349
3344872.870
3344630.032
3345537.984
3344634.508
3345659.242
3345425.155
3346435.461
3345810.554
3345491.823
3346754.758
3346363.780
3344720.388
3345343.989
3344088.395
3345559.736
3343465.102
3344881.281
3345891.118
3346224.899
3345854.028
3345926.429
3345501.334
3344393.776
3345942.989
3346912.353
3345907.305
3346159.047
3345538.985
3345836.513
3346204.203
3345996.108
3346157.686
3345340.155
3344863.336
3345426.619
3345809.937
3346585.741
3345942.135
3346552.506
3346033.235
3344516.626
3345408.326
3344857.802
3346538.591
3346336.486
3345673.712
3345959.155
3346523.689
3346575.827
3346357.732
3346602.390
3346616.609
3346599.210
3345231.471
3345312.259
3345582.075
3344200.376
3344859.553
3345563.215
3346131.030
3345246.932
3346158.218
3345697.234
3346310.262
3345782.396
3345004.038
3345877.664
3346816.922
3345565.391
3345180.300
3346573.405
3346161.280
3345956.884
3345272.023
3345901.616
3345998.551
3345380.104
3345578.091
3345892.651
3345805.663
3344134.508
3346076.365
3345688.565
3346365.453
3346299.873
3345085.690
3346784.137
3346296.901
3345322.065
3346395.919
3345282.528
3346598.020
3344740.753
3345294.348
3344959.940
3345736.838
3346377.733
3345998.007
3344155.690
3345802.882
3346913.615
3346913.562
3347161.242
3347334.175
3346032.536
3346564.305
3345389.085
3345910.854
3344864.657
3344606.714
3346376.209
3346023.413
3345423.927
3345038.732
3345966.843
3346440.691
3346027.993
3344483.205
3345802.761
3346552.105
3346971.728
3346342.759
3346368.750
3345990.640
3345089.248
3346172.270
3346509.594
3346152.528
3345977.562
3346079.759
3345997.822
3345248.008
3345714.303
3345925.157
3346027.301
3346129.342
3345744.408
3346204.921
3346623.503
3345724.144
3346507.501
3346900.455
3345699.243
3347203.608
3346289.768
3346536.041
3345471.405
3345783.831
3345264.509
3346074.535
3346821.275
3345662.306
3346230.382
3345322.584
3346503.272
3346534.889
3346389.614
3346462.641
3345823.724
3346286.945
3344881.546
3345919.616
3345658.444
3345275.958
3345776.945
3345989.516
3346244.280
3345801.476
3346598.950
3346608.481
3346257.664
3345879.763
3345758.448
3346969.868
3346570.088
3345491.649
3346532.167
3345837.046
3345756.934
3345896.114
3345585.926
3345802.301
3345316.576
3345858.608
3346323.340
3345441.326
3345517.583
3346496.428
3346361.936
3346063.104
3346356.205
3345973.355
3345612.068
3345486.587
3346071.331
3344619.834
3345931.056
3344408.093
3345980.643
3346067.526
3345772.705
3346686.857
3345655.765
3346206.496
3344762.091
3346413.396
3347008.472
3346156.063
3345354.388
3345917.950
3346673.198
3346378.656
3345560.677
3346542.873
3345940.280
3346412.166
3345561.893
3344845.694
3345563.125
3345349.995
3345899.127
3345833.201
3344207.538
3346277.703
3346155.156
3346416.552
3346095.755
3345914.555
3345270.967
3345647.790
3345920.853
3346066.924
3346046.261
3345617.172
3345486.498
3345911.397
3344351.521
3344748.606
3345315.394
3345269.155
3344269.905
3345367.163
3345906.448
3345982.563
3346502.889
3345626.515
3345702.161
3345321.409
3345599.888
3345878.158
3345987.141
3346194.519
3344524.265
3344927.443
3345376.198
3344690.467
3344543.904
3344681.742
3344463.765
3346290.414
3346289.333
3345520.938
3344128.002
3346408.862
3346073.425
3347002.278
3346032.404
3346667.739
3345734.483
3346041.243
3346549.378
3346788.111
3345226.513
3346618.483
3345626.783
3345107.109
3345743.902
3345306.787
3344471.144
3345156.013
3344591.126
3345437.262
3345068.539
3345023.076
3346380.876
3345841.824
3346216.246
3346309.495
3345790.498
3347185.591
3346355.104
3345593.426
3345766.057
3345127.828
3346028.031
3345833.804
3345251.621
3345323.930
3345420.356
3345307.334
3345191.760
3344723.286
3345736.832
3346242.776
3345428.383
3345798.325
3346331.773
3346829.486
3347036.651
3345330.036
3345353.485
3345503.977
3345738.020
3346739.116
3346492.435
3345346.082
3345429.015
3346017.363
3345595.403
3345244.648
3345950.768
3345568.083
3346243.678
3345139.204
3345982.107
3344969.778
3346234.284
3345141.581
3346426.610
3346711.230
3346070.706
3345724.483
3345156.988
3344883.532
3344931.721
3346159.297
3345585.916
3344685.211
3345307.674
3345648.549
3345704.708
3346825.450
3344467.154
3345852.505
3346744.214
3345460.763
3346374.766
3346439.363
3345206.281
3344883.392
3345672.695
3346487.000
3346271.153
3345256.790
3346167.250
3346294.769
3346486.409
3345306.822
3346788.588
3345176.198
3346248.236
3345388.211
3345704.499
3345906.191
3346495.369
3346296.919
3345461.011
3346170.878
3345578.587
3345622.192
3345027.713
3346303.156
3345506.990
3345784.315
3345595.761
3345672.858
3347366.935
3346299.859
3346060.674
3346720.067
3346497.135
3345567.727
3346120.704
3345484.866
3345558.525
3345636.194
3346171.200
3345657.093
3346224.237
3345197.684
3345016.005
3346089.552
3346429.643
3347112.997
3346161.971
3346927.208
3346065.411
3346317.992
3345663.089
3346182.260
3345887.497
3344872.612
3345710.667
3346185.718
3345619.210
3346606.655
3345489.259
3345773.146
3344798.680
3344891.819
3345935.415
3346532.354
3346552.309
3346503.819
3346481.426
3346675.876
3347040.656
3346896.740
3345533.018
3347473.629
3345910.408
3346258.415
3345078.460
3345428.968
3345317.190
3346908.080
3346023.257
3346208.749
3345003.531
3345532.181
3346786.422
3346562.290
3345514.431
3345347.649
3346025.896
3345827.027
3345855.731
3346125.710
3347291.609
3345511.282
3344939.356
3345765.950
3346070.619
3345607.557
3344200.080
3345505.472
3345170.286
3345050.799
3344723.375
3346345.361
3345913.239
3345380.326
3345573.629
3346185.255
3345063.013
3346543.891
3346763.447
3346345.546
3346536.245
3345039.123
3346418.896
3344972.560
3344504.653
3344532.889
3345814.736
3345066.178
3345566.386
3346111.598
3344837.883
3345131.093
3345739.333
3346379.867
3347165.676
3345862.167
3346011.351
3346586.097
3345910.774
3345838.739
3345643.880
3346593.090
3345453.189
3344961.478
3345925.638
3345736.092
3344917.941
3345955.024
3346326.626
3345387.527
3345467.798
3345226.631
3345312.997
3345386.080
3345079.126
