19945
19197
20064
19745
19390
19792
20017
20153
19094
20147
20230
19003
19348
19100
18660
19943
18731
18870
19072
20820
20698
20126
19611
19108
20740
18670
19179
19863
19143
18998
20193
20168
20090
18689
19744
20006
21170
20074
19304
20015
20565
19925
19838
20537
20839
19206
20319
20018
19538
19717
19846
20145
20203
20374
19487
21333
20170
20287
19699
19532
19684
19321
20046
19704
19519
19788
21346
20042
19591
20212
19700
19957
19932
19906
19262
18813
19837
19295
20331
19614
20303
19405
19638
20240
20414
20554
19041
20509
19303
18858
20414
20262
19237
20250
20358
19025
19480
19990
19799
20155
20083
19375
20256
19359
20117
19337
20141
20820
19762
20879
18472
20720
20145
19426
19240
20159
20749
18729
18670
20278
20101
19508
19464
20332
20449
20382
20238
20297
19538
19995
21112
18801
19367
19635
19926
19569
19582
19994
20180
20789
20080
19794
19943
19981
19798
19764
19313
21023
19343
20367
19290
19959
19383
19696
19871
19242
19550
20410
18989
20255
18833
20131
19443
19199
19261
19158
19900
19046
19904
20080
18802
20016
19998
20178
19848
20864
20743
20284
20868
19817
19804
18983
19712
18716
20102
19707
20715
19944
20606
20802
20446
20406
19578
20184
20077
19949
19632
19700
20132
20221
19508
19565
20511
20515
19273
19379
19942
19560
19384
20278
19412
18703
20087
19638
20143
19783
19242
20844
19552
19943
20312
19588
19823
20797
19844
19258
18664
19663
20632
20500
21371
19938
20185
20424
19578
19925
20730
19934
19643
20775
19884
20347
19831
20290
18882
20062
19458
19085
20399
20187
20080
19995
21517
19657
19257
19560
19385
19197
19903
19595
19599
20213
20311
19788
19746
20777
19764
20863
19638
19991
20398
20453
20222
19998
19890
20092
19279
19663
19519
19220
19393
19904
20627
18915
19768
20061
18881
19716
19862
19682
19312
19766
19926
19390
19827
19435
18356
19618
19746
19850
20113
21269
20104
20401
21114
20268
18485
19559
19462
19928
20460
19959
20539
19593
19366
20387
19999
19116
20430
20879
21237
19955
20014
19163
19819
18943
19702
19458
19602
19617
19291
19645
20594
19056
19439
20334
19605
19716
20413
19731
21074
19186
19811
19490
19627
19953
19250
22144
19248
19802
19496
19445
20279
19803
20658
19469
19825
19407
19074
20582
19950
19541
18733
19549
19819
20240
20773
20612
20006
20066
20120
19646
21029
19911
19759
20871
19173
19371
19968
19532
20041
19178
19692
19528
20079
20150
18769
20579
19859
19555
19401
19031
19599
19900
20580
19879
20018
20052
19621
19157
20223
19783
19517
19470
19533
19679
18947
19110
20470
18562
20313
20312
19230
20373
20881
19951
19494
19320
19277
18495
19096
19592
20745
19175
19725
19364
20087
18590
19861
20782
21233
19599
19606
19103
19764
20139
19923
19341
19801
20050
19659
19559
19019
19616
19083
19033
20228
20898
19406
19656
19879
19734
19746
19933
19669
20236
20396
20667
19730
19193
18965
20470
20879
19439
20548
20192
20467
19386
20236
18892
19469
20824
21092
19550
21406
19879
21427
19769
19878
20406
20108
19875
21057
19673
19815
20473
20068
19477
18892
20629
19461
19373
19944
20402
20334
19908
19030
19564
19817
20064
19942
19483
19684
19902
19931
20213
19147
19911
20391
21800
20682
19127
19739
20289
19690
20313
19159
19745
18991
18700
19189
19313
19623
19838
20041
19634
17726
19946
19635
20202
20233
20133
20307
20504
19966
19573
19468
21500
19722
19598
19573
19479
18242
19578
19715
20004
19837
20240
19973
19450
19671
19868
19534
19422
19417
19518
19950
19408
19942
20590
20390
18805
20056
21045
19807
19611
19316
19489
20150
20407
19900
19478
20728
19792
20149
20507
18820
18933
19974
19764
20018
20439
19461
19672
19870
20113
20747
19907
18911
20019
20699
19515
20227
19419
19987
19931
20899
19774
20941
20458
19779
20075
19164
19611
19830
19324
19767
19126
19139
19563
20140
19299
19669
19827
20196
19658
19460
20925
18755
19782
19052
20075
19821
19030
20288
20011
20364
19649
20052
19919
19813
21001
20501
20013
19248
17982
20048
19765
19353
19595
20585
20875
20715
19098
20165
19727
20557
19823
19238
19903
20624
19811
20158
19975
18838
20967
19304
18944
19316
19957
20091
20024
19305
19434
19355
19754
19509
20777
19037
19313
20171
19770
20065
20377
20364
20363
19678
19291
19795
20723
19149
19054
19731
19267
20848
20221
20804
19737
20428
21517
19664
19854
20049
19319
19288
19473
20422
20108
19138
19669
19612
19927
21376
20119
21852
19998
19326
20559
20205
19604
20476
19880
19035
20016
19390
19584
20361
19025
20563
21169
19900
19675
19042
20261
21007
19779
19021
19084
19817
19753
20253
19772
20079
19659
20133
20476
20214
19244
19977
19254
20684
19832
19451
19383
19481
20412
20171
20384
19524
20088
20093
18959
20020
18584
20448
19671
19525
20531
19431
19424
18496
20345
19882
20026
20522
19251
19838
19940
19301
19283
19975
20123
20406
19772
20419
19885
20465
20001
20227
19333
20586
19383
20283
19856
19914
19056
19643
20151
20095
20106
20209
20222
20478
20026
20087
19487
20405
20897
19939
20350
19440
20779
19635
19392
19355
20253
19482
20916
19694
18619
20378
19152
19758
19530
20516
19435
20499
19188
19330
19060
19422
19679
19587
19665
19642
18833
19517
19400
20722
19930
19431
19412
19813
19903
18315
19893
20300
19520
19764
19099
20840
20062
20072
20629
20314
20407
19585
19627
20163
18993
20861
20179
19598
18914
20145
20021
20272
20578
19554
19097
19133
20668
19160
19658
20874
19179
19508
19674
20388
19749
19779
20208
19713
18982
19977
20307
19685
19476
20240
19735
19889
19583
18384
19572
19780
20917
18700
20156
18969
19492
20235
19763
19617
19285
20297
20201
19362
20482
19402
19983
19273
19543
19768
19671
18714
20046
19165
19818
20608
19492
19927
20599
20480
20518
19104
19442
20014
19973
20495
21065
19284
20316
20564
20019
20023
19501
20026
19095
19335
20310
18912
19788
19518
20362
20066
20089
20075
20343
19858
19953
19453
19407
20417
19891
20235
19563
19265
19684
19428
20636
20425
19763
19114
19799
19142
19827
19320
20517
18829
19630
20001
19899
19917
19986
19138
20712
19987
19908
20012
18755
20048
20670
19662
19488
19601
19030
20068
19481
20216
19191
19622
19789
19649
20279
20403
20923
20582
20436
20157
20875
19806
19987
19631
20143
18827
20778
19377
19517
20293
19524
