29874
24359
30350
24561
12457
30109
30254
12498
30530
12847
24946
24745
12814
30476
29850
24778
12482
30523
12869
30489
24539
12469
30244
24888
31079
30419
12462
29942
12482
30409
29694
30461
12821
30603
29746
24744
30676
12678
12856
30097
30394
30482
29678
24781
30206
12871
12479
30946
30381
30887
31227
30523
30476
24932
29587
30097
12853
30360
24717
12612
31013
30138
30919
29931
12853
30813
30239
24401
24693
30131
30270
24714
30477
29995
12843
30584
30941
24360
30785
12444
24883
29967
24959
29719
30185
29954
12853
24999
12674
24356
29501
30279
12862
12501
30212
29767
24840
30160
30257
12767
30680
24224
31306
29972
30136
24735
30055
24835
24821
30271
29709
12817
24373
24719
30733
12689
12801
24955
12490
30266
31168
24991
24922
12860
25650
24968
24779
29931
31021
30287
31048
30451
24863
30199
30012
25008
30920
31193
30466
24923
24750
12810
30597
29921
30284
30918
30929
29910
30526
24726
31464
24922
24508
12875
30429
30467
30047
29592
30949
12887
29663
29960
12852
30187
24331
12476
30481
12471
30386
12863
24939
30948
29514
29888
31142
24949
24767
29826
30910
24897
24253
30155
30615
31001
12815
30562
12459
12873
31343
12493
30789
24717
24522
30342
30039
30071
12794
12858
12490
30129
12834
24532
24575
24161
29744
12711
24769
30525
24905
30317
30344
30373
12721
12486
30292
30609
12761
12488
31148
12808
30601
24336
30530
29768
31216
24398
12826
30762
30744
30205
24642
30542
29795
30730
30154
12856
24625
30200
12884
30244
12854
24988
30453
12844
12479
29750
30843
12594
29762
12874
24468
12842
30350
29978
29800
30138
30778
29073
29651
30863
29667
12840
30855
30820
30778
24782
12835
29558
30324
30381
24937
30235
24590
24919
30208
12482
31132
30395
30359
12498
30796
12743
12662
30098
30675
30469
12676
30752
30897
30103
12862
29863
12888
12842
30313
25014
31276
24549
12453
30227
30154
12858
12830
30169
24951
12482
30383
29441
30475
29866
24260
24820
24430
30618
30665
12551
30641
24768
30090
30886
24639
12667
24296
30712
24829
29740
29959
30685
12577
30521
24688
12491
12481
24479
24458
24905
12453
30399
24476
24468
30898
30354
12491
30445
30573
30103
29828
30236
30873
12457
31047
12828
30505
30386
12442
30638
30244
24195
12450
30585
30356
24887
24372
30583
24635
29748
31366
24418
24870
12594
30505
30409
30549
24741
30540
12863
12872
30681
12496
30606
24978
29738
30733
30508
30427
24894
24358
24585
24770
12461
12483
12521
12700
24901
30425
30424
30504
24743
30257
24985
12554
24514
30319
30817
29694
30828
30486
24893
30199
30554
29987
29920
12873
12489
12639
24539
24364
29775
30389
12851
24888
12724
12656
29923
29944
24543
30314
24469
24204
24754
12565
30208
12833
24657
12541
29958
12850
30501
30769
24153
30533
30427
24868
12824
30499
24846
24804
24816
30137
30599
24228
30749
29902
12701
24879
24987
28900
30058
30562
24439
30263
30532
30126
30019
29729
30416
31158
24653
30718
24051
30760
24747
24792
29830
30551
24724
30668
30499
24698
12488
24781
31067
30003
12903
24495
30413
29961
12459
30295
29816
29633
30470
29854
12835
30261
12454
25000
29801
30524
12466
30846
30276
30593
12820
24799
30496
30083
30672
29880
30130
30378
30246
30930
31346
24447
12809
12498
30164
12488
30043
29748
30815
24455
30859
12871
12715
24844
30109
12864
30939
24818
24818
30479
12843
30354
30128
12510
25001
30457
24304
12494
30506
12516
30232
30675
24446
12853
12807
12455
30510
12495
30819
29832
12816
24512
12487
24792
24979
12882
12895
24602
24881
30491
12489
29950
30570
24497
24961
24615
12645
24998
30454
24124
30299
29968
29798
30869
30392
30465
30914
24942
12737
31024
24887
24572
30278
30910
30077
29941
31349
30223
24512
12491
12688
30228
29870
29925
31061
30455
30264
12854
24890
30914
30617
12845
29802
24740
30455
30175
12528
24418
12495
30494
24904
30864
30529
30395
30216
30086
30321
12836
30411
24954
12861
30478
24631
31332
30381
30180
12491
12624
24791
30664
24734
30262
29882
30479
29952
30267
12499
12471
12875
30253
30532
12443
12502
30142
30395
12856
30528
12507
12815
24947
30168
24897
30283
30474
31043
30525
30037
30392
12446
12840
24948
30638
31322
12829
12473
12518
12458
12757
30049
24760
24524
24880
24622
29999
30678
30826
12163
30176
24994
30311
30213
29800
29477
24906
30380
29515
30742
12481
30039
29484
12471
30593
30160
12441
24593
12476
30640
24374
30476
30266
30119
12548
30042
30801
30811
30573
30757
12857
24439
12849
12863
12469
12827
12873
24543
12481
31061
12827
12858
30746
12829
30067
24831
30299
30886
12849
24351
30357
30759
12491
24795
12768
24996
30202
24752
24850
29974
30607
24257
30636
30384
12448
12493
29794
24542
12467
29532
24577
12849
30174
12814
30230
30725
30575
30573
24911
12510
30148
30375
24820
31074
29862
30261
29802
12462
30833
29887
30598
30742
30924
29935
12480
30096
12850
31358
24890
30406
12676
24331
24725
30329
30628
29752
12632
30595
30506
30489
24699
12439
12452
30786
30534
24546
29855
12457
30566
30337
29908
30637
30835
12461
30395
30336
30394
24605
30037
30705
24502
25023
12829
30790
29694
30126
30638
24781
24590
30627
24499
30538
30399
29607
30723
24491
30263
25124
30351
12857
31063
30743
24491
24281
30152
30216
24774
24217
30463
30561
12481
24710
12577
29979
24488
12489
30888
30858
24620
30720
12857
30814
30526
29717
12466
30598
24996
12803
12731
30615
30478
24704
24743
30449
30407
25006
12836
30269
30156
24170
24517
30230
30986
30537
30961
30345
30751
24864
30611
24611
30931
12744
24783
30569
24720
12844
30527
29280
12783
24591
30784
24274
24366
24989
30260
12873
12853
24288
24447
30214
24556
24513
24923
12876
31097
12477
30313
30166
24666
30562
30283
30874
30884
24274
30407
30251
30041
30618
12480
12865
31277
24583
29858
30988
30176
30234
24512
29610
30301
29949
30590
30416
12700
24891
24913
30301
12846
30185
25003
30587
24743
30935
30016
30183
12471
24792
29992
30388
29316
12836
24301
12613
30433
29500
24968
24806
12551
29962
30337
29749
24659
30396
12844
24388
29645
24756
30546
24689
30607
12812
24479
30459
12844
12840
30621
30128
24735
30904
12751
30004
29829
29619
24331
30254
30710
24771
12864
31086
24291
24785
12734
30764
12889
30005
30144
29891
24669
29972
30718
30321
