5396
5395
5326
5320
5379
5322
5367
5372
5377
5389
5378
5380
5411
5397
5369
5351
5368
5421
5392
5369
5348
5370
5384
5349
5383
5390
5371
5406
5370
5401
5344
5390
5386
5387
5377
5354
5341
5363
5386
5364
5381
5389
5406
5364
5359
5362
5382
5363
5369
5419
5380
5387
5425
5399
5393
5357
5346
5407
5365
5343
5407
5355
5403
5378
5353
5329
5395
5353
5344
5411
5400
5375
5377
5381
5388
5396
5378
5351
5389
5385
5338
5389
5399
5362
5373
5350
5363
5365
5425
5412
5347
5389
5351
5343
5386
5404
5384
5443
5385
5350
5367
5419
5368
5411
5373
5376
5345
5338
5369
5389
5388
5352
5377
5407
5385
5334
5356
5344
5376
5369
5417
5352
5371
5400
5374
5374
5372
5407
5380
5340
5390
5331
5359
5386
5338
5411
5370
5353
5346
5412
5443
5412
5402
5343
5403
5418
5327
5322
5381
5372
5390
5397
5342
5384
5373
5349
5376
5393
5364
5380
5426
5366
5404
5393
5387
5374
5399
5382
5387
5334
5416
5394
5350
5357
5383
5364
5327
5366
5395
5426
5379
5384
5386
5348
5345
5395
5374
5386
5390
5326
5378
5387
5324
5337
5380
5353
5332
5402
5412
5408
5403
5362
5398
5435
5403
5379
5343
5411
5369
5367
5376
5410
5393
5345
5383
5394
5364
5346
5422
5440
5415
5371
5338
5384
5416
5395
5359
5365
5370
5394
5417
5353
5398
5395
5396
5431
5358
5365
5383
5370
5377
5366
5354
5387
5360
5387
5345
5382
5379
5348
5341
5315
5364
5418
5350
5397
5345
5408
5363
5353
5364
5348
5394
5411
5388
5387
5357
5415
5368
5420
5335
5371
5353
5409
5393
5398
5382
5369
5402
5400
5398
5395
5370
5402
5390
5376
5407
5404
5379
5399
5336
5415
5362
5410
5384
5390
5350
5393
5385
5361
5380
5416
5384
5440
5391
5377
5424
5386
5412
5345
5385
5381
5392
5394
5395
5383
5392
5380
5326
5358
5323
5371
5384
5373
5348
5410
5374
5415
5385
5324
5344
5426
5381
5357
5407
5395
5383
5384
5400
5345
5350
5385
5437
5395
5361
5348
5371
5393
5391
5373
5377
5387
5368
5385
5383
5370
5331
5367
5385
5369
5365
5403
5429
5370
5396
5348
5378
5411
5383
5402
5373
5399
5354
5425
5311
5370
5384
5323
5385
5360
5377
5396
5353
5352
5391
5344
5398
5333
5376
5347
5408
5334
5390
5403
5367
5336
5342
5352
5391
5349
5405
5413
5417
5356
5409
5355
5361
5348
5349
5411
5413
5364
5342
5348
5394
5413
5342
5414
5388
5357
5377
5384
5362
5379
5395
5398
5399
5388
5373
5389
5375
5414
5418
5394
5370
5381
5402
5388
5371
5328
5360
5390
5372
5417
5373
5376
5386
5331
5335
5423
5347
5396
5444
5417
5335
5392
5342
5360
5366
5392
5360
5417
5392
5413
5364
5388
5404
5406
5396
5386
5399
5353
5405
5329
5426
5397
5388
5422
5335
5392
5416
5355
5387
5400
5392
5371
5394
5356
5384
5370
5331
5333
5359
5367
5405
5372
5376
5395
5360
5350
5434
5386
5370
5387
5355
5363
5373
5385
5368
5369
5377
5339
5403
5407
5400
5366
5377
5354
5382
5354
5396
5339
5341
5362
5367
5408
5330
5357
5354
5395
5396
5343
5423
5407
5448
5338
5375
5369
5355
5410
5362
5395
5384
5346
5360
5364
5435
5390
5348
5383
5409
5378
5451
5397
5378
5356
5382
5387
5397
5359
5349
5391
5402
5381
5377
5337
5423
5385
5400
5374
5402
5338
5398
5391
5402
5405
5405
5383
5356
5392
5448
5399
5388
5358
5314
5405
5391
5406
5394
5344
5342
5333
5363
5393
5363
5378
5375
5358
5402
5419
5391
5375
5417
5380
5392
5366
5397
5378
5378
5376
5397
5369
5333
5393
5355
5416
5363
5372
5353
5340
5400
5365
5389
5415
5385
5431
5393
5374
5355
5350
5406
5364
5361
5385
5403
5344
5360
5341
5330
5410
5381
5396
5349
5360
5386
5399
5382
5388
5402
5384
5394
5407
5363
5392
5392
5337
5362
5390
5347
5394
5344
5363
5382
5362
5371
5344
5399
5380
5385
5347
5417
5362
5419
5432
5375
5383
5362
5402
5394
5416
5340
5374
5395
5413
5401
5395
5335
5377
5315
5354
5339
5379
5388
5397
5386
5418
5420
5394
5375
5385
5414
5390
5404
5400
5390
5403
5382
5365
5368
5342
5405
5401
5413
5378
5387
5389
5356
5355
5333
5406
5354
5393
5379
5381
5352
5387
5403
5376
5363
5315
5395
5380
5394
5366
5343
5386
5342
5391
5350
5386
5378
5336
5355
5359
5348
5384
5398
5374
5356
5379
5433
5390
5345
5398
5414
5344
5421
5403
5366
5384
5386
5406
5427
5399
5321
5405
5379
5387
5366
5329
5369
5404
5368
5424
5385
5359
5369
5429
5391
5356
5363
5385
5390
5363
5385
5352
5413
5422
5376
5385
5416
5384
5399
5383
5402
5405
5353
5340
5393
5375
5374
5350
5346
5386
5363
5374
5388
5343
5400
5341
5377
5395
5399
5340
5367
5368
5407
5374
5377
5416
5426
5363
5394
5432
5416
5336
5420
5366
5405
5420
5374
5372
5410
5427
5368
5365
5349
5352
5383
5370
5381
5404
5386
5378
5397
5335
5366
5369
5408
5328
5366
5402
5390
5396
5383
5391
5342
5366
5398
5401
5385
5377
5368
5405
5338
5366
5384
5379
5434
5415
5380
5424
5370
5349
5370
5396
5334
5386
5363
5401
5396
5433
5359
5340
5396
5411
5382
5380
5354
5387
5365
5392
5387
5385
5379
5400
5394
5380
5392
5375
5388
5375
5412
5374
5410
5403
5395
5340
5381
5385
5340
5348
5407
5367
5380
5355
5380
5404
5378
5358
5365
5347
5430
5373
5376
5383
5349
5383
5389
5377
5367
5411
5366
5375
5391
5417
5399
5426
5388
5366
5394
5396
5369
5408
5338
5400
5402
5376
5371
5427
5401
5394
5416
5363
5337
5402
5386
5386
5410
5345
5393
5370
5368
5355
5339
5374
5344
5414
5385
5415
5389
5406
5379
5412
5379
5396
5391
5410
5435
5378
5368
5362
5375
5411
5412
5386
5400
5357
5345
5368
5393
5400
5341
5326
5384
5394
5350
5430
5333
5387
