1195
858
1204
250
886
1195
1203
977
1091
1286
972
977
1413
628
1321
972
978
519
1160
1104
773
1321
1085
1195
1287
1195
942
1504
1203
773
1068
1195
1217
967
859
1412
1090
1195
1103
1195
1322
1177
1203
859
885
1322
942
741
646
1204
977
1090
1195
1377
977
851
1090
1321
860
1321
1177
942
1287
1307
1308
1287
1177
1085
1195
1195
1177
520
1308
1286
977
1091
977
1195
773
998
647
627
1413
1069
1195
1377
1286
1322
851
1176
1160
249
1085
521
1322
387
860
854
1412
773
977
1103
1177
1085
1195
1177
1103
860
1203
1178
249
977
1322
999
1321
1412
1177
1090
1204
1308
1286
1216
1204
1322
859
1414
1068
851
1069
1217
1195
972
1085
1203
773
516
1194
860
941
1322
1176
1195
972
1086
628
1195
850
1217
977
886
250
1413
773
724
1195
977
1286
1176
977
773
977
1413
1504
514
1090
1413
977
1412
1105
1160
1089
1322
514
647
854
1090
977
1068
859
1069
1217
1068
1203
999
1286
1203
1069
1194
1309
1204
1308
860
1307
973
1085
1504
859
1090
1177
1194
1177
1287
514
1308
1090
1309
1203
1177
1111
1204
972
1090
1112
724
1069
1085
1090
1160
1412
1321
1085
1286
1104
1103
1085
1104
1322
942
1160
972
389
773
999
977
1090
1308
628
1322
1203
388
1286
1068
1414
858
886
977
646
978
977
1321
1322
942
859
520
973
520
977
1308
1091
1286
1177
1216
1195
1413
1195
1321
972
1413
1086
1203
1090
1321
250
388
1321
1203
978
1103
1322
1308
1321
741
1322
850
1321
1413
1203
1413
999
249
1195
1204
628
972
1177
388
741
628
977
1196
850
1090
1287
646
773
1194
1322
1195
1195
977
772
851
628
1086
1286
1321
1413
972
1090
1204
1112
1103
1322
1177
1068
977
967
1104
851
886
1090
1112
1503
1413
1091
1321
1068
1413
1413
977
1322
978
1090
1103
851
851
724
1103
647
1321
647
1216
1112
1412
628
1321
1286
1086
1194
1309
972
1413
851
250
1090
1321
1504
977
999
977
725
1090
1090
628
942
1286
1378
1104
1195
998
1413
1309
1321
646
1195
1090
515
1068
647
977
1203
1321
851
725
998
1203
973
942
1195
851
1321
1195
977
1195
1322
772
389
1412
1322
1195
1204
1321
851
773
1321
1286
647
977
1194
860
1103
1322
1286
1322
1195
859
1104
1203
249
1321
1287
1203
977
1322
967
1177
859
1321
1177
967
977
741
1321
972
973
976
647
724
1203
1308
851
1103
1412
1178
1104
977
1413
1203
943
519
1195
515
1378
1321
1322
1085
646
1322
972
999
1091
1090
999
1195
1377
1321
1090
1195
741
1308
1505
850
1091
1203
886
249
1195
1103
886
977
1217
1090
514
978
1286
886
1086
1177
850
1322
1069
1068
1203
1321
972
1217
1413
999
972
1104
1195
1216
942
1195
1321
1414
977
977
1308
1413
646
1194
1196
1286
1194
1069
1321
647
1308
1203
977
859
773
1176
942
1195
1195
1321
742
850
1217
1086
1203
519
1321
1204
1085
1204
1203
1203
1413
1085
1104
1104
977
1160
1286
1321
1195
998
1322
977
886
1217
851
519
1195
1287
1413
1308
1216
1195
1112
1177
1104
1068
854
741
886
1090
1195
977
1203
977
1085
1195
1323
1176
1286
978
885
1085
520
1413
972
1090
1091
1321
1286
1104
520
1091
1287
972
1413
859
1103
1069
1412
1085
999
1216
1196
1112
1286
972
977
1091
1068
1195
1177
1068
1321
972
1286
1177
1195
1309
1194
1195
1085
1195
859
1286
1286
1203
773
1194
1308
860
724
1322
1103
977
1104
1203
1321
647
854
1203
1176
1204
1194
1085
1086
972
977
1195
886
1503
1378
1195
1321
629
740
773
1413
999
1413
1160
1090
1195
978
1412
977
1069
741
1069
1286
860
1068
973
1308
851
1196
858
1204
1194
1308
741
1204
972
1203
1413
773
1090
1103
388
1091
1090
851
1085
859
942
1090
851
1090
389
1321
1203
1413
972
1309
1085
1194
1204
1068
851
1203
773
1321
1203
1287
1413
1177
1085
999
772
1085
521
1160
1203
1068
860
1194
1203
1309
886
1085
972
1412
628
886
1321
1086
1194
886
886
1177
1286
1216
999
1195
1287
772
628
1195
972
1195
1068
851
851
515
1321
1203
773
646
1413
1203
1287
1203
1203
1085
1177
1085
1307
977
1322
1412
977
516
1377
977
1203
1204
977
773
942
851
1195
1090
647
724
977
1308
773
1104
1085
1216
1321
629
1412
646
1195
1085
1321
1203
1196
1194
1195
1286
1091
1216
1413
1321
1413
1286
973
1068
628
725
1086
1176
1321
1217
1195
1104
998
978
628
942
972
1504
977
851
1196
1160
1203
1090
886
1308
967
388
1286
628
1412
1104
1090
1308
1413
851
1196
1195
998
973
1160
1086
1286
978
1176
741
1090
1203
1085
773
850
1504
647
1412
1090
1321
999
977
1504
886
885
851
1195
1321
1287
977
1104
1159
1286
1085
773
249
1308
1090
977
1090
1195
1203
1195
859
1177
1103
1203
1112
1204
1308
977
1195
628
1322
1412
520
742
859
1177
646
389
1286
515
1308
1216
1085
1322
741
1090
1412
1286
1196
741
972
647
1090
1217
1377
977
1195
1103
1204
1413
1195
1194
647
1216
851
1217
1194
515
977
1413
851
628
1090
1104
1159
1204
1203
854
388
1378
1195
1321
1195
1090
1195
1068
1309
998
1309
1195
1216
1203
1413
851
1195
1204
1307
1378
1287
977
998
1195
859
1069
1085
1203
1104
1068
978
1216
977
773
647
1307
1322
1069
1085
855
859
859
1195
1321
1414
1203
724
1414
