1126
1071
1058
1012
1025
1170
1038
1064
1207
1025
1084
1121
1085
1103
1018
1103
1083
1131
1020
1098
1113
1003
1056
1043
1088
1324
1067
1063
1147
1056
1063
1072
1013
1002
1086
1065
1025
1087
979
1271
1156
999
1079
1003
1040
1167
1021
1040
1076
1186
1188
1088
1191
1174
1138
1020
1193
1012
1167
1097
1035
1010
1167
1092
1088
1051
1107
1086
1011
1068
1027
1135
1114
1097
964
1066
1193
1080
1124
1117
1011
1009
1101
1179
1077
1041
1221
973
1115
1306
991
1230
1342
1173
1043
1041
1010
1120
1331
1270
1038
1046
1070
1120
1004
1030
1058
1137
1003
1168
1037
982
1030
1180
1128
1136
1018
1142
1071
1057
1068
993
1069
1041
1011
985
1122
1054
1008
1057
994
1143
1096
1049
1129
1071
1062
1168
1136
1150
1081
1141
980
1006
1082
995
1026
1130
1045
1033
1045
1094
1039
1021
1160
1030
970
1159
1164
1115
1020
1261
1118
987
1180
1302
1026
1010
1047
1225
1161
1195
1015
1017
1068
1063
1043
1006
1207
1082
1012
1005
1260
1072
944
979
1043
1108
1065
1041
1099
1123
1031
1131
1113
1003
1242
1146
1084
1117
1127
1052
1108
1007
1165
1212
1062
1026
1132
1172
1053
1218
1188
1132
1074
1184
1051
992
1138
1266
1168
1099
1086
990
979
1065
1079
1105
1123
1098
977
1308
1142
1025
993
1172
1049
1238
1110
1132
1034
1048
985
1008
1108
1112
1043
1017
1183
1056
1057
1098
1091
1056
1210
1134
969
1056
1171
992
1144
1024
1099
1010
1313
1001
991
1243
1201
1027
1133
1066
1210
1071
1058
1167
1155
950
1059
1136
1060
1167
1305
1201
1214
936
1169
1232
1073
1186
1049
1228
978
1086
1277
986
1036
979
1203
1091
1097
1059
1145
1091
1039
1029
1122
1249
1209
1074
1232
1003
1057
1161
1112
1173
1158
1054
1167
1151
1441
1153
1153
1044
1020
1135
1171
1029
1089
1114
1131
1065
987
984
1079
1177
1086
1145
1186
1078
977
993
1021
1204
1066
1111
1032
1080
1025
1100
999
999
1340
1050
1037
1034
1186
994
1226
1080
1426
1098
1015
1247
1004
968
1241
1202
1163
1066
976
1042
1037
1343
1075
1054
1035
1016
1137
1101
1096
990
1017
1303
1163
994
1051
1046
994
980
1169
1228
1107
1141
1040
1114
995
1145
1089
1363
1112
1037
1039
1230
1006
1115
1060
979
1087
1211
1100
1044
1052
1136
1133
1003
1213
1238
1151
1217
1127
1006
991
1222
1042
1130
1080
1060
1019
1273
1259
1008
1050
1168
1012
1066
1048
967
1012
1060
1284
1053
1189
1065
1161
1198
1076
1043
962
1255
1110
1073
1144
1022
1082
1047
1094
939
1074
1166
1069
990
1010
1046
1175
1075
1007
1184
1090
1049
1039
1088
1041
1117
1050
1244
1055
1111
1060
1051
1078
1006
1309
1209
1034
1219
1071
1313
1319
1244
1054
991
1119
1366
1179
1031
1017
1016
965
1056
1183
968
1314
1156
984
1021
1104
1066
1195
1025
1077
1089
1037
1170
1163
1005
1035
1044
1157
1062
1022
1074
1086
1244
1006
1190
1022
1025
972
1025
1207
1035
1061
1173
1109
1107
1058
970
1187
1167
1074
1274
1052
1151
1129
1189
960
1080
1191
1192
1140
1175
1095
1082
1063
1265
1072
1174
1133
1009
1022
1063
1124
1062
1111
1021
1094
991
1202
1117
1145
1137
1088
1069
1095
1104
1009
1033
1069
1041
967
1129
1131
1174
1073
1139
1000
1123
1075
1223
991
1172
1044
980
1032
1063
1107
1031
1047
994
1139
1063
1100
1080
1093
1086
1135
1041
1043
1163
964
1106
1123
1075
1002
1014
1033
1176
1077
1042
1077
1211
1066
1134
1038
1070
1386
1100
1171
1126
1090
1248
971
961
1096
1100
1071
1034
1153
1156
1014
1164
977
1136
1142
1110
1172
1235
1082
1288
1010
1017
1256
1036
1094
1046
1022
1085
1300
1237
1059
1009
1127
1188
1042
1138
1006
961
999
986
1080
1027
1005
1436
1084
1114
1125
1045
1304
1100
1120
1250
1061
1002
1027
1101
1035
1162
1124
1081
1205
1107
1017
978
1035
1093
1162
1187
1233
1035
1147
1134
1089
1101
1035
1149
1093
1448
976
1032
975
1178
1119
1131
1078
1108
999
1075
1103
1214
1051
1167
945
985
1200
1333
1008
1096
1170
1155
1012
1070
974
1079
1045
983
1070
1075
1312
1076
1116
1099
1101
1040
1112
1185
1063
1013
1050
1044
1178
1130
1157
1120
1081
1027
1115
1041
1061
1044
977
1030
1154
1049
1153
1039
1129
1144
1093
1174
1079
1158
1037
1027
1054
1202
1147
1005
1082
1025
1037
1017
1176
1035
1172
1088
1029
1038
1172
1025
1028
1026
1063
1263
1049
1307
1026
1070
1204
1194
1129
1084
1157
1124
1134
1211
1045
1152
982
1131
1152
978
1035
1101
1055
1233
999
1057
1120
1011
1259
1262
985
988
1014
1228
1166
1077
1013
1104
1177
992
1121
960
1005
1084
1074
1094
1047
1253
1119
1118
995
1051
1102
1010
1016
1025
1168
1106
1168
1046
1070
1019
1163
1368
1201
1139
1072
1105
984
1008
1032
1123
1063
1165
1315
952
1158
1249
1068
1121
1011
1067
1198
967
993
1108
992
1058
1081
1082
1084
1068
1129
1007
1096
1087
985
1054
1090
1376
986
1044
1163
1013
1174
1093
1008
1154
983
1055
1021
1099
1034
1182
1054
1206
1060
1097
1004
1186
992
1089
1184
1048
1146
1133
1096
1086
1186
1051
1157
1478
1109
1256
1103
1022
1004
1376
1200
1171
1130
1014
1032
1079
953
1169
1166
997
1100
1110
990
939
1022
1118
1118
1074
1083
1044
1135
1026
1111
1219
1078
1393
1065
1183
1108
979
1013
1152
1089
962
1222
1082
989
1056
1157
1218
1263
1202
1209
1057
1085
1142
1021
1106
1035
1202
1067
976
1250
1089
1015
1127
1052
1083
1065
1077
1108
1022
1057
1108
1167
1256
1145
1255
1109
1145
