38288
73119
56262
8762
81261
14077
49847
5147
13225
1259
43203
14604
45477
515
134141
21195
5691
34982
11923
14230
41170
29443
38674
2998
42424
21725
3879
3307
3943
37935
37491
69272
7462
24217
9123
55754
65
15374
8456
599
13591
20553
3011
28648
11029
402
17711
29126
17033
34833
2500
34629
44455
4678
2846
11575
8068
28200
11168
69379
23633
21087
1248
28859
27585
8167
8763
1978
71273
7968
15307
18711
3231
9016
2251
25982
4150
26271
15787
21943
43810
8743
22655
23699
26041
38169
53490
6030
8
17542
26677
23900
7853
10210
41619
1342
39493
32683
37785
7612
6925
2904
25606
47419
22271
2258
344
26888
9531
30946
39492
10460
5766
27040
12937
7392
57778
11635
2451
59707
26704
15040
12693
24187
7131
2793
71764
9956
3190
4664
38935
7591
16667
10775
2212
1625
6664
14882
59176
1721
6860
21690
10097
12903
7979
26896
10241
3353
38882
6299
35035
6776
61383
75183
1681
36773
8504
7544
21663
17805
24434
6283
100008
36155
37
32943
3554
1447
1944
32608
6531
939
10218
8726
36088
21979
4659
14787
25609
20758
17618
4260
17939
68679
25967
13097
8200
17144
35257
4358
23757
16540
9104
9972
41087
75270
34842
5285
6914
2991
23558
8439
50534
7829
3466
20458
29068
56489
28731
51088
6674
24453
3137
19875
3755
22009
319
12479
39159
25067
16460
9055
65131
3251
16632
54739
17005
6735
10715
23461
30197
2006
3584
3770
42015
20238
31584
15566
3576
2548
34051
37045
22513
26331
30409
12366
24541
29765
9199
1602
7814
14196
33272
23976
2904
10019
24601
70152
15873
2179
27942
2677
1869
115542
690
21804
26003
42950
10915
3931
12916
21994
20371
32422
44517
13696
3840
78182
26741
4981
46605
27077
23784
17316
33140
19011
24519
17457
24728
4797
21950
24213
41186
6061
57672
27159
13778
41201
46146
38937
15083
36010
47168
44827
10137
15898
12892
10854
7105
16870
113564
15236
19564
29765
14040
27074
14149
6149
11185
55388
18863
4844
805
3797
8931
7529
25900
10580
15225
7138
28475
12347
14794
2217
22895
5145
4519
14903
13289
20871
23810
266
14582
10031
632
13820
31000
12737
32560
4075
11001
9666
49561
4714
6551
24577
14176
26001
18822
17646
51504
17317
7676
9773
18228
14534
14517
26311
19673
54045
123
56741
18189
89711
3598
87322
36996
61970
35294
16111
44957
11658
5998
25796
14002
60517
29498
15126
5712
13416
12436
13390
67723
14418
98272
11152
13544
2514
6034
3414
62032
12121
24973
5708
23937
64093
15729
23832
17460
5590
15997
11836
21382
7509
28646
2155
55728
25959
1809
2643
9648
8801
33080
1232
63325
41212
18838
24407
6587
12095
15928
1667
20757
34672
17469
75685
5217
58391
12378
2631
2721
51231
8151
7223
17295
10279
7431
4850
8879
1386
25269
10785
1931
14112
13089
15645
82175
8937
6332
3083
2450
10527
5512
19172
50715
2503
17305
38969
9448
13930
8000
40893
372
12850
4514
5058
7060
67836
52739
10789
1814
7473
22697
14781
19789
31149
25786
52219
3822
55284
14174
29360
31606
29465
865
20005
7096
9120
5615
30135
15888
18621
1455
9815
49112
738
4216
7
2254
11075
7022
13363
11394
6148
405
7326
13703
16010
6766
1506
5607
32277
513
91501
75500
2135
8523
9605
1091
49300
12122
1811
32020
8597
22424
1169
23698
7882
8632
2137
20994
6425
24053
21469
15488
4352
30389
2328
3085
43269
9366
44502
3121
10101
7995
13804
15262
28736
11827
50943
323
59968
5829
14163
833
10960
4805
1928
6724
4595
2158
9154
24242
5386
2885
3126
17798
4161
32605
318
11778
35859
23609
1328
5852
8748
13766
2061
2827
818
10276
5801
49036
38590
3920
4553
12526
15565
2441
4147
9363
16029
747
23829
56646
27462
18244
9213
31566
2398
4681
3170
2251
27512
45237
3740
8920
4498
5608
11633
22840
9452
12805
29544
24692
23278
6018
7696
83999
1269
18666
4971
43822
58269
3229
13002
49286
31541
6149
27807
913
7
14328
1272
17734
1389
9625
20890
56435
12245
2182
12249
126
3771
6001
21588
4044
50182
46574
9449
33691
7407
56017
28872
21874
6802
25226
1164
6668
3851
16609
5557
33859
40286
22401
52205
12889
38911
18579
57158
7764
3624
22514
1677
5990
21957
34226
21664
26135
8567
491
20296
402
20029
41284
12861
3731
14205
11936
1341
5536
9069
5448
325
1676
12672
7013
15596
115076
6581
15939
17373
39828
7951
1301
1164
7084
5418
954
455
4272
9499
6151
45930
62766
12270
20209
8297
3117
35056
543
9238
8192
3766
51891
1994
7124
7833
1778
1018
2545
29505
58963
17298
1848
6251
23143
15679
2294
32663
5528
4109
21386
22220
32320
6499
25875
7628
32779
32253
14030
3269
29262
10422
14475
18810
12298
6041
34664
44046
1145
25046
27349
19031
9100
2284
27323
9859
32443
22057
25422
50284
2212
9376
15124
42837
14825
1391
25015
911
18516
511
39079
4841
3269
20261
566
1988
9334
578
3904
119
14427
1297
8946
10884
22892
8277
6983
9108
33297
282
1273
4179
4324
22213
108132
2407
33448
46701
9636
21635
32000
13575
4299
62842
73436
33520
15656
11984
39909
26300
3533
35606
7886
13632
462
7992
6720
320
4272
36053
11770
7229
9630
12443
1338
35624
51380
81230
6131
14486
24183
35390
19261
31879
45033
6977
7220
11063
22130
11874
18617
41884
1467
17120
30636
2909
28795
9771
10579
11222
37539
15223
54196
9163
9674
34554
1080
795
84166
16510
53717
1464
8390
17393
9948
71809
11145
15194
21320
27052
18234
3383
7157
58833
7841
6935
23714
38270
6147
8365
31158
2202
10610
41925
3250
22426
12325
21549
4628
14734
11438
10179
17784
24564
70113
371
21162
9034
19233
35336
21561
5663
69177
16266
11646
23580
25206
60620
19649
30412
12590
7474
17383
29759
8231
36758
22982
31718
32547
19973
10386
35330
2804
29249
21383
20461
7767
24043
57294
7882
489
19391
5019
7068
27912
3213
17969
15021
1738
6167
9560
14329
42276
11139
38248
21794
62435
6703
10231
76646
11948
16137
4856
39259
47336
14050
796
6800
38350
3139
25655
35231
3352
79457
6291
5407
14606
20347
18063
733
15229
2095
2809
33642
18529
32225
13923
1137
