460
461
8139
7023
8112
8112
8112
461
461
8091
8085
7072
8139
8101
7051
6453
7052
8150
7023
8112
5903
7072
8091
7072
4816
7076
5942
8100
7981
8099
8112
7027
8082
7071
8112
8100
7046
8112
7041
8112
7022
8130
7072
8112
462
8099
7073
8100
8112
7046
8140
8100
8139
7072
8099
8112
8112
5982
7071
8092
8112
7052
7072
5982
4341
7051
8085
7073
8150
7072
5368
8100
6453
7052
8112
8100
8139
5946
7072
8132
7046
7072
7072
8111
7072
7006
7045
8112
8101
8112
7045
7006
5368
8042
7006
8112
4817
7051
4817
8100
7072
7022
8112
8139
5946
8112
8132
8100
8139
8112
8112
8100
8112
5902
8112
7076
7045
8065
7046
8140
7076
7046
8111
8002
8112
5897
8151
7045
8134
5946
8086
8090
7023
8100
8112
5898
7072
8112
8135
7586
8140
8111
7073
8131
8112
7981
7040
6453
8112
8111
8140
8135
8132
7025
6452
8112
5897
8134
8139
7041
8111
7046
8065
8100
8139
7007
8100
8042
8132
7072
8112
8100
8012
7051
8100
8112
7072
8132
8065
8112
8112
8100
8100
8112
8100
6452
7073
8112
8111
7072
8086
8135
8100
8135
8125
5982
8111
7024
8111
8112
7052
8111
7052
7076
8002
7006
8135
8042
8112
8134
8112
7072
8112
8086
7040
8092
5898
7072
8132
8100
8129
8139
8100
8100
8112
8111
8112
8112
8091
8112
7046
8112
8002
8130
8112
8132
8065
8101
8099
8112
8134
8134
7052
8100
8111
8100
7072
8112
8100
8132
7023
8100
4342
6511
8112
8064
8134
8100
8112
8100
8134
8066
7045
6984
8112
8111
8135
8113
461
7076
5897
6511
6978
8086
8100
8099
8133
8112
8065
8001
7046
7046
4341
8112
7052
7006
8112
8111
8092
7586
7046
8111
8100
8112
8112
8129
7046
7006
8112
7023
7072
8111
8112
7981
4342
8111
8112
7023
7006
7006
7046
8086
8111
8112
8112
7052
8042
7046
7071
8112
7982
8112
8100
8112
8113
8111
8085
8100
4341
8100
8003
7005
8092
8099
8140
8100
8111
8112
7041
8100
8065
7072
8112
7051
8100
5943
7071
8100
5369
8112
7046
8100
8111
8139
8065
6977
4816
8132
6982
8042
8135
7072
7072
8111
4817
8112
8112
8112
8112
8064
6453
8132
8129
8112
5982
8112
8111
8133
8100
8111
8112
5982
8112
8112
8111
5946
7072
7006
8100
8112
8112
8066
8100
7586
8112
7071
5981
8112
8065
7006
7072
8112
8101
8100
8100
7040
8099
8112
8112
7052
7072
8091
8085
8011
5946
8112
8093
8130
8112
7587
5368
7023
7072
6982
8112
8111
8112
5902
5942
8113
8099
7041
8100
7041
5946
6452
8101
8100
8084
8112
8100
7052
8139
8100
8100
8112
8132
8100
5903
8135
7006
5943
8111
5982
8112
7006
8100
8135
6512
5982
7040
7041
5982
7072
8139
8140
8100
8112
8100
8112
8066
8091
8130
8112
8132
5903
7023
7072
8111
5983
7045
5982
7045
8112
8100
461
7046
8112
7071
7072
8100
8111
7052
7023
8111
6984
8129
8092
8111
8112
7045
5368
8092
8112
8111
8085
8092
8132
7051
8044
8041
8150
462
7073
7023
7072
461
8112
7006
460
8101
5902
7587
8013
8111
8129
7073
7982
7025
8092
8040
8100
7045
5982
8132
8012
8112
5897
5903
461
5983
8129
8099
8133
8133
8100
7587
8111
8092
5942
8092
8100
8139
7041
8002
6978
7072
8066
8100
6983
8150
8140
8112
7023
7072
461
7073
8091
7052
7041
5369
8111
7023
7023
5898
7025
8132
8100
8111
5903
4817
8112
8132
7046
5981
8134
8100
460
8100
8111
8112
6983
8100
8100
7045
8100
8112
7023
7045
7982
8100
7045
8100
8100
5903
6453
8111
7072
8133
8100
7051
7052
7025
7072
7023
8112
8100
5946
5982
7045
8111
8100
8100
8061
8099
5943
8111
8100
8135
8100
5902
6511
8100
8112
8101
8111
7076
7023
4817
4817
8150
8064
7052
7052
7023
8111
7006
8065
7073
7071
7041
7046
8100
8064
8132
5903
8100
8111
7024
8111
8112
7073
7051
8112
7006
8150
7982
7587
7022
7073
8100
7023
7023
8132
7983
7041
8012
7023
7044
5982
5946
5896
4817
8112
8099
7041
8112
7040
8081
461
7071
7006
7071
7072
6983
4817
7023
8092
8111
8112
8066
8012
8112
7023
8133
8112
8112
8100
8134
8086
8099
8112
8140
7052
8002
7006
7046
8111
8091
7041
7023
7072
8130
7023
6984
7006
7026
8111
7007
8100
8131
7076
8091
8100
8100
5368
8086
8099
7023
8132
8066
7072
8091
5903
7052
7023
7006
8112
8111
6512
5943
7046
8099
8132
7076
7025
8100
7045
8065
7023
8111
5943
8012
8140
5982
5903
8111
8112
5946
8091
8092
7586
7072
8132
8112
5902
4343
8002
8112
7006
7071
7023
6453
4342
8111
8112
8112
6978
7051
7072
8112
7006
8112
6453
6453
7052
8132
8111
8112
7026
8112
5946
8111
8100
8111
7072
8112
8085
8011
8101
8111
8100
8112
8111
8112
6978
7072
7052
8132
7046
8129
8086
8064
8112
7006
8130
8112
7021
8132
8135
8111
8100
7076
8091
8112
8111
8112
8085
8111
7006
6979
7045
7041
5368
7006
7072
8086
7983
8111
7073
7587
8111
7046
8111
8140
8099
462
8085
8134
8112
8100
6511
8131
8091
8100
4342
7023
7052
7023
6979
7052
5898
7051
6984
8100
5982
4342
7052
7006
8112
8091
8100
461
7979
5982
8111
8101
8065
8099
6979
8112
8112
7041
8140
8091
8112
7046
5982
8012
7052
7076
8043
7041
8112
8112
5982
8065
8112
7072
7006
8100
8134
7982
6454
8100
5982
7072
8013
8091
8132
5898
8112
7071
5901
8043
8091
8139
8112
7051
4342
7071
7961
5982
8111
8112
5983
7051
8132
7071
8112
8111
8130
8140
8100
8091
5946
8100
4341
7025
8112
7052
8100
7072
8111
8100
8112
8101
8132
7026
8086
8112
7982
7041
8112
8100
8140
8086
7052
8111
8112
7006
8100
8112
7052
8100
8100
4817
8111
7072
8112
8112
7007
7022
8003
7072
8112
7051
7051
8086
8112
8100
8139
8100
7022
8100
8112
460
8112
7006
8085
