6848
6808
6908
6834
6822
6882
6897
6898
6936
6830
6856
6828
6871
6952
6835
6841
6706
6867
6924
6744
6891
6916
6913
6904
6783
6786
6775
6904
6915
6813
6900
6844
6800
6785
6828
6832
6889
6770
6830
6787
6827
6859
6783
6872
6810
6921
6753
6919
6849
6877
6790
6822
6876
6846
6771
6853
6890
6846
6776
6800
6810
6975
6828
6864
6843
6798
6885
6943
6933
6944
6847
6832
6762
6884
6901
6834
6859
6891
6856
6804
6893
6915
6763
6869
6801
6918
6918
6848
6847
6848
6822
6850
6837
6822
6959
6833
6864
6828
6838
6873
6859
6924
6819
6860
6858
6870
6816
6903
6848
6844
6880
6853
6889
6880
6768
6855
7001
6839
6886
6830
6815
6796
6743
6911
6925
6865
6905
6863
6879
6811
6823
6831
6845
6777
6880
6797
6840
6825
6901
6969
6865
6818
6772
6831
6851
6834
6855
6933
6901
6897
6787
6868
6943
6975
6833
6945
6861
6910
6879
6816
6832
6833
6921
6877
6869
6817
6945
6839
6859
6815
6866
6870
6842
6698
6884
6807
6724
6900
6843
6807
6801
6889
6843
6842
6915
6813
6896
6849
6846
6866
6802
6877
6889
6830
6836
6978
6726
6946
6776
6841
6828
6880
6880
6804
6896
6861
6779
6954
6854
6825
6878
6954
6787
6884
6812
6950
6816
6829
6768
6900
6773
6855
6893
6971
6835
6827
6822
6880
6923
6846
6865
6905
6841
6793
6829
6900
6940
6901
6881
6864
6881
6762
6811
6735
6810
6883
6807
6925
6838
6920
6815
6851
6771
6904
6907
6785
6883
6843
6900
6854
6869
6750
6972
6746
6733
6824
6830
6826
6864
6893
6867
6944
6832
6875
6964
6912
6919
6904
6825
6884
6804
6803
6848
6851
6968
6841
6953
6835
6907
6786
6829
6934
6816
6750
6729
6805
6827
6882
6863
6923
6840
6754
6812
6963
6817
6823
6825
6926
6862
6819
6911
6742
6910
6886
6940
6900
6877
6827
6855
6884
6878
6801
6758
6863
6817
6908
6832
6871
6796
6847
6886
6857
6750
6925
6955
6835
6777
6861
6873
6750
6783
6928
6882
6908
6839
6839
6777
6881
6940
6922
6806
6820
6799
6879
6865
6905
6812
6831
7008
6744
6841
6910
6836
6786
6820
6858
6911
6865
6817
6943
6849
6760
6878
6935
6862
6788
6814
6939
6838
6808
6877
6754
6889
6805
6882
6897
6810
6693
6741
6914
6781
6868
6866
6849
6821
6912
6844
6819
6765
6905
6804
6913
6873
6769
6886
6825
6902
6829
6912
6868
6814
7040
6839
6923
6901
6841
6885
6744
6788
6855
6849
6915
6887
6881
6825
6757
6846
6948
6848
6877
6763
6822
6972
6914
6959
6763
6838
6913
6851
6920
6924
6837
6949
6849
6818
6838
6822
6923
6918
6813
6895
6930
6867
6790
6831
6921
6744
6800
6837
6893
6884
6898
6816
6852
6855
6895
6862
6845
6815
6729
6820
6841
6806
6855
6841
6858
6789
7005
6799
6865
6838
6865
6707
6852
6843
6958
6999
6794
6804
6833
6888
6837
6905
6793
6910
6738
6766
6857
6807
6827
6893
6845
6859
6873
6789
6849
6858
6759
6924
6691
6904
6803
6839
6865
6806
6823
6723
6919
6723
6829
6775
6879
6825
6749
6831
6977
6821
6899
6917
6821
6896
6928
6851
6868
6794
6825
6820
6750
6849
6939
6747
6854
6922
6829
6898
6850
6775
6791
6817
6834
6933
7008
6781
6922
6778
6843
6843
6778
6922
6869
6866
6959
6770
6836
6849
6893
6866
6780
6884
6842
6777
6944
6771
6909
6846
6840
6811
6867
6882
6810
6792
6808
6907
6808
6850
6833
6959
6760
6826
6879
6828
6826
6850
6860
6964
6786
6830
6823
6737
6841
6814
6795
6869
6896
6856
6834
6852
6858
6827
6769
6796
6902
6891
6768
6792
6856
6867
6857
6913
6835
6845
6825
6857
6889
6866
6939
6813
6833
6817
6850
6858
6820
6770
6821
6918
6936
6808
6874
6849
6907
6927
6757
6814
6773
6838
6856
6891
6913
6772
6770
6886
6859
6862
6856
6871
6881
6789
6724
6877
6775
6883
6923
6960
6837
6815
6870
6826
6962
6884
6905
6892
6744
6823
6906
6897
6675
6760
6814
6878
6846
6827
6887
6860
6769
6796
6843
6844
6956
6833
6818
6967
6849
6886
6820
6924
6825
6865
6823
6738
6803
6942
6814
6836
6807
6979
6925
6904
6826
6884
6818
6805
6869
6851
6946
6889
6906
6865
6932
6738
6890
6819
6840
6780
6843
6997
6925
6858
6930
6852
6882
6923
6804
6880
6800
6827
6809
6833
6850
6833
6933
6892
6802
6801
6842
6855
6767
6799
6827
6779
6878
6848
6866
6868
6840
6970
6799
6758
6813
6867
6893
6804
6744
6919
6791
6771
6852
6915
6893
6917
6939
6772
6919
6858
6788
6825
6883
6913
6831
6734
6860
6787
6889
6815
6807
6739
6831
6868
6860
6762
6930
6807
6821
6865
6856
6875
6826
6802
6792
6770
6776
6856
6855
6831
6809
6943
6821
6876
6898
6857
6839
6927
6843
6821
6780
6789
6794
6860
6868
6766
6844
6900
6789
6861
6958
6791
6749
6879
6720
6890
6769
6767
6944
6887
6772
6803
6888
6898
6837
7020
6846
6817
6912
6817
6834
6789
6857
6914
6906
6861
6866
6883
6921
6821
6867
6758
6901
6845
6904
6828
6844
6867
6904
6889
6840
6881
6756
6750
6833
6801
6713
6890
6775
6833
6834
6786
6860
6864
6824
6862
6932
6791
6741
6883
6865
6846
6828
6818
6911
6751
6777
6910
6843
6831
6886
6958
6854
6856
6901
6873
6810
6876
6895
6928
6792
6871
6836
6762
6865
6781
6844
6800
6869
6854
6898
6820
6793
6892
6716
6830
6848
6843
6902
6873
6870
6857
6836
6952
6754
6868
6771
6870
6786
6886
6840
6817
6842
6845
6855
6826
6885
6772
6868
6886
6828
6889
6857
6851
6877
6851
6901
6789
6721
6973
6777
6841
6815
6863
6758
6896
6816
6807
6779
6869
6860
6867
6971
6837
6841
6720
6745
6729
6848
6875
6797
6785
6889
6850
6835
6897
6694
6898
6793
6867
6807
6817
6763
6883
6879
6762
6928
6883
6860
6875
6817
6889
6945
6887
6866
6810
6776
