37900
38079
37882
37868
38059
38002
37881
37765
37856
37976
38002
37972
37871
37948
38032
37813
38041
37991
38139
37839
38218
38004
38040
37936
37993
37736
37935
37926
37957
37813
37856
37994
38139
37865
37851
37864
37970
37968
38068
37827
38033
38146
37843
38024
37814
37975
38219
37859
37883
37817
37970
37954
37813
37920
38036
37831
37871
37961
37921
37880
38077
37832
38009
37814
37557
37886
38081
38182
37925
37805
37916
37989
37538
37869
37875
37965
37843
37731
38024
37776
38063
38010
37975
37973
38023
37912
37895
37938
37717
37848
37739
38094
37845
37742
38177
38034
37982
37816
38041
37916
38194
38074
37706
37868
37868
37727
37983
38013
37783
37951
37945
37700
37950
37853
38125
38126
38160
38113
37937
37912
37874
37784
38123
38077
37912
37887
37945
38130
37977
38224
38018
37867
38100
37992
38049
38016
37894
37829
37884
38002
37847
38053
38050
37947
37993
37829
37906
37840
37978
37810
38210
38009
37900
37916
37874
37872
37897
37858
38028
38002
38108
37968
37973
38024
37931
37823
38054
37900
37965
37960
37911
37999
38123
38196
37860
37748
37893
38153
37851
38051
37705
38093
37761
38022
38068
37905
37878
37937
37915
38084
38009
37754
38059
37935
38022
37871
37788
38148
37834
38079
37790
38003
38087
37999
38024
37979
38007
37789
37775
38204
38185
37963
37999
37903
38024
38109
38048
38190
38021
38031
38034
38181
38062
38152
37805
37968
37911
37875
37972
38028
37795
38208
37854
37886
38134
37855
38035
37998
37982
38065
37941
37919
38123
38103
37923
37692
37896
37698
38096
37863
37870
37950
37695
37941
37958
37948
37923
37793
37998
37782
37854
37923
38221
38039
38009
37797
37918
38011
37969
37925
37684
37726
37903
37881
37799
37937
37759
37936
37865
37869
38005
37971
38084
38144
37743
37993
38135
38155
37855
37840
37881
37907
37729
37903
38032
37815
37817
37923
37911
37960
38052
38022
37907
37909
37826
37847
37900
37822
37864
37858
38143
37848
37893
37962
38034
37811
37922
37837
38013
38052
38062
37690
37937
37983
37952
37928
37859
38098
37926
37656
37996
38021
37996
37845
37897
37728
37804
37949
37943
37859
37732
37938
38008
37981
38177
37813
38058
37992
38155
38021
37859
37969
37740
37796
37867
37742
37772
37902
38036
37925
38064
37879
38099
37903
37983
37862
37843
38082
37988
37921
37868
37984
37826
37960
37858
38133
37843
38100
37851
37784
38094
38124
37931
37914
37880
37826
37848
37882
38249
37979
37869
37976
37790
37817
38103
38097
38093
37980
37854
37885
37694
38278
38031
38036
37925
38058
38025
37868
37934
38184
38170
38067
37880
37939
37918
38124
37877
37880
37868
37945
37885
37874
37963
37963
38093
38171
37916
37607
37958
37974
37681
37983
37871
38092
37931
38037
37978
37689
37948
38093
38121
37947
37865
37991
37810
37829
38137
37702
38089
37985
37905
37739
37777
38080
38076
37943
37956
37975
37964
37872
37775
38005
37929
37755
38041
38017
37988
38241
37792
37886
38084
38059
38111
37904
37992
37949
37991
37770
37828
38017
37675
37777
37924
37937
37888
38042
37781
38168
37935
37956
38008
38261
37899
37844
38049
37923
37958
38042
37931
38043
37853
37832
37968
37963
38080
38112
37826
38051
38027
37996
37755
37982
37885
37716
38009
38176
38042
37916
37771
37835
37962
38093
37920
37985
38069
38030
37830
37851
37786
37913
38031
38104
37878
38047
37893
37746
38097
37833
37819
37971
37931
37884
38156
37870
37961
37523
37798
37876
37742
37867
37973
37862
37854
37892
37822
38034
37698
37821
38004
38029
37905
38126
37837
38130
37732
37697
37998
37837
37745
37858
38212
38117
37809
37893
37719
38083
38027
38036
37835
37922
37779
37948
38038
37867
37936
37817
38105
37977
37930
37785
37854
37830
38048
37825
37830
37935
38012
37994
37947
38031
38003
37915
37819
38043
37912
38113
37922
38018
37972
37849
37893
37707
38059
37901
37800
37748
37895
37818
37776
37963
38029
38127
37906
37813
37897
37844
37950
37863
37964
37971
38146
37809
37942
38098
37879
37825
37880
38135
37860
37932
37782
38022
37988
37780
37927
37969
38098
37946
37817
38059
38053
37837
38078
37857
37878
37785
37852
37892
37943
37997
38065
37865
37889
38014
37870
38004
37993
37820
38073
37988
37787
38166
37964
37905
37695
38059
37954
37890
37845
37923
37978
37663
37784
37960
37733
38031
37832
38018
37797
37960
37954
38091
38134
37905
38131
38043
37832
37867
37917
38011
38019
37826
38064
37727
37890
38040
37882
37913
37955
38019
37852
37837
37990
37891
37900
37920
37966
37953
38003
37839
38130
37778
37969
37873
37902
38217
37857
37950
38078
37888
38050
38052
38114
37909
37874
37796
38016
37947
38012
37818
38096
37843
38112
37971
38067
37917
37987
37943
37768
38017
37881
37880
37930
37937
37884
37989
37786
37978
37870
37915
37982
37938
38005
38028
37842
38043
37876
37948
37844
37968
38022
37711
38104
38140
37974
37887
37730
37945
37874
37842
37916
38069
38004
37989
38022
37899
37969
38007
37814
38001
38064
37901
37991
38013
37855
37988
38098
37965
37784
38031
37918
38014
37958
38013
37846
38044
37949
38035
37612
37906
37806
38011
38107
38069
37830
38050
37923
37984
37923
37815
38164
38046
37591
37911
37909
37985
37989
37953
37895
37688
37863
37728
37886
37863
37966
37891
38149
38243
38132
37897
37807
38041
37826
37873
37985
37998
37802
37830
37888
37916
37799
38002
37968
37851
37853
37848
38129
37975
37906
38144
37967
37828
37733
37917
37936
37834
37870
38114
38071
37872
37840
37964
37847
37903
37932
37928
37884
37883
37945
37888
37920
37688
37895
37882
37521
37780
37849
38020
37793
37914
37850
37760
37854
38040
37871
37803
37893
38095
38033
38048
37987
37888
37901
37998
37855
38270
37868
37946
37880
38161
37865
37890
38132
37985
37928
38004
37881
37960
37926
37956
38000
37883
37826
38015
37965
37878
37835
37961
37968
37984
37941
37917
38146
38091
37937
37947
37995
37906
37890
38115
37910
37976
38169
37967
38098
37986
38094
38112
37791
38004
38006
37924
37959
37859
37899
37889
38047
38110
37726
37932
37895
38007
38033
38027
37863
38180
38055
38021
37995
37973
38041
37876
37940
37853
38076
37950
37853
38177
37926
38122
37998
38070
37994
37988
38096
37765
38001
37933
37832
38067
37946
37842
37822
37981
37904
37860
37898
37761
37958
37953
