416662
416942
417060
416958
416959
416739
416731
416735
416564
416928
416845
416817
416901
416754
416793
416644
416879
416836
416806
416810
416938
416868
416854
417030
416924
416853
416714
416753
416930
416746
416697
416775
416870
416849
416679
416890
416678
416896
416759
416910
416726
416872
416779
416877
416951
416939
416819
416776
416857
416758
416950
416807
416892
417090
416966
416938
416709
416907
416915
416771
416852
416984
416970
416693
416911
417045
416734
416660
416882
416678
416938
416780
417010
416691
416927
416714
416735
416802
416635
416865
416774
416829
416858
416985
416858
416657
417027
416704
416913
416864
416740
416777
416559
416749
416885
416908
416985
416852
416936
416813
416808
416747
416842
416906
416782
417003
416763
416948
416811
416981
416742
416910
416896
416818
416944
417003
416931
416753
417060
416857
416980
416896
416960
416715
416888
416726
416666
416762
416727
416816
416735
416709
416935
417019
416918
416731
416662
416909
416971
417003
416912
416928
416797
416790
416857
416714
416880
416938
416619
416870
416821
416982
416868
416842
416881
416885
416760
416944
416927
416831
416946
416843
416864
416822
416814
416829
416757
416750
416731
416748
416742
416694
416865
416794
416658
416667
416815
416880
416824
416855
416811
416829
417007
416830
416840
416668
416860
416749
416856
416740
416896
416965
416901
416843
416896
416913
416849
416703
416844
416951
416773
416951
416877
416704
416662
416565
416814
417045
416672
416833
416829
416990
416747
416679
416781
416868
416769
416846
416885
416654
416890
416700
416646
416813
416810
416892
417091
416818
416948
416678
416743
416603
416861
416993
416877
416813
416932
416720
416765
416739
417044
416909
416752
416754
416828
417005
416972
416801
416798
417019
416968
416961
416857
416912
416787
416759
416829
416871
416733
416849
416946
416796
416983
416822
416896
416808
416829
416815
416875
416918
416850
416939
416430
416725
416909
416849
416734
416814
416969
416850
416831
416801
416903
416719
416831
416776
416686
416622
416708
416891
416897
416868
416790
416918
416916
416809
416862
416866
416743
417002
416859
416729
416955
416747
416794
416666
416648
416793
416950
416889
416909
416795
416995
416913
416940
417024
416700
416892
416627
416920
416691
416993
416786
416924
416780
416848
416820
416827
416886
416943
416874
416792
416892
417003
416737
416709
416712
416911
416962
416793
416797
416765
416770
416941
416833
416954
416844
416740
416696
416970
416912
416648
416647
416633
416631
416691
416981
416721
417050
416869
416946
417038
416702
417138
416788
416847
416716
416918
416851
416904
416812
416942
416847
416728
416972
416957
416875
416752
416897
416755
416966
416905
416868
416833
416811
417010
416761
416790
416860
416859
416803
416839
416788
416812
416898
416943
416852
416653
416784
416755
416796
416730
416891
416825
416927
417049
416802
416855
416798
416911
416723
416992
416882
416780
416775
416929
416969
416650
416889
416773
416795
416926
416830
416897
416866
417041
416889
416849
416857
416533
416712
416969
416853
416610
416919
416703
416945
416853
416837
416778
416943
416905
416814
416653
416995
416827
416867
417013
416830
416741
416829
416835
416727
416830
416920
416868
416998
416848
416759
416742
416890
416872
416764
416590
417018
416988
416809
416720
416809
416943
416880
416773
416780
416576
416828
416752
416928
416897
416789
416621
416772
417045
416894
416999
416715
416947
416767
416880
417006
416732
416724
416973
416998
416741
416640
416958
416731
416945
416701
416769
416849
416853
416834
416982
416923
416912
416968
416969
416735
416773
416942
416884
416791
416896
416969
416746
416773
416782
416628
416747
416768
416708
416777
416631
416847
416821
417057
416870
417026
416987
416954
417075
416654
416774
416903
416981
416925
416726
416710
416947
416932
416818
416842
416649
416898
416783
416900
416714
416943
416741
416933
416891
416882
416744
416793
416720
416770
417045
416895
416947
416797
416761
416777
416865
416835
417011
416967
416781
417071
416841
417041
416853
416927
416872
416877
416707
416903
416680
416698
416849
416897
416681
417028
416767
416796
416868
416813
416794
416979
416780
416744
416853
416847
416863
417020
416771
416680
417069
416752
416768
416986
416860
416977
416966
416841
416911
417011
416879
416748
416951
416894
416844
417015
416857
416936
416878
416846
417010
416644
416727
416883
416844
416907
416705
416960
416815
416637
416858
416581
416731
416887
417070
416685
416937
416792
416939
416657
416842
417098
416780
416717
416649
416830
416587
416782
416886
416839
416711
416862
416926
416890
417038
416721
416817
416802
416739
416932
416908
416720
416976
416688
416825
416814
416989
416795
416733
416628
416895
416889
416771
416840
416898
416972
416717
416751
416882
416947
416815
417018
416939
416761
416844
416752
416891
416851
416663
416811
416995
416951
416760
416734
416841
416862
416868
416967
416908
416999
416806
416851
416743
416690
416886
416820
417108
416789
416637
416688
416876
416809
416868
416909
416857
416850
416971
416943
416855
416933
416914
416642
417074
416730
416794
416889
416756
416742
416701
416984
416630
416734
416933
416729
416752
416904
416989
416870
416852
416891
416792
416900
417010
416780
416856
416847
416868
416878
416664
416714
416749
416915
416651
417082
416984
416968
416775
416744
416979
416926
416791
416607
416848
416885
416880
416879
416792
416903
416780
416801
416595
416752
416901
416714
416959
416879
416693
416955
416957
416719
416842
416907
416667
416734
416924
416767
416849
416844
416827
416658
416773
416912
416728
416867
416893
416824
416603
416780
416731
416911
416717
416797
416905
416741
416883
416862
416880
416760
417048
416783
416723
416749
416646
416650
416824
416782
416818
416732
416707
416755
416719
416682
416847
416791
416877
416881
416854
416680
416659
416685
416857
416868
416894
416929
416925
416876
416789
416785
416918
416863
416811
416909
416868
416894
417029
416828
416924
416902
416880
416887
416764
416948
416879
416876
416794
416826
416791
416954
416802
416864
416958
417055
416868
416828
416802
416960
416819
416972
416615
416867
416980
416707
417033
416854
416641
416890
416876
416570
416795
416829
416784
416738
416917
416785
416981
416853
416859
417021
416844
416813
416797
416880
416918
416644
416601
416961
416758
416787
416710
416762
416646
417036
416903
416764
416719
416938
416960
416860
416758
416705
416928
416797
416823
416943
417010
416882
416850
416811
416927
416928
416901
416768
416860
416929
416841
416770
416642
416878
416709
416696
416801
416926
417004
416692
416758
416686
416956
416913
416955
416786
416716
416764
416934
416807
416940
416896
416757
416869
416744
416873
416748
416782
416977
416920
416887
416739
416814
416821
416872
416834
416868
416798
416853
416891
416860
416672
416709
416975
416851
416818
417023
416945
416990
416538
416751
416924
416926
416807
416646
416744
416859
416841
416951
416827
416757
416847
416768
416864
417084
416855
416675
416912
416849
416665
416743
416895
416697
417030
417065
416676
416941
416751
416682
