477
474
570
538
509
502
487
473
484
488
468
480
553
469
482
501
454
485
545
501
464
443
515
519
518
443
483
540
506
509
515
501
461
492
489
536
464
496
491
453
465
417
478
528
478
498
492
459
447
454
558
481
487
511
474
476
502
480
490
468
497
473
483
464
495
512
442
513
513
436
482
500
532
462
455
458
463
486
501
496
469
479
449
503
507
530
492
505
475
514
523
517
481
451
492
497
511
481
499
486
488
496
511
526
503
517
526
517
502
440
519
482
525
483
517
491
460
486
483
508
491
483
528
518
483
478
449
487
483
487
478
490
526
470
468
523
472
502
475
480
498
513
467
519
478
454
502
466
485
470
489
563
516
498
463
463
449
496
472
474
497
522
517
488
467
463
480
493
453
523
481
452
464
517
501
434
494
493
522
458
478
466
494
481
475
482
483
487
472
503
515
489
524
478
474
490
475
483
476
457
523
514
490
520
498
441
443
497
546
468
486
463
539
524
448
493
509
498
461
474
501
475
437
453
465
474
470
446
495
453
468
476
452
489
495
504
476
472
512
441
465
505
492
444
509
484
456
451
548
473
529
517
471
497
464
484
461
508
495
494
468
495
496
542
465
514
545
421
476
460
479
504
539
493
449
502
453
520
498
492
516
485
453
478
486
492
503
441
474
514
521
496
490
455
485
462
488
460
520
510
535
458
496
502
515
508
497
489
467
513
528
490
501
458
484
517
500
490
511
492
467
522
516
508
452
550
449
503
507
460
503
478
474
496
499
499
465
447
449
515
453
477
474
498
485
477
435
472
485
527
525
468
467
467
469
490
473
531
498
462
488
438
504
521
494
488
471
457
492
475
457
462
453
488
496
472
510
453
476
517
489
509
496
506
490
484
438
495
497
574
466
514
479
467
502
476
483
467
508
551
454
476
478
506
504
496
475
493
523
479
465
512
524
447
522
488
438
454
491
504
509
492
457
516
491
489
505
456
491
473
434
496
484
473
522
496
519
503
474
473
463
475
464
477
452
446
524
512
467
461
518
485
501
445
477
487
489
437
486
485
525
487
486
495
478
501
479
459
454
452
471
526
466
487
467
497
481
470
534
499
469
487
481
502
495
492
451
470
460
473
522
493
468
506
509
478
486
479
499
461
478
491
485
484
477
508
473
494
452
495
502
513
542
490
488
533
524
462
494
545
502
497
491
467
482
459
456
501
484
460
518
506
494
470
428
471
509
501
473
479
485
533
460
482
481
479
452
446
465
451
452
463
489
492
496
463
453
499
477
488
493
528
501
446
477
496
539
488
484
497
475
521
491
459
509
491
523
484
465
568
494
533
465
475
522
478
422
510
462
471
480
434
482
460
465
459
455
480
497
477
515
490
450
490
477
465
477
444
490
521
434
508
455
475
488
497
504
437
475
434
519
430
500
518
481
509
515
509
494
487
474
475
486
464
470
493
484
459
470
495
460
450
454
453
511
487
489
458
489
494
444
456
502
513
501
474
511
458
486
473
506
506
532
463
492
477
456
471
522
516
451
473
468
476
452
457
488
490
457
425
446
483
503
500
466
513
489
458
459
471
517
460
522
489
519
520
479
492
461
502
428
487
534
449
529
465
501
443
530
456
486
489
491
475
485
464
490
512
515
448
496
543
456
477
452
469
486
472
489
480
444
487
462
485
509
470
463
531
496
465
502
475
435
469
447
534
481
519
442
498
514
482
535
509
502
496
450
442
491
494
438
431
482
480
428
491
457
473
470
494
509
477
487
460
481
527
486
485
472
464
533
455
480
455
502
459
466
501
509
472
478
517
450
481
488
504
498
470
480
451
475
489
452
463
505
478
539
480
490
527
466
450
549
481
507
528
479
464
489
497
507
495
467
494
495
508
450
476
458
456
460
545
463
501
462
512
481
484
470
476
489
489
476
439
475
499
493
470
484
459
484
487
476
543
535
493
508
520
487
460
489
507
499
472
461
491
481
459
466
465
481
485
469
460
494
486
492
528
475
526
463
477
442
474
488
455
510
463
495
467
502
482
473
519
445
512
543
475
532
485
469
459
505
450
484
513
483
512
467
449
491
476
482
495
483
465
484
506
469
462
521
428
490
494
510
484
503
496
480
491
516
479
464
486
497
536
466
467
469
507
511
480
527
552
480
504
464
475
490
560
474
480
475
462
484
484
454
481
489
548
518
500
477
486
452
518
468
467
464
476
504
546
509
497
460
495
456
486
452
460
514
440
510
493
488
495
449
496
490
493
481
427
450
507
493
475
500
516
485
504
