4726
3876
4535
4601
3669
4877
3623
3557
3909
4739
4612
3645
3675
4667
3442
4602
4773
3550
3672
4641
4700
4686
4819
4860
4765
3851
3743
4818
3762
4779
3652
4735
3808
4699
3530
3626
3724
3670
4609
4588
4703
3711
4780
3574
3626
4921
4639
4798
4842
3644
4843
4908
3571
3602
3664
3625
4857
3559
3797
4930
4582
4808
3716
3899
3814
3848
3622
4898
4850
3533
4863
4864
3640
3818
4695
4615
3560
4710
3664
4666
3519
3667
3844
4722
4835
3754
4649
3861
3733
4636
3872
3609
3448
4889
3920
3620
3772
4925
3834
3669
3540
4880
4802
4705
3770
3592
3808
4818
3625
4617
4804
3631
3523
3790
4673
4691
3614
3652
3836
4632
4918
4745
3660
4723
3561
4634
3836
3807
4962
3633
4762
3851
3635
4824
4976
4656
4774
4691
3782
3796
3593
3596
4770
4882
3617
3659
3609
3554
3648
4636
4867
3729
3613
3436
4724
4657
3627
4803
4758
3768
4653
3517
3782
3549
4805
3866
3760
3808
4611
4845
3519
4605
3590
3532
4596
4681
3687
3817
4725
3650
3534
3636
3561
3831
4662
4530
4748
3554
4564
4749
3488
4624
4575
4424
3644
3747
3645
3800
4610
3526
4880
4677
4659
4625
3539
3689
3620
3849
4516
3719
4798
4826
3723
3829
3625
4769
4891
3784
4560
4546
4573
4849
3781
3853
3662
3619
4900
4622
4571
3787
3582
3848
3580
4755
4640
3630
4664
3605
4845
3714
4953
4859
3565
3687
4756
3907
3489
3793
4566
3795
3873
4866
4893
3774
3755
3479
3732
4543
4911
3606
4705
3584
4944
3577
4882
3668
4869
3589
4710
3757
4726
3578
4659
3666
3736
3629
4790
4761
3587
3659
3647
3547
4573
3610
3592
4574
3488
3597
4782
4631
4631
3827
3815
3535
3877
4643
4842
4791
3594
3586
3856
3618
3722
3738
4672
3860
3561
4647
3562
3863
3532
3808
3656
3811
4673
3789
3859
4875
3751
4571
4682
4693
4754
4558
4874
4839
3894
4849
3620
4810
3687
3492
3564
4770
3662
3566
4818
3530
3735
4684
4699
3766
4644
3721
3628
3494
4831
3706
3832
3733
3716
4759
4539
3644
3686
3710
4829
3546
3614
3821
4815
3619
3664
3609
4774
4751
4598
4704
4742
3633
3568
4868
3905
3635
4778
4878
3733
4774
3831
4899
4860
3854
4749
4962
3780
4682
4589
3762
4908
3597
3841
3747
4680
3527
4600
4699
4834
3552
4641
3672
3722
4916
4808
3810
3579
4774
4688
3807
4637
4627
3709
3649
4868
3623
3866
3607
3828
3818
4808
4852
4808
3605
3780
4795
4779
4627
3804
3817
4738
4603
3751
4801
4853
3710
3762
3653
3630
4874
3586
3605
3842
4623
3512
3557
4689
3686
3840
3819
4844
4876
4487
4844
4823
3729
3870
4849
3787
3782
3559
3860
4626
3551
3815
3679
4793
3523
4648
3609
4810
4755
3490
3845
3862
4874
3831
3719
3845
4910
3839
3823
3551
3506
3773
3805
3650
4510
4613
3660
3843
3885
4775
3598
4637
4598
3536
3630
3580
4595
3565
4852
4845
4773
3584
4905
4810
4593
3873
3816
3666
4803
4869
4788
4763
3835
4636
3570
3622
3903
3778
3551
3781
4717
4827
3700
3688
3818
4548
4622
3693
3758
3759
3684
3897
3686
3851
4590
3836
4504
3714
3671
3825
3605
3790
3624
3550
3532
4870
3600
4638
4649
3603
4660
3800
3769
3788
3626
4654
4774
4805
3606
4894
4850
3641
4937
4906
3801
3849
4710
4816
4666
3714
4688
4890
4617
3838
4646
3847
3743
4618
4819
3781
4632
4906
4695
4518
3896
3844
4925
3550
3525
4690
3850
4909
4810
3587
3611
3711
4861
3747
4869
3818
3835
3701
3822
4662
3465
3743
3734
4923
4619
3796
3807
4532
3778
3888
3544
3678
3811
3801
4910
4847
4848
3763
4834
3547
3812
4647
3580
3639
4538
3704
3827
4586
3800
3549
3607
3782
3673
3772
4488
3774
3607
3679
4586
3647
3615
3630
3770
4799
3632
4632
3764
4773
3733
4619
4800
3909
3652
3640
3703
3805
3636
4839
3799
4591
3708
3621
4860
4734
3555
3804
4828
3674
3666
3613
3631
4859
4801
3766
3551
3611
4623
3874
3743
3703
3621
3787
4794
4792
4797
3608
3756
4931
3591
4655
4845
4693
4807
3774
3647
4606
4604
4887
3684
4698
3629
3727
4821
4605
4682
4717
3896
3699
3801
3626
3613
3502
3524
3713
3816
4624
4901
3831
3932
4880
3656
4549
3610
4688
4893
4542
3643
3687
3563
4605
4862
4770
4603
3549
4827
4645
3782
3590
3601
4723
3849
3791
3781
3753
4648
3664
3738
3796
3645
3680
4684
3502
3959
3722
4847
4596
3629
4650
3771
3715
4733
3537
4772
3681
4870
4803
3832
3810
3629
4630
3550
3652
4869
4805
3608
4645
4550
4940
3739
3579
4802
4868
4545
3818
4791
3786
3578
4700
4498
4865
4777
3763
4807
3854
4672
3620
3562
4614
3541
4918
4711
4624
3741
3859
3703
4841
3779
4762
3834
3744
3569
4655
3525
3830
4838
3758
4521
3633
3675
4804
4866
4808
4827
3607
3778
4861
3793
3580
4895
3822
4717
3684
4676
3791
4669
3831
4674
3818
3671
3587
3863
3883
4666
3709
4731
4848
3756
4812
3794
4728
4624
4669
4834
4548
4633
3778
3741
3614
4565
4884
3799
4656
3615
3636
3848
4755
3677
3540
3747
3686
3652
3661
3746
3583
3584
4718
4933
4673
4836
4802
4722
4709
3762
3588
4781
3702
4810
4652
4683
3768
4570
4658
4899
3662
3629
3661
3631
3891
4690
4673
3857
4696
4861
3826
4622
3759
3688
4647
4742
4690
3627
4573
3790
3651
3611
4609
3541
4701
4624
3629
3675
3701
4723
4552
3706
3653
4862
4904
3620
3818
3625
4803
4790
4894
3537
4863
4679
4593
3532
4936
3573
3787
3819
3694
3577
3856
3768
3635
4526
3835
4869
3670
3713
3639
4768
4488
3756
3781
3826
3848
3754
4546
3737
3600
3902
4667
3776
4762
3807
3858
4702
3589
4862
3926
3496
4928
4594
3620
4628
3843
4881
4602
3889
4541
3675
3855
4796
3655
3602
3803
4804
4720
4858
4660
4634
