409
432
378
413
395
432
410
426
399
407
442
431
395
436
410
395
425
424
391
425
413
438
398
410
400
443
421
400
398
427
407
425
448
427
405
419
449
423
416
428
415
481
411
410
408
418
410
445
427
440
378
403
399
401
434
416
414
427
448
430
397
426
407
449
423
422
473
408
408
430
440
438
402
426
456
424
433
413
401
414
435
408
441
403
378
403
401
397
425
421
412
401
451
444
433
436
422
419
423
402
411
391
429
426
417
405
388
423
415
436
401
445
400
432
421
410
431
434
444
413
426
434
411
417
428
418
417
390
439
441
420
405
409
414
451
410
407
410
403
440
404
426
409
387
461
479
413
459
423
439
429
397
419
404
454
447
427
407
433
427
432
406
418
424
435
451
433
430
442
399
414
412
447
421
416
447
423
430
399
434
434
440
415
442
417
439
445
403
435
390
402
428
398
417
414
404
421
455
432
424
403
418
407
407
413
443
449
405
408
407
431
413
388
400
442
394
426
407
423
415
427
432
451
442
446
408
412
429
426
434
422
410
457
434
427
427
455
406
439
434
413
407
408
435
405
420
445
475
401
456
403
405
419
407
440
418
407
408
416
405
430
410
409
393
428
394
403
447
427
464
417
407
404
418
447
408
415
467
431
422
394
407
415
427
433
391
417
426
432
405
403
399
435
424
423
435
430
459
390
396
399
471
431
419
399
426
400
415
430
426
408
425
401
458
421
409
401
399
415
397
441
418
385
406
455
400
440
409
405
420
408
410
444
406
412
429
414
439
416
422
450
440
427
409
417
432
440
424
432
419
388
430
415
426
420
415
429
420
417
443
427
428
416
442
407
415
426
463
410
426
442
424
434
424
407
432
418
428
411
433
413
418
412
403
405
422
453
408
433
399
420
436
416
439
419
428
433
424
406
390
443
417
465
407
403
409
397
447
402
419
421
404
380
456
402
423
459
409
395
403
471
427
420
406
422
426
455
394
423
429
444
407
424
415
418
422
383
404
414
427
422
407
437
415
449
439
403
405
446
453
429
450
400
422
430
402
393
479
413
410
400
412
437
418
425
458
409
423
429
425
441
424
436
426
443
418
427
436
392
418
448
423
404
404
456
399
435
413
422
420
426
423
437
400
412
425
431
445
406
442
418
423
434
425
427
440
414
411
414
423
412
436
407
392
421
386
409
443
419
391
416
423
422
435
408
443
417
416
433
453
415
416
421
422
464
417
403
421
413
416
416
411
406
417
424
441
469
436
438
441
411
445
408
411
392
426
468
434
409
421
407
419
400
479
429
417
404
411
402
415
433
429
414
427
421
421
393
413
415
399
408
392
432
420
383
413
488
396
427
413
414
455
440
434
437
437
441
406
418
444
401
408
437
423
427
466
437
441
422
396
485
406
461
418
402
424
422
439
415
439
424
464
398
399
418
411
413
407
428
426
416
432
432
425
423
418
426
429
448
418
452
423
450
417
415
415
412
456
442
405
439
443
420
412
402
418
403
454
416
426
405
440
406
449
421
424
466
439
406
440
436
426
406
411
447
420
394
412
421
461
414
414
403
437
421
412
408
451
420
438
409
472
402
425
424
420
401
442
429
406
444
413
403
440
388
425
396
457
414
426
444
400
419
408
409
411
422
396
398
454
420
410
430
427
421
444
435
423
437
427
422
442
422
416
412
439
437
400
398
427
428
413
472
439
469
398
407
410
443
412
432
430
391
430
387
419
454
444
445
416
479
452
430
446
425
428
440
432
410
426
411
415
418
427
420
403
424
405
424
431
402
445
429
413
417
451
439
410
419
431
416
396
451
411
434
439
408
427
417
435
425
416
433
433
417
424
409
428
422
403
419
453
382
425
420
416
391
437
440
429
414
427
398
394
419
412
423
426
436
438
424
401
419
419
422
399
438
430
437
425
414
405
442
443
424
427
436
439
405
468
414
419
428
386
393
412
394
410
439
430
417
410
410
415
440
412
410
457
419
445
423
429
425
432
423
397
393
402
420
425
413
462
459
433
407
436
430
423
398
442
406
422
424
398
433
410
412
424
409
416
419
402
400
420
443
413
440
413
423
429
396
404
438
419
404
457
422
400
411
441
416
430
430
428
421
418
413
441
423
409
405
415
439
408
404
386
449
431
437
419
425
412
404
406
419
414
441
430
412
400
431
444
410
422
412
454
423
435
408
414
407
408
424
397
438
408
426
435
421
415
391
385
430
419
434
407
468
397
423
420
409
429
409
414
438
438
471
411
412
422
428
458
409
408
410
422
427
410
429
417
