11047
1311
14677
16884
12588
17908
5427
2859
11264
8176
3463
4099
3309
9375
1446
13969
791
3004
18426
2135
1994
540
9169
6130
8970
13974
1180
5775
2134
15641
9169
4751
15891
4421
15400
1581
9784
2277
16884
7601
2856
8768
14440
5257
11267
8369
10837
2134
7410
13735
13049
1049
2276
17900
13273
3159
2707
1049
3311
5428
2419
9371
2133
664
7987
4097
3158
15890
8371
11046
2136
12366
5086
3005
2420
14438
2134
3779
5259
17140
6669
14206
4920
3937
665
10195
3779
13277
3157
6669
2134
1445
13271
10833
17648
12369
6674
11263
14917
15890
7793
15642
792
15161
1995
5087
5952
5257
11048
1995
4919
13501
5601
12817
9372
5258
10407
5429
17392
1310
7414
14676
2276
17135
11480
9990
11263
13970
2856
11704
12595
6129
4585
4097
15403
15398
11046
11481
12367
1179
4098
16388
10411
11263
4586
15646
4919
6307
8567
10836
3777
7227
10196
12365
2565
14917
7039
6490
3465
7038
15888
2708
12146
5952
13504
15156
6854
8768
16635
7983
4099
3005
17139
15401
2564
5427
11485
8376
10409
12143
1049
15891
1446
14439
14205
3463
14444
3462
1995
5600
3621
11479
10196
15403
10617
17392
2709
17138
5428
4422
18164
3005
12366
8373
9782
11048
7411
7983
14917
15888
14919
15646
18425
14678
4750
13504
5604
9784
15159
11703
6312
6671
8766
16382
10623
10620
3466
8968
15642
7222
2710
15159
7600
12143
1581
7603
1717
14681
6306
10410
7414
13967
6670
10406
5952
5258
1855
17390
15641
11480
14207
1995
1717
4259
5775
7601
8770
12365
14206
6307
5604
4750
5088
13048
3156
3936
12593
17136
18425
9989
4918
16131
9171
13049
13734
9576
4752
1445
13048
1580
2859
13505
14679
6131
12816
13732
1311
3936
3939
4748
5773
15638
15403
13506
3464
10200
4752
2420
14443
6131
14201
8375
14677
15157
17394
5428
7039
8770
5601
3778
18420
8178
10831
7414
16635
16383
4420
7038
5952
2135
12820
3309
7986
540
2135
8967
666
14439
5259
9169
17645
10834
5951
1856
12366
1855
10199
11480
2134
2134
16887
13044
14681
16137
17140
6311
4100
11700
9783
15890
920
16888
13737
11923
9168
14918
14441
1049
12818
13505
17647
2710
3779
8570
13733
15644
6309
7038
9988
13045
3006
1049
12594
6308
3937
2276
15395
8374
7225
7789
4422
7794
13971
15160
3157
2276
17902
5428
6488
15163
6668
9580
16133
9989
665
1446
2708
1854
14916
13046
15888
791
541
15643
7412
4586
7604
4421
4097
7791
7413
5773
13732
7410
3159
11263
7603
6672
15399
11701
7791
791
11482
3619
540
12594
1049
13049
3622
9169
11482
1718
919
4423
4422
1049
2564
11049
11048
8768
15890
7598
15404
6312
18425
9785
13279
12146
791
1580
2565
15157
1050
4750
1049
4751
13971
8767
4919
17136
3005
2134
8769
14918
3312
1446
14678
1855
9575
18427
15891
15890
5086
665
18424
16134
16135
5778
18165
11923
3158
10196
10200
9370
2276
1580
2711
14677
3621
8571
792
9991
6488
17391
9575
2421
6131
1179
18418
10201
6855
4750
1049
11926
6488
17393
791
920
9783
6851
12368
10623
7041
9989
14916
18163
539
18423
7794
11262
4423
5603
4257
2859
5952
8968
1855
9371
11048
17648
1310
2565
2277
17904
3311
4587
665
15401
1179
1311
1179
11922
8972
16385
792
15895
11702
4753
920
10621
7224
6852
12595
16133
1855
7226
8968
5087
7224
14441
1581
5086
6130
6672
5085
6854
8571
793
4098
16135
2420
12145
7790
3463
3157
1179
3007
1311
13048
7983
1049
5087
16888
7037
7603
6310
8180
540
17139
8568
11483
7792
792
1718
6670
15643
6855
15642
1995
1580
9372
5954
3463
3464
1445
15401
3937
6309
2277
2564
4586
5256
7226
5952
11700
792
6670
14205
1581
13275
15158
2419
3158
16387
3621
9371
6127
9987
1581
2563
6852
1311
1446
11921
6129
4586
6489
1445
4918
1049
16886
8767
4421
17137
4421
5427
2135
3777
2419
2858
1854
1580
18165
16383
15161
5949
6488
16136
1581
12142
13275
14679
7795
10409
5777
9172
12593
10832
3158
5600
3620
5256
17135
18162
4422
1580
2277
9575
1445
1855
3937
1180
13046
3936
8768
11703
1994
18164
8569
8970
665
5427
7982
1446
12148
5951
2419
18423
791
3465
1445
3618
17391
15161
1717
541
4918
8178
12139
1995
1179
7983
4752
6308
1311
16136
540
6490
11263
920
792
16636
16889
18426
18161
9989
2708
11923
17643
793
5601
16381
3937
2277
1179
4099
15642
16380
16630
4261
3463
2421
15888
3620
14441
4099
4097
3157
11705
13049
13970
1180
14679
14442
8569
14673
2566
12819
5426
6490
7224
13048
6855
14682
16635
13965
4258
2708
3464
12370
5086
9784
5429
5955
15885
3938
9782
14202
1179
12145
10623
14205
8969
1995
17906
13276
16133
17390
5777
16884
3936
4259
5259
4584
665
3936
2857
5426
6131
17648
2857
9990
16630
5086
13503
10837
6672
5772
10620
14206
8971
1717
11701
18421
7984
1581
3465
1310
4258
3310
3464
1856
7792
1049
3158
3777
17393
18161
7792
6130
1050
15158
9167
6309
6669
4258
13734
16383
4584
10829
18423
16381
5257
921
6486
3159
1994
10199
4587
15403
12595
921
6308
13274
2709
3619
7412
10407
6130
4099
9168
1049
3008
6489
18427
11922
12595
2134
791
10203
18423
11265
17392
3309
2708
5602
1049
17390
13275
1049
3311
11922
2134
16137
17647
9781
11263
7037
18163
7225
1180
13971
3157
6672
2708
14918
8572
15159
7600
11920
1180
5427
14443
6131
4419
13731
7223
11048
5775
3464
15645
12818
3778
8972
13277
3463
8968
8768
16386
2276
14676
15647
3937
1580
5604
2708
12814
3463
3309
5429
15161
9169
11048
9167
1581
7224
16133
14920
3621
5428
3465
5259
2708
16386
2277
9579
12366
13973
664
1311
13044
15400
9578
1445
13271
5427
8373
4098
11051
1049
2565
7039
9785
13046
15396
17902
15405
15160
3619
7791
14917
8968
16633
1179
7600
3310
16384
4099
3311
5427
1445
8971
11921
1445
15646
10197
4096
3467
4750
1049
8767
1719
2856
5086
9993
10832
13508
10199
3621
18425
