1118856
1118853
1119192
1118962
1119016
1118778
1118915
1118831
1118903
1118941
1118892
1118926
1119050
1118978
1118858
1118932
1118824
1118844
1119065
1118908
1118880
1118795
1118920
1118877
1119004
1118707
1118878
1118931
1118977
1118808
1119013
1118862
1118735
1118919
1118909
1118923
1118873
1118829
1118788
1118718
1118898
1118621
1118911
1118996
1118851
1118921
1118944
1118784
1118907
1118756
1119017
1118867
1119034
1118991
1118874
1118906
1118856
1118889
1118679
1118852
1119075
1118843
1118944
1118799
1118815
1118998
1118693
1118780
1119015
1118834
1118824
1118810
1119019
1119017
1118802
1118879
1118838
1119027
1118856
1118941
1118796
1118875
1118716
1118856
1119078
1118984
1118934
1119007
1118919
1118971
1118980
1118940
1118784
1118858
1119103
1118812
1119012
1118865
1118944
1119027
1118933
1118974
1118929
1118943
1118932
1118886
1119032
1118873
1118893
1118869
1119076
1118920
1118978
1118779
1118975
1118848
1118921
1118915
1118866
1118970
1118899
1118914
1118935
1118917
1118869
1118912
1118880
1119005
1118833
1118884
1118892
1118825
1118893
1118854
1118799
1119038
1118822
1118908
1118889
1118804
1118929
1118999
1118816
1119020
1118800
1118608
1119009
1118762
1118901
1118733
1119010
1119090
1118923
1119063
1118764
1118821
1118789
1118949
1118755
1118945
1118893
1118846
1118905
1118856
1118877
1118683
1118882
1118885
1118841
1119000
1118901
1118812
1118816
1118979
1118867
1118732
1118987
1118928
1119068
1118857
1118894
1118915
1118855
1118983
1118851
1118885
1118872
1118995
1118697
1119000
1118898
1118915
1119014
1118899
1118816
1118993
1118878
1118765
1118886
1118796
1118945
1118838
1118984
1119009
1118903
1118787
1118914
1118903
1118910
1119089
1118858
1119010
1119063
1118867
1118741
1118944
1118778
1118937
1118847
1118977
1118913
1118836
1118753
1118762
1118757
1118908
1118988
1118932
1118768
1118817
1118853
1118865
1118675
1118744
1118920
1118891
1118778
1119007
1118927
1118780
1118827
1118980
1118943
1118910
1119015
1118854
1118842
1118865
1119063
1118816
1118998
1118932
1118941
1119078
1118836
1118906
1118833
1119008
1118998
1118958
1118665
1118941
1118941
1119031
1118942
1118973
1118980
1118809
1118882
1118686
1118761
1118924
1118896
1118930
1118718
1118980
1118889
1118823
1118722
1119023
1119019
1118875
1118779
1118914
1119000
1118994
1118908
1118923
1118870
1119024
1119034
1118929
1118864
1118870
1118915
1118763
1118877
1118877
1118948
1119045
1119115
1118769
1118955
1118882
1118841
1118942
1118875
1118757
1118772
1118800
1119082
1118879
1118850
1118800
1118749
1118961
1119012
1119009
1118933
1118944
1118731
1118882
1119031
1118952
1118838
1118992
1118858
1118981
1119075
1118825
1118909
1118933
1118793
1118941
1118859
1118856
1118881
1118907
1118937
1118995
1118682
1118913
1118859
1118865
1118874
1118830
1118828
1118893
1118862
1118898
1119001
1118845
1118961
1118914
1118783
1118807
1118915
1118922
1118903
1118841
1118846
1118816
1118982
1118848
1118893
1118949
1118874
1118842
1118930
1118796
1118824
1118861
1118933
1118955
1118974
1118894
1118950
1118856
1118907
1118857
1118935
1118918
1118969
1118901
1118907
1118873
1118771
1119025
1118848
1118924
1118782
1118919
1118762
1118821
1118802
1118899
1118784
1118852
1118949
1119107
1118914
1118816
1118772
1119004
1118965
1118937
1118954
1118952
1118955
1118884
1118903
1118978
1119038
1118649
1119024
1118866
1118743
1118885
1119020
1118960
1118810
1118884
1118889
1119046
1118980
1118828
1118820
1118928
1118817
1118815
1118732
1118796
1118916
1118977
1119018
1118869
1118976
1118820
1118861
1118876
1118835
1118889
1118854
1118876
1118849
1118686
1118944
1118919
1118859
1118718
1118959
1118909
1118987
1118846
1118863
1118963
1118919
1118759
1118943
1118924
1118908
1118850
1118985
1118888
1118826
1118849
1119013
1118812
1118819
1118799
1118951
1119125
1118816
1118871
1118805
1118909
1118791
1118812
1119081
1118917
1118776
1118945
1119047
1119023
1118886
1119050
1118763
1118890
1118873
1118898
1118848
1118878
1118802
1118933
1118960
1118884
1118794
1118876
1118966
1118854
1118894
1118918
1118868
1118926
1118900
1118891
1118906
1118795
1118854
1118838
1118975
1118930
1119079
1119048
1118820
1119034
1118986
1118786
1118920
1119012
1118902
1118865
1118837
1118838
1118922
1118876
1118873
1118925
1118868
1118830
1118941
1118918
1118752
1118867
1118653
1118819
1118995
1118966
1118896
1118869
1118854
1118994
1118848
1118882
1118839
1118870
1118872
1118801
1118658
1118754
1118848
1118864
1118892
1118847
1118939
1118871
1118720
1118928
1118889
1118852
1118917
1118990
1119068
1118641
1118803
1118940
1119006
1118821
1118914
1118913
1118869
1118873
1118967
1118848
1118886
1118999
1119008
1118854
1118770
1119086
1118849
1119149
1118920
1118905
1118970
1118860
1118688
1118942
1118844
1118888
1118930
1118765
1118839
1118775
1118883
1118840
1118804
1118899
1118818
1118737
1119128
1118909
1118793
1118918
1118757
1118736
1118927
1118684
1118904
1119116
1118628
1118816
1118721
1118751
1118893
1118740
1118887
1118768
1118820
1118724
1118978
1118708
1119004
1119016
1118730
1118880
1118908
1118848
1118964
1118836
1118878
1118893
1118860
1118787
1118815
1118873
1118860
1118876
1118849
1118907
1118821
1118777
1118819
1118856
1119008
1118880
1118890
1118862
1118917
1119082
1118622
1118912
1118931
1118938
1118917
1118861
1119016
1118766
1118894
1118863
1118882
1118850
1118872
1118826
1118883
1118931
1118800
1118842
1119016
1118981
1118891
1118904
1118826
1118810
1118732
1118757
1118887
1118914
1118821
1118807
1118864
1118854
1118978
1118837
1118796
1119025
1118861
1118864
1118918
1118841
1118871
1118664
1119045
1118991
1118965
1118934
1119003
1118793
1118752
1118919
1118771
1118918
1119055
1118794
1119044
1118841
1118931
1118870
1118957
1118761
1118892
1118915
1118860
1118741
1118940
1118859
1118955
1118898
1118888
1118751
1118948
1119083
1118754
1118866
1118870
1118885
1118777
1118776
1118916
1118844
1118920
1118927
1118889
1118940
1118899
1118858
1118799
1119046
1118922
1118847
1118868
1118911
1118787
1118747
1118805
1118987
1119041
1118997
1118750
1118996
1118919
1118814
1119049
1118938
1118968
1118989
1118868
1118781
1118794
1118887
1118663
1118674
1118818
1118910
1118831
1118851
1118803
1118858
1119017
1118969
1118980
1118892
1118924
1119056
1118974
1118986
1118823
1118912
1118880
1118708
1119022
1118727
1118940
1118786
1118905
1118760
1118788
1118878
1118974
1118740
1118787
1118975
1118848
1118930
1118725
1118879
1119033
1118870
1118876
1118841
1118869
1118847
1118773
1118855
1118893
1118873
1119002
1118881
1118952
1119018
1118833
1118725
1118962
1118900
1118972
1118979
1118877
1118729
1118785
1118846
1118955
1118825
1118938
1118925
1118919
1118934
1118881
1118831
1118884
1118814
1118804
1118928
1118890
1118928
1119022
1118984
1118869
1118837
1118851
1118840
1118924
1118929
1118760
1118756
1118882
1118931
1118914
1118874
1118913
1118787
1118876
1118998
1118913
1119089
1119017
1118876
1119035
1119063
1118783
1118823
1118902
1119021
1119052
1118928
1118805
1118938
1118876
1118766
1118921
1118833
1118782
1118857
1118887
1118807
1118917
1118906
1118949
1119092
1118879
1118851
1118887
1118814
1118715
1118928
1118893
1118820
1118914
1118826
1118997
1118842
1119075
1118886
1118758
1118881
1118800
1119068
1119065
1118757
1119053
1118845
1118812
1118740
1118926
1118763
1118790
1119005
1118873
1118902
1118911
1118913
1119112
1118843
1118835
1118976
1119053
1118843
1118858
1118880
1118886
1118864
1118823
1118691
1118893
1118907
1118962
1118775
1118973
1118857
1118895
1119004
1118949
1118945
1118911
1118878
1118933
1118934
1118801
1118917
1118874
1119000
1118938
1118953
1118890
1119053
1118896
1118931
1118885
1118771
1118925
1119032
1118867
1118861
1118828
1118777
1119009
1118826
1118845
1118821
1119068
1118978
1119057
1118879
1118779
1118899
1118824
1119020
1118821
1118857
1118921
1118826
1118920
1119073
1118971
1118858
1118838
1119019
1118873
1118908
1118933
1118880
1119009
1118837
1118808
1118938
1118813
1118842
1118806
1118986
1118929
1118838
1118819
1118789
1118898
1118941
1119016
1118927
1118871
1118888
1118842
1118854
