1
1
71
1
190
490
116
1
1
491
7
3
71
28
5
4
3
44
3
189
1
3
491
2
1
3
1
28
11
28
189
2
11
2
305
28
7
305
7
305
2
45
3
490
1
17
3
28
190
7
71
28
72
3
17
189
116
2
2
491
116
3
3
1
1
3
7
3
45
2
1
18
4
3
305
28
72
1
2
117
7
3
3
189
2
5
7
490
11
189
7
5
1
44
5
116
1
3
1
11
2
3
116
72
1
490
117
11
71
189
306
17
306
1
189
3
6
12
6
72
2
7
116
11
117
1
44
7
44
1
7
490
1
18
189
1
2
491
71
44
72
189
3
71
116
11
7
5
305
305
72
71
117
1
4
305
2
44
71
7
306
7
11
28
71
4
18
44
117
3
189
18
11
4
18
305
3
117
11
116
189
18
28
305
28
5
3
490
305
3
7
72
28
44
117
1
305
1
189
189
5
189
4
3
11
4
71
45
305
44
491
3
491
6
7
491
1
3
116
29
44
71
18
18
189
305
189
305
490
189
7
116
12
44
189
71
11
11
28
305
72
44
4
28
305
18
3
305
18
116
2
18
1
2
189
11
45
18
189
11
44
11
7
3
490
305
72
189
1
2
1
3
4
11
18
28
116
190
11
11
7
7
1
116
4
4
116
491
490
44
7
306
28
116
189
44
7
3
116
2
3
116
190
11
1
117
189
1
4
5
7
11
305
305
116
4
45
6
4
189
11
189
28
189
305
490
7
17
1
28
11
5
490
28
71
18
305
305
4
18
11
2
116
3
18
1
2
28
2
189
7
28
490
71
12
2
1
116
3
44
71
2
3
305
1
116
189
305
491
11
4
71
45
305
1
491
189
72
28
189
189
1
116
116
491
1
3
4
28
190
305
11
17
44
117
3
1
116
11
5
2
305
28
18
17
7
18
189
189
3
3
490
7
11
2
305
11
44
305
45
1
2
3
3
189
116
305
1
1
305
18
7
18
6
2
4
17
18
11
189
18
3
71
18
17
305
72
17
1
72
4
1
116
2
116
4
28
71
3
1
7
4
2
3
71
71
28
306
18
305
11
491
44
117
71
2
2
3
189
1
7
2
6
190
28
1
7
489
4
2
28
189
3
1
189
3
44
490
305
305
7
1
491
305
305
11
491
71
3
45
44
44
1
3
2
3
1
189
5
1
28
1
44
11
491
44
3
11
2
490
44
17
7
2
71
11
490
1
1
1
1
45
17
117
44
18
44
189
491
1
490
18
71
7
11
4
3
11
28
3
44
71
490
1
4
1
2
491
3
7
1
305
2
1
1
1
71
28
305
2
1
305
71
7
1
72
17
1
18
116
305
2
18
28
7
18
189
2
7
11
18
7
17
28
1
5
305
3
117
17
5
3
1
3
1
117
28
1
1
7
491
18
17
11
28
1
491
28
71
18
1
2
18
305
17
305
3
2
1
1
45
11
4
4
3
305
4
11
3
3
7
7
17
11
72
1
17
189
3
116
189
3
3
305
5
44
11
44
3
3
17
1
2
71
11
7
11
2
7
2
1
1
1
490
28
7
490
7
7
1
2
4
3
4
2
2
2
490
305
189
11
11
305
3
71
116
190
17
45
11
28
116
71
3
11
5
7
490
490
7
3
2
44
3
2
4
2
116
4
28
72
3
489
28
28
2
7
17
3
71
11
3
491
1
4
3
4
490
306
2
1
7
28
116
3
1
17
7
12
1
305
2
11
71
1
1
306
490
1
490
490
44
3
71
490
2
1
11
305
5
2
1
5
1
305
305
305
5
4
3
305
5
189
4
4
4
71
116
189
1
190
1
189
28
189
3
117
7
11
17
116
18
189
306
189
4
3
5
116
7
44
7
11
305
5
44
189
1
117
44
189
28
3
490
116
305
490
11
490
4
4
7
7
2
4
3
7
11
490
3
44
305
7
116
72
11
1
11
44
189
28
3
71
491
28
1
2
4
2
4
4
1
5
2
18
1
1
3
5
490
489
18
1
11
1
189
28
12
17
4
190
305
7
71
490
305
7
2
11
3
2
44
7
306
116
2
11
116
3
4
18
44
11
4
28
2
3
11
490
71
1
116
3
1
44
490
71
490
3
1
4
11
1
491
116
1
3
71
3
305
490
44
71
18
490
1
18
1
1
189
3
18
3
189
28
306
18
71
1
7
189
11
5
189
18
71
11
5
305
116
4
28
116
5
28
28
1
306
2
189
306
4
3
11
3
116
4
5
7
189
28
72
28
2
17
305
2
189
4
7
