1562
1558
1548
1551
1547
1565
1554
1551
1551
1552
1559
1550
1553
1551
1550
1553
1556
1563
1552
1555
1554
1548
1548
1552
1560
1560
1547
1550
1553
1556
1557
1553
1552
1547
1553
1557
1553
1547
1551
1549
1556
1568
1559
1552
1548
1554
1551
1549
1562
1558
1552
1548
1561
1556
1550
1557
1565
1553
1559
1553
1562
1549
1551
1562
1559
1552
1567
1556
1557
1564
1552
1557
1559
1548
1552
1561
1557
1556
1553
1552
1553
1552
1551
1559
1567
1555
1550
1554
1555
1560
1551
1562
1551
1545
1558
1554
1553
1555
1557
1563
1555
1558
1556
1555
1557
1554
1557
1547
1553
1550
1559
1557
1552
1555
1555
1562
1558
1555
1558
1559
1546
1552
1552
1554
1553
1555
1561
1560
1549
1548
1554
1565
1549
1544
1568
1562
1550
1556
1564
1550
1554
1546
1563
1561
1559
1557
1547
1548
1553
1565
1566
1554
1554
1559
1548
1563
1559
1553
1557
1554
1555
1553
1548
1561
1551
1565
1557
1561
1552
1550
1555
1558
1563
1553
1554
1552
1556
1559
1552
1561
1558
1562
1562
1563
1551
1559
1554
1552
1552
1570
1556
1551
1558
1557
1556
1570
1552
1550
1555
1554
1561
1554
1555
1552
1556
1554
1546
1554
1551
1549
1559
1555
1552
1547
1554
1561
1555
1554
1559
1563
1551
1544
1566
1560
1557
1554
1551
1549
1554
1552
1563
1566
1556
1554
1561
1555
1561
1545
1565
1557
1560
1550
1567
1557
1550
1560
1559
1559
1564
1551
1548
1566
1558
1544
1547
1561
1565
1551
1552
1557
1563
1553
1560
1559
1558
1553
1553
1561
1548
1558
1561
1550
1559
1555
1555
1565
1550
1555
1566
1553
1553
1556
1566
1554
1549
1562
1560
1554
1548
1556
1569
1557
1549
1561
1561
1552
1561
1552
1557
1552
1558
1550
1543
1562
1559
1563
1549
1570
1559
1555
1560
1551
1559
1555
1554
1547
1551
1558
1562
1553
1564
1565
1550
1556
1552
1562
1557
1562
1547
1553
1563
1557
1551
1557
1555
1548
1559
1549
1558
1540
1560
1547
1552
1553
1570
1559
1549
1561
1546
1558
1565
1554
1548
1545
1560
1550
1562
1550
1559
1557
1549
1549
1562
1558
1556
1560
1547
1551
1558
1549
1557
1569
1551
1557
1563
1559
1562
1553
1556
1557
1557
1567
1553
1566
1563
1553
1562
1555
1553
1559
1549
1561
1569
1563
1560
1558
1558
1549
1561
1553
1555
1551
1560
1559
1548
1557
1552
1550
1552
1554
1549
1548
1563
1556
1554
1549
1559
1558
1557
1559
1548
1561
1564
1555
1550
1545
1547
1556
1559
1556
1555
1562
1559
1550
1567
1548
1557
1564
1559
1559
1550
1554
1553
1565
1555
1553
1551
1555
1556
1556
1554
1557
1552
1561
1561
1563
1547
1551
1550
1565
1552
1560
1553
1554
1550
1565
1554
1555
1552
1555
1562
1552
1554
1556
1557
1556
1559
1555
1560
1545
1553
1560
1553
1555
1553
1560
1565
1567
1562
1548
1553
1541
1553
1553
1557
1549
1561
1553
1549
1552
1559
1563
1561
1554
1553
1552
1560
1549
1559
1557
1567
1557
1549
1553
1554
1561
1550
1557
1546
1550
1555
1563
1553
1556
1550
1564
1556
1550
1548
1559
1552
1554
1556
1560
1559
1552
1550
1558
1548
1555
1563
1557
1556
1558
1551
1555
1558
1551
1560
1563
1559
1552
1556
1566
1566
1556
1555
1558
1553
1556
1550
1558
1561
1554
1553
1547
1553
1553
1552
1548
1559
1564
1552
1554
1555
1547
1563
1550
1555
1548
1554
1559
1546
1560
1558
1565
1546
1558
1561
1555
1563
1562
1550
1553
1553
1557
1555
1548
1549
1551
1559
1564
1555
1558
1566
1542
1547
1556
1554
1554
1556
1561
1558
1550
1551
1552
1557
1545
1554
1551
1551
1556
1562
1567
1555
1562
1556
1563
1558
1554
1552
1546
1567
1562
1550
1560
1560
1572
1563
1563
1546
1554
1555
1559
1562
1557
1554
1557
1556
1553
1560
1563
1564
1561
1551
1558
1567
1566
1550
1546
1562
1561
1557
1568
1555
1553
1553
1561
1550
1565
1562
1563
1558
1558
1560
1558
1555
1559
1550
1551
1554
1553
1566
1557
1553
1555
1548
1561
1550
1550
1562
1548
1560
1556
1556
1566
1568
1550
1554
1558
1545
1563
1555
1545
1558
1562
1570
1540
1552
1557
1568
1551
1558
1549
1563
1556
1556
1553
1558
1556
1555
1559
1562
1556
1561
1547
1556
1563
1562
1564
1557
1561
1550
1558
1555
1549
1570
1556
1548
1553
1562
1552
1547
1564
1548
1556
1558
1547
1567
1569
1556
1555
1549
1558
1553
1558
1552
1555
1559
1548
1560
1550
1559
1571
1566
1549
1574
1553
1556
1563
1551
1547
1557
1555
1543
1559
1551
1553
1554
1561
1564
1556
1564
1552
1554
1560
1561
1557
1558
1553
1561
1548
1551
1553
1553
1557
1557
1566
1555
1557
1555
1558
1559
1551
1554
1549
1563
1559
1554
1552
1555
1559
1551
1550
1555
1555
1558
1549
1551
1552
1555
1553
1552
1561
1557
1559
1555
1554
1550
1568
1563
1550
1552
1557
1547
1550
1551
1553
1557
1546
1555
1559
1567
1554
1553
1560
1558
1557
1553
1550
1565
1565
1548
1563
1553
1549
1566
1555
1552
1561
1556
1551
1552
1544
1560
1558
1549
1547
1562
1563
1550
1558
1561
1556
1558
1552
1551
1569
1541
1555
1553
1555
1555
1553
1552
1556
1550
1563
1565
1564
1565
1561
1558
1550
1558
1541
1566
1555
1570
1556
1567
1563
1554
1552
1557
1559
1566
1561
1556
1547
1567
1550
1552
1549
1555
1564
1561
1559
1558
1562
1567
1554
1551
1558
1562
1560
1554
1548
1558
1551
1561
1555
1551
1549
1551
1563
1552
1559
1554
1567
1553
1558
1547
1565
1555
1560
1555
1546
1550
1562
1563
1551
1571
1558
1550
1553
1557
1558
1558
1546
1553
1558
1560
1545
1557
1563
1552
1555
1547
1552
1556
1552
1556
1558
1554
1553
1564
1550
1555
1555
1560
1549
1556
1553
1560
1557
1561
1558
1555
1547
1555
1549
1557
1552
1557
1550
1564
1552
1561
1556
