10469
10488
10480
10460
10483
10477
10487
10441
10479
10482
10493
10455
10488
10473
10476
10412
10478
10499
10441
10459
10471
10461
10472
10482
10485
10505
10436
10448
10455
10472
10453
10490
10468
10521
10468
10458
10486
10500
10484
10498
10457
10448
10437
10447
10488
10489
10492
10476
10471
10462
10477
10500
10502
10495
10491
10481
10465
10417
10475
10453
10493
10468
10485
10451
10477
10461
10467
10469
10465
10482
10480
10444
10466
10495
10496
10488
10480
10461
10507
10456
10506
10459
10491
10414
10463
10503
10434
10435
10467
10449
10462
10477
10480
10486
10444
10500
10491
10475
10493
10467
10456
10456
10475
10476
10437
10495
10478
10511
10484
10485
10472
10476
10430
10452
10483
10470
10475
10464
10465
10500
10481
10452
10435
10449
10465
10485
10470
10494
10437
10469
10486
10479
10502
10478
10495
10514
10489
10500
10484
10462
10473
10472
10456
10461
10490
10447
10496
10487
10461
10470
10492
10434
10439
10477
10477
10455
10491
10456
10486
10449
10474
10440
10489
10469
10513
10458
10477
10467
10460
10475
10465
10491
10463
10479
10503
10460
10496
10462
10464
10437
10453
10496
10439
10495
10460
10477
10490
10485
10455
10431
10501
10497
10463
10503
10514
10411
10496
10464
10469
10428
10447
10459
10479
10464
10500
10461
10503
10488
10460
10495
10488
10474
10440
10463
10455
10444
10484
10479
10492
10451
10503
10499
10445
10470
10464
10520
10480
10468
10476
10468
10467
10470
10449
10457
10464
10489
10471
10505
10503
10515
10480
10458
10506
10501
10460
10450
10469
10472
10458
10454
10452
10461
10470
10491
10495
10449
10477
10466
10469
10472
10407
10488
10479
10481
10464
10459
10484
10514
10456
10491
10503
10462
10480
10453
10460
10429
10468
10482
10457
10488
10470
10474
10449
10497
10488
10477
10475
10489
10496
10480
10450
10449
10467
10487
10484
10459
10479
10456
10502
10475
10472
10503
10499
10485
10473
10486
10472
10424
10459
10473
10453
10495
10478
10453
10442
10502
10454
10463
10474
10450
10466
10465
10480
10437
10453
10455
10464
10456
10446
10441
10452
10496
10479
10446
10470
10486
10467
10496
10499
10457
10471
10478
10473
10496
10484
10471
10495
10482
10515
10467
10463
10508
10472
10436
10485
10440
10450
10463
10473
10485
10486
10473
10448
10482
10459
10470
10459
10472
10481
10484
10492
10483
10476
10493
10484
10483
10484
10477
10425
10485
10456
10484
10443
10424
10485
10447
10460
10475
10458
10478
10489
10492
10471
10479
10483
10502
10432
10486
10455
10475
10513
10459
10495
10481
10476
10477
10479
10448
10461
10503
10477
10477
10473
10463
10468
10485
10474
10476
10507
10466
10442
10485
10497
10462
10459
10458
10484
10439
10464
10490
10447
10462
10455
10504
10476
10484
10464
10459
10494
10452
10498
10504
10478
10475
10518
10447
10499
10425
10477
10450
10480
10474
10457
10482
10488
10475
10477
10487
10464
10470
10457
10423
10501
10445
10494
10455
10488
10480
10482
10492
10459
10422
10440
10468
10470
10489
10490
10460
10471
10505
10475
10486
10460
10489
10449
10490
10481
10466
10491
10451
10472
10462
10481
10442
10444
10464
10454
10492
10457
10513
10492
10459
10476
10466
10471
10481
10485
10479
10514
10474
10489
10487
10471
10485
10460
10484
10478
10477
10494
10471
10514
10463
10452
10471
10491
10491
10467
10484
10456
10470
10481
10488
10459
10476
10464
10446
10467
10478
10467
10460
10462
10459
10502
10456
10470
10471
10524
10459
10495
10459
10487
10461
10466
10459
10485
10460
10469
10458
10446
10466
10459
10493
10459
10487
10447
10473
10466
10481
10484
10456
10482
10479
10473
10484
10468
10475
10463
10521
10442
10435
10450
10489
10457
10479
10447
10479
10505
10435
10476
10485
10476
10461
10440
10488
10490
10471
10477
10482
10474
10489
10494
10446
10510
10511
10489
10461
10497
10462
10470
10470
10490
10487
10457
10453
10453
10475
10455
10492
10479
10464
10499
10494
10460
10430
10497
10462
10491
10440
10452
10519
10485
10477
10480
10488
10457
10462
10485
10448
10475
10477
10491
10483
10469
10496
10460
10450
10486
10495
10456
10475
10439
10496
10509
10467
10494
10474
10479
10474
10471
10471
10468
10453
10467
10488
10432
10484
10485
10499
10493
10497
10461
10437
10498
10492
10467
10462
10470
10460
10419
10448
10479
10474
10494
10480
10463
10459
10504
10453
10472
10467
10415
10490
10437
10476
10507
10423
10479
10492
10478
10493
10503
10487
10421
10473
10461
10496
10471
10464
10466
10480
10478
10502
10446
10450
10457
10477
10470
10459
10482
10496
10475
10458
10464
10462
10461
10515
10489
10476
10469
10457
10493
10490
10470
10497
10452
10452
10477
10474
10467
10464
10490
10476
10488
10447
10488
10454
10467
10454
10470
10459
10435
10507
10483
10485
10460
10444
10432
10469
10504
10472
10499
10483
10450
10453
10487
10464
10445
10462
10461
10478
10463
10447
10465
10463
10469
10461
10453
10485
10510
10481
10492
10513
10462
10490
10447
10446
10473
10483
10447
10488
10488
10499
10478
10500
10482
10505
10434
10492
10453
10474
10481
10470
10482
10471
10488
10463
10475
10468
10471
10470
10461
10483
10482
10452
10442
10493
10489
10462
10477
10464
10497
10444
10404
10449
10483
10459
10466
10507
10488
10468
10463
10475
10453
10452
10463
10454
10478
10484
10517
10509
10494
10505
10466
10494
10419
10472
10491
10477
10472
10459
10462
10438
10506
10488
10443
10489
10471
10458
10459
10514
10489
10463
10460
10505
10456
10455
10462
10469
10464
10459
10463
10481
10479
10455
10510
10475
10462
10476
10495
10477
10472
10488
10491
10497
10499
10474
10494
10482
10481
10463
10469
10475
10484
10472
10460
10483
10472
10449
10464
10504
10457
10489
10476
10423
10478
10483
10465
10449
10481
10466
10455
10481
10464
10470
10483
10472
10472
10465
10454
10480
10473
10466
10468
10462
10504
10475
10429
10491
10472
10503
10470
10495
10468
10461
10462
10482
10453
10437
10484
10502
10458
10467
10479
10475
10489
10479
10460
10445
10445
10506
10489
10474
10492
10488
10483
10502
10470
10476
10493
10455
10467
10491
10444
10463
10498
10476
10492
10486
10462
10463
10468
10494
10490
10430
10462
10466
10482
10434
10464
10508
10452
10480
10469
10477
10491
10466
10472
10460
10477
10473
10461
10461
10506
10468
10458
10483
10480
10456
10476
10477
