139172
139331
138704
139500
139401
139046
139302
139137
139225
139368
139209
139058
139284
139426
139054
139237
139337
139447
139300
139287
139369
139545
139339
139164
139151
139179
139160
139020
139082
139041
139045
139087
139084
139075
139119
139160
139499
139301
139139
138940
139210
139561
139118
139278
139180
139273
139381
139104
139422
139207
139021
139103
139253
139230
139311
139371
139020
139478
139348
139340
139004
139440
139241
139375
139044
139054
139365
138961
139085
139375
139134
139029
138847
139323
139326
139208
139696
139193
139458
139217
139284
138920
139266
138943
139231
139346
139099
138967
139280
139152
139093
139020
139503
139499
139244
139298
139331
139629
139243
139385
139270
139238
139242
139301
139036
139093
138859
139449
139161
139455
139323
139181
139058
139246
138768
139077
139411
139301
139093
139136
139200
139215
139159
139101
139395
139142
139738
138930
139422
139204
139405
139209
139092
139152
139336
139174
139323
139370
139225
139247
139153
139224
139196
138922
139188
139443
139750
139312
138943
139269
139406
139240
139160
139230
139166
139436
139352
139157
139244
139396
139387
139207
139391
139433
139373
139274
139268
139207
139365
139076
139384
139156
139335
139094
139086
139219
139159
139319
139204
139535
139002
139592
139013
139543
139391
139062
139250
139420
139263
139086
138982
139482
139152
139274
138761
139171
139064
139279
139179
139121
139183
138950
139234
138999
138894
139490
139537
139269
138861
139405
139470
139317
138975
139214
139278
139104
139153
139051
139396
139204
139588
139178
139494
139373
139188
139211
139209
139268
138947
139368
139136
139237
139106
139113
139172
139253
139283
139291
139488
139505
139267
139200
139037
139550
139297
139164
139174
139495
139360
139146
139234
138957
139241
139250
139625
139191
139292
139274
139367
139303
138894
139198
139407
138945
139461
139327
139263
139504
138969
139012
139045
139175
139006
139255
139315
139229
139106
139338
139073
139377
139269
139300
139226
139513
139224
139409
139380
139321
139444
139093
139210
138983
139120
139393
139366
139188
139161
139340
139071
138908
139224
139588
139559
139329
139292
139312
139039
139025
139198
139277
138950
139232
139113
139324
139209
139348
139068
138973
139045
138818
139457
139168
138762
139217
139503
139125
139504
139010
139382
139391
139423
139265
139235
139184
139037
139535
139144
139144
139316
139460
139290
139195
139252
139076
139404
139139
139331
139253
139420
138906
139242
139265
139432
139695
139169
139364
139136
139090
139360
139151
139263
139278
139397
139153
139190
139147
139107
139316
139049
139292
139348
139439
139387
139278
139135
139288
139158
139184
139222
139356
139383
139078
139503
138977
139291
139357
139476
139238
138962
139173
139143
139321
139212
139227
139233
139266
138965
139097
138958
138995
139455
139518
139155
139392
139437
139349
139223
139260
139397
139314
139337
139144
139170
139197
139385
139294
139459
139250
139381
139214
139142
138861
139441
139390
139295
139360
139142
139206
139087
139158
139294
139124
139362
139293
139404
139470
139349
139170
139230
139273
139348
139133
139436
139495
139389
139118
139036
139025
139401
139111
138963
139279
139076
139520
139240
139140
139225
139732
139404
139280
139049
139030
139498
139212
139208
139295
139267
139176
139335
139007
139252
139095
139168
139279
138989
139367
139316
139247
139013
139101
139184
139619
139159
139280
139382
139361
139659
139339
139458
139285
139089
138998
139247
139242
139353
139265
139364
139486
138823
139644
139326
139315
138939
139386
139382
139271
139206
139208
139138
139204
139327
139300
139517
139197
139137
139385
139190
139173
139324
138939
139360
139056
139276
139101
138983
139517
139303
139185
138968
139572
139318
139328
138817
139280
139248
139226
139178
139164
138933
139166
139269
139125
139672
139085
139284
139235
139433
139244
139188
139524
139248
139500
139325
138907
138959
139416
139453
139303
139149
139329
139471
139219
139184
139400
139083
139393
139061
139183
139195
138999
139602
138999
139296
139370
139039
139424
139143
139070
138786
139255
139195
139085
139244
139091
139199
139269
139447
139000
139281
139514
139441
139307
139396
139195
139482
139350
139133
139005
139221
139331
139172
139018
139269
139339
139234
139240
139424
139231
139096
139031
139237
138904
138956
139035
139219
139474
139023
139321
139329
139082
139188
139403
139248
139234
139318
139305
139195
139173
139301
139183
139036
139373
139368
139297
138960
139253
139394
139450
139259
139154
139455
138938
139460
139514
139233
139383
139176
139415
139029
139479
139271
139384
139195
139311
139347
139133
139173
139270
139506
139426
139380
139344
139264
139460
139138
139419
139202
139134
139240
139105
139304
139374
139198
139145
138970
138962
139003
139193
139045
139533
139227
139230
139359
139069
139256
139149
139378
139465
139174
139352
138913
139224
139114
139172
139063
138691
139382
139218
139098
139366
139339
139220
139111
139364
139169
139358
139118
139411
139208
139327
139162
139283
139065
138980
139124
139171
139369
139236
139007
139112
139210
139415
139277
139110
139197
139612
139086
139137
139228
139202
139347
139567
139169
139353
139323
139435
139068
139118
139422
139197
139463
139395
139576
139155
139443
139160
139382
139074
139545
139216
139232
139065
139098
139250
139051
139185
139513
139539
139430
139024
139375
139173
139343
139219
139471
139224
139016
139384
139288
139285
139053
139408
138969
139057
139364
139138
139039
139137
139252
139229
139529
139144
139428
139171
139054
139473
139036
138890
139024
139149
139056
139153
139477
139483
139186
139407
139266
139143
139207
139404
139130
138904
139048
139142
139178
139376
139095
139083
139221
139319
139514
139355
139073
139286
139156
139156
139091
139624
139177
139372
138961
139270
139170
139243
139280
138890
139327
139101
139487
139535
139153
139256
139133
139048
139417
139253
139309
139238
139240
139119
139124
139245
139097
139207
139123
139306
139074
139355
139206
139532
139453
139066
139458
139017
139024
139161
139147
139189
139150
139398
139086
139011
139381
139315
139344
138877
139033
139299
139256
139312
139094
139136
139326
139135
139405
139150
139186
139365
139592
139450
139381
139553
139543
139205
139523
139366
139493
139312
139237
139374
139301
139256
139017
139025
139131
139200
139387
139049
139021
139013
139078
139118
139222
139345
139343
139538
139171
138933
139447
139456
138880
139082
139143
139224
139184
139318
139294
139312
139311
139356
139079
139419
139250
139364
139052
139111
139185
139282
139283
139103
139110
139708
139412
138993
138901
139202
139277
139175
139334
139348
139138
139630
139178
139143
139329
139240
139245
139067
139388
139082
139349
139109
139229
139425
139282
139311
139085
139137
139168
139047
139168
139373
139014
139268
139458
139384
139304
139293
139563
139372
138952
139334
139328
138976
139211
139283
139480
139224
139022
139155
139063
139231
139143
138948
139227
139258
139736
139210
139091
139101
139299
139411
139759
139175
139221
139197
139380
139225
139138
139014
