3032
2884
3220
2955
2947
3141
3217
3168
3323
2949
3054
2961
3099
3398
2943
2991
2512
3095
3298
2635
3156
3239
3253
3236
2793
2783
2760
3197
3243
2891
3198
3007
2845
2775
2932
2959
3178
2739
2965
2766
2960
3068
2759
3096
2865
3273
2675
3284
3018
3121
2813
2895
3133
3028
2732
3043
3183
2999
2744
2837
2884
3498
2950
3048
3016
2823
3132
3353
3321
3360
3031
2975
2715
3166
3205
2970
3056
3165
3059
2848
3157
3254
2706
3079
2869
3267
3279
3025
3014
3034
2929
3058
2985
2912
3415
2938
3080
2911
2987
3096
3059
3296
2885
3077
3042
3074
2899
3199
3013
3021
3138
3040
3156
3124
2725
3040
3564
2980
3167
2918
2871
2835
2645
3241
3273
3061
3216
3042
3129
2856
2924
2962
3015
2771
3153
2847
3004
2954
3236
3442
3055
2906
2724
2966
3025
2973
3039
3327
3198
3206
2784
3077
3356
3473
2978
3366
3038
3251
3116
2898
2935
2961
3284
3127
3102
2908
3390
3001
3073
2902
3088
3111
2979
2479
3162
2861
2565
3201
2996
2842
2831
3145
2996
2994
3252
2882
3167
2996
3018
3076
2831
3146
3132
2945
3006
3471
2581
3395
2747
3002
2965
3150
3128
2874
3182
3046
2745
3388
3013
2914
3138
3420
2814
3134
2882
3385
2905
2955
2706
3202
2734
3038
3159
3455
2983
2925
2906
3143
3284
2994
3063
3208
2981
2793
2931
3190
3381
3244
3127
3082
3135
2687
2872
2611
2860
3135
2855
3285
3007
3250
2883
3045
2741
3217
3256
2775
3149
2992
3232
3058
3092
2663
3483
2652
2595
2916
2928
2959
3087
3152
3062
3376
2961
3097
3442
3266
3240
3212
2924
3146
2865
2864
2998
3009
3432
2976
3389
2983
3242
2812
2965
3330
2876
2646
2580
2854
2910
3146
3076
3270
2977
2667
2897
3439
2905
2902
2957
3296
3065
2928
3231
2637
3259
3153
3360
3194
3103
2927
3030
3131
3133
2831
2697
3074
2889
3260
2979
3112
2820
3023
3167
3025
2639
3287
3394
2973
2759
3047
3097
2636
2798
3312
3148
3233
2979
3003
2749
3122
3350
3247
2879
2934
2835
3154
3075
3211
2870
2943
3597
2609
2993
3246
2989
2771
2897
3033
3254
3066
2889
3358
3029
2696
3119
3334
3072
2807
2894
3367
2964
2851
3123
2642
3177
2847
3131
3202
2886
2459
2634
3258
2772
3086
3068
3032
2942
3234
2999
2929
2702
3242
2842
3230
3089
2724
3171
2939
3235
2941
3245
3102
2898
3739
2948
3304
3219
2984
3175
2626
2776
3040
3037
3260
3167
3120
2941
2674
3009
3389
3023
3128
2729
2891
3479
3263
3422
2699
2995
3237
3029
3261
3282
2977
3360
3031
2892
2972
2923
3294
3288
2875
3174
3302
3059
2819
2932
3291
2641
2845
2959
3159
3149
3189
2925
3037
3040
3180
3050
3015
2880
2591
2905
3000
2872
3016
3009
3072
2814
3628
2856
3077
2979
3081
2506
3025
3007
3391
3554
2839
2873
2974
3149
2970
3247
2831
3240
2619
2717
3060
2855
2941
3198
2983
3058
3099
2805
3014
3043
2687
3299
2453
3196
2841
2975
3090
2887
2914
2572
3284
2550
2968
2729
3142
2902
2648
2948
3470
2901
3187
3237
2916
3208
3288
3020
3098
2808
2916
2917
2666
3015
3331
2664
3039
3265
2956
3176
3040
2759
2803
2894
2966
3323
3597
2771
3293
2772
2998
2973
2761
3276
3079
3108
3413
2727
2979
3044
3179
3066
2772
3135
2973
2776
3350
2737
3253
3017
2967
2858
3086
3127
2879
2788
2850
3222
2849
3045
2958
3414
2690
2912
3143
2948
2937
3033
3078
3430
2782
2936
2907
2618
2964
2906
2825
3099
3179
3067
2964
3035
3054
2921
2712
2833
3241
3159
2733
2803
3063
3095
3040
3257
2992
3010
2950
3059
3156
3106
3338
2871
2952
2892
3031
3041
2930
2715
2939
3261
3352
2869
3119
3014
3205
3289
2688
2892
2733
2985
3058
3170
3252
2745
2720
3137
3050
3060
3030
3092
3135
2802
2577
3111
2752
3159
3292
3441
2956
2899
3072
2924
3419
3130
3224
3185
2635
2946
3208
3202
2401
2699
2870
3120
3009
2955
3167
3079
2727
2843
3009
2991
3401
2949
2907
3444
2996
3152
2920
3271
2936
3068
2943
2641
2845
3370
2892
2958
2872
3465
3281
3215
2916
3179
2918
2872
3106
3014
3339
3176
3254
3067
3321
2611
3172
2911
3002
2756
3004
3536
3294
3029
3318
3060
3136
3264
2849
3105
2860
2946
2903
2948
3027
2965
3315
3162
2852
2820
2972
3022
2706
2842
2956
2760
3149
3020
3090
3092
2962
3477
2835
2683
2909
3086
3200
2845
2643
3285
2825
2712
3018
3264
3197
3255
3346
2738
3274
3069
2802
2928
3135
3233
2952
2608
3073
2816
3155
2921
2861
2642
2953
3077
3079
2691
3320
2866
2908
3062
3059
3120
2944
2870
2820
2733
2774
3060
3029
2971
2878
3354
2916
3127
3185
3052
2978
3311
3007
2899
2784
2766
2836
3047
3077
2738
3021
3200
2773
3060
3414
2820
2664
3132
2556
3182
2740
2712
3358
3136
2756
2856
3143
3188
2987
3641
3001
2939
3238
2881
2978
2804
3059
3267
3238
3058
3081
3146
3296
2931
3082
2690
3223
3020
3235
2962
3002
3088
3210
3147
3019
3148
2669
2682
2954
2849
2533
3179
2737
2983
2941
2814
3031
3096
2912
3043
3309
2825
2627
3130
3090
2998
2923
2883
3243
2665
2763
3256
2983
2973
3131
3423
3043
3035
3205
3094
2903
3137
3183
3290
2821
3093
2964
2705
3082
2796
3014
2856
3095
3037
3195
2903
2816
3175
2544
2976
3015
3012
3205
3087
3105
3045
2966
3381
2688
3103
2722
3067
2803
3123
2963
2896
3007
2998
3045
2927
3147
2754
3071
3164
2949
3187
3060
3031
3155
3028
3219
2815
2555
3499
2748
3006
2872
3073
2702
3221
2930
2859
2786
3126
3067
3084
3463
2940
2991
2532
2643
2565
3011
3111
2857
2803
3167
3012
2947
3185
2453
3215
2803
3111
2858
2913
2714
3152
3132
2701
3329
3163
3077
3082
2890
3160
3389
3158
3070
2893
2731
