2876929
2876481
2876844
2876742
2876530
2876975
2876046
2876327
2876841
2875626
2876459
2876029
2876295
2876825
2876047
2876379
2876796
2875638
2876250
2877214
2876730
2876478
2876225
2877153
2876609
2876848
2876685
2876744
2875293
2876968
2876129
2876493
2876487
2876873
2875527
2876269
2876550
2875680
2876791
2876521
2876346
2876401
2876189
2876456
2876468
2876209
2877352
2877061
2877524
2876739
2875115
2877075
2876439
2876316
2876479
2876931
2875741
2877025
2877615
2876133
2876706
2876926
2876346
2875895
2875957
2875721
2877195
2875762
2877422
2876041
2876395
2877380
2876212
2877056
2877917
2875960
2876977
2877437
2876647
2876423
2876111
2876605
2877833
2875589
2876063
2877100
2876728
2876621
2876411
2876888
2876502
2877597
2876418
2876541
2876851
2876437
2875892
2876330
2877209
2876040
2876949
2876239
2876005
2875891
2876923
2876114
2875860
2875758
2875856
2876331
2876230
2876511
2876824
2877315
2875865
2876764
2875847
2876515
2876561
2876663
2877104
2875869
2876267
2876980
2875961
2876772
2876676
2876331
2877217
2876863
2876998
2876766
2876621
2876255
2876112
2876247
2876128
2876184
2876729
2875887
2876287
2875776
2876727
2877056
2876614
2876297
2876521
2876844
2877044
2877619
2876356
2876946
2877561
2875923
2876584
2876583
2877072
2876468
2877174
2875825
2876475
2877129
2876830
2876656
2875816
2876618
2876586
2876398
2876087
2876311
2876084
2876635
2877461
2875844
2877195
2876968
2877343
2876610
2876739
2876359
2876610
2877417
2876566
2877439
2876478
2877383
2876308
2876576
2876604
2875970
2876463
2876319
2875806
2876413
2875971
2877008
2876942
2877080
2877282
2876698
2876469
2876829
2876807
2877379
2876392
2877069
2877321
2876523
2877037
2876682
2876164
2876872
2877034
2876475
2876900
2876890
2875769
2876792
2876456
2876833
2876717
2876716
2877123
2875959
2876721
2875911
2878125
2876352
2876062
2876766
2876901
2875855
2876493
2876677
2876505
2876317
2876504
2876315
2876055
2875863
2876481
2876491
2876792
2876918
2876197
2877174
2877194
2877669
2875790
2876802
2876383
2876344
2877689
2877352
2876905
2877322
2876455
2876144
2876062
2877025
2876442
2876313
2876380
2876871
2876498
2876386
2877499
2877347
2876568
2876044
2877417
2876135
2876733
2875909
2875936
2876936
2876768
2876288
2875707
2876183
2875768
2876930
2876611
2876598
2875119
2875532
2876995
2875910
2876856
2876484
2876306
2876431
2876721
2876438
2876757
2876316
2877093
2876166
2875771
2875884
2876348
2876812
2876101
2876267
2876217
2876734
2876632
2877226
2876078
2876802
2876596
2876348
2877260
2876320
2875885
2876377
2875862
2876692
2877037
2876274
2876088
2877132
2877626
2875925
2876528
2877094
2876096
2876287
2877317
2875422
2877196
2876073
2876086
2876193
2876846
2876872
2876653
2877303
2876001
2876281
2877349
2876983
2877070
2876311
2876214
2877311
2876685
2876706
2876094
2876952
2876420
2877149
2876578
2877005
2875446
2876347
2876772
2876685
2876253
2876183
2876971
2875613
2876252
2876362
2876777
2877033
2877859
2876858
2877217
2877349
2876650
2876875
2875967
2876364
2876535
2875922
2877144
2875784
2877325
2877196
2876052
2876304
2876780
2876707
2876483
2876468
2876783
2876709
2876674
2877195
2876741
2876871
2876442
2876910
2876627
2877130
2877413
2877068
2876631
2876080
2875945
2876564
2876307
2877127
2876061
2876487
2876150
2876767
2877653
2876796
2876691
2876031
2876692
2876861
2875687
2876727
2876736
2876219
2875871
2876911
2876440
2876492
2876655
2876424
2876678
2877382
2877525
2876867
2876515
2876401
2876526
2876980
2877435
2876449
2876544
2876521
2876456
2877231
2876741
2876167
2875607
2874911
2876728
2876237
2876482
2876577
2876682
2876240
2876344
2876686
2876929
2876637
2876735
2876934
2876439
2875998
2876780
2875630
2876567
2875914
2876597
2876058
2877041
2877320
2876445
2875245
2876430
2876400
2877313
2876669
2877056
2876255
2876705
2876436
2877283
2876047
2875626
2876605
2877027
2876797
2876968
2877325
2875955
2875937
2876748
2876936
2877023
2876146
2876191
2876968
2876498
2876639
2876762
2876317
2876595
2876391
2876850
2876022
2876031
2876376
2876584
2876376
2876006
2876612
2875790
2876257
2876677
2877255
2876360
2876851
2876860
2877166
2877314
2876451
2876432
2876224
2876871
2876531
2876779
2877420
2876699
2876447
2875952
2876937
2876793
2876596
2876827
2876068
2876371
2876207
2876573
2877500
2876398
2876775
2877245
2877006
2876760
2875742
2877033
2875445
2875858
2876048
2876671
2876613
2876611
2875924
2877058
2876717
2876931
2876419
2876601
2876223
2877533
2876980
2877751
2876087
2876918
2876601
2876599
2877031
2875873
2875692
2876339
2876822
2877240
2876536
2877259
2877792
2876107
2876761
2876679
2875768
2876646
2877107
2875859
2876827
2876571
2876181
2877518
2876784
2877128
2876101
2876482
2876802
2876705
2876417
2876986
2875424
2876761
2876917
2876017
2876106
2876066
2877254
2875904
2876315
2876691
2876321
2875232
2876404
2877048
2876672
2876672
2876746
2877588
2876674
2876162
2876211
2876655
2876529
2876733
2876529
2877399
2876776
2876288
2877483
2876283
2877467
2876764
2875872
2877007
2876638
2876805
2876914
2877225
2876707
2875412
2876308
2876696
2876374
2876168
2875613
2876709
2876353
2876438
2876892
2876494
2877050
2875852
2876076
2877391
2876875
2876422
2876901
2876678
2876844
2875570
2877347
2876095
2877030
2876589
2876364
2876170
2875561
2876280
2876816
2877033
2877018
2876681
2877127
2876336
2877193
2876203
2877052
2876347
2877237
2877508
2876549
2877078
2876155
2876708
2876874
2876618
2877101
2876746
2876800
2876679
2877121
2876598
2876197
2876210
2876384
2876162
2876782
2875710
2875785
2876583
2877219
2875676
2876580
2877190
2876250
2876116
2876336
2875552
2876342
2876579
2876728
2875096
2876212
2876717
2875634
2876747
2876381
2875669
2877041
2876474
2876689
2876955
2876622
2875890
2876479
2876008
2876880
2875919
2876376
2876310
2875834
2876646
2876725
2876585
2877594
2876161
2877170
2876937
2876934
2876549
2876002
2876621
2876836
2876863
2877264
2876702
2875948
2876482
2876623
2876473
2876288
2875615
2876523
2875796
2876474
2876098
2875857
2876759
2875903
2876884
2876516
2877390
2876251
2876022
2876361
2877446
2875164
2877059
2877049
2875508
2875783
2876935
2876682
2876956
2876755
2877060
2875846
2875766
2876195
2876871
2875869
2876742
2876645
2877248
2876231
2876497
2876448
2877087
2876285
2876713
2875819
2875792
2877169
2876047
2876470
2876743
2876123
2876481
2877520
2876412
2876665
2877115
2876653
2876432
2876169
2875938
2876841
2876507
2877491
2877780
2876212
2876373
2877210
2876431
2877150
2875391
2876106
2876450
2876025
2876166
2876575
2876442
2876261
2877217
2876127
2876834
2877015
2877627
2876246
2876425
2875779
2876872
2876333
2876893
2876838
2876767
2876888
2876167
2877896
2876559
2876921
2876031
2876723
2875722
2875728
2876753
2876751
2875551
2876744
2876236
2877392
2876901
2876620
2876084
2876431
2876681
2876426
2877034
2877890
2876355
2876501
2876781
2876257
2875720
2875906
2876656
2876411
2876395
2875814
2876847
2876252
2877063
2876097
2876834
2875771
2876684
2876978
2876705
2875979
2876171
2876447
2875840
2876426
2877422
2876678
2876711
2876580
2875455
2876995
2876724
2876346
2877053
2876425
2877023
2876015
2876713
2875810
2876208
2876532
2876620
2876345
2875859
2877463
2876334
2876130
2876551
2876501
2876692
2877073
2876272
2877998
2876213
2876411
2876781
2876100
2877432
2876942
2876095
2875932
2876911
2876008
2875710
2876695
2876815
2876922
2877123
2876297
2876206
2876011
2876226
2876658
2876497
2876566
2876220
2876573
2876286
2877739
2876281
2876775
2875838
2877403
2875866
2877059
2876155
2876812
2876723
2876561
2876274
2877861
2875625
2875955
2876176
2876557
2876824
2876456
2875736
2876191
2875885
2876586
2876455
2876569
2876219
2875921
2876404
2876858
2876265
2876909
2876885
2877100
2876663
2876611
2876914
2876235
2876831
2877151
2876726
2876919
2877020
2876564
2876680
2876723
2876916
2876636
2877379
2876705
2876311
2876071
2876193
2875774
2877401
2876588
2877701
2876299
2876847
2876915
2876645
2877200
2876474
2876481
2876558
2876480
2876664
2877047
2877424
2875849
2876766
2876636
2877874
2876286
2875775
2876333
2876045
2876504
