1256695
1252774
1253802
1253075
1250941
1253995
1253400
1257670
1256119
1251469
1252433
1255243
1253355
1251529
1252707
1254659
1251675
1251600
1251600
1253358
1253523
1250906
1254950
1252968
1252164
1253385
1255988
1256064
1255369
1255073
1253439
1253104
1253013
1253479
1252999
1251473
1253315
1253167
1252344
1252817
1253125
1253108
1251659
1254546
1255250
1253158
1255114
1255932
1252381
1252328
1253360
1253557
1253537
1253103
1253316
1253645
1253677
1252559
1254064
1251224
1252304
1254883
1252676
1253607
1251467
1253376
1253227
1251634
1250703
1252549
1252890
1253825
1256075
1252819
1256167
1252404
1253904
1254440
1252250
1254748
1253750
1255011
1252549
1254347
1252797
1252143
1252953
1250725
1250880
1255326
1256042
1254322
1253109
1254731
1252738
1254766
1253243
1251956
1252815
1253227
1254203
1254405
1254667
1252199
1251590
1255041
1252927
1253683
1253264
1254185
1254963
1254471
1254817
1252089
1254117
1250937
1255290
1254955
1252679
1254381
1251364
1253025
1255369
1253218
1252338
1251825
1255819
1255866
1253127
1254882
1250677
1254742
1256523
1251400
1252981
1253019
1251241
1253564
1253182
1251587
1253942
1252966
1250763
1252121
1254320
1252946
1252332
1253088
1253083
1252557
1255731
1252707
1254471
1254778
1255679
1254217
1254334
1253014
1255600
1252520
1251251
1251976
1255038
1254583
1253819
1253833
1253953
1252118
1255275
1253837
1252158
1251825
1252129
1251788
1251426
1254084
1252745
1252890
1253949
1254154
1253103
1252537
1252639
1254171
1253949
1252377
1253346
1256599
1253313
1256271
1253671
1255101
1255054
1250745
1256101
1256004
1253892
1253001
1250574
1249663
1252310
1252217
1251978
1252553
1251897
1255050
1253646
1253703
1252593
1251033
1253352
1254032
1252813
1252605
1252640
1253656
1254009
1254111
1254685
1252611
1254412
1251408
1252073
1255272
1252592
1254366
1253192
1253624
1252327
1253990
1254554
1252744
1253917
1255663
1251468
1252710
1250165
1254974
1253229
1254010
1252168
1255422
1252879
1253375
1254014
1253420
1253980
1254334
1254161
1253657
1251869
1250355
1251483
1254492
1255382
1254045
1257287
1255032
1250480
1252215
1253845
1253674
1254966
1254534
1253951
1251372
1252992
1254664
1254983
1251235
1252173
1253264
1252230
1253453
1253955
1254154
1254526
1252711
1253349
1252844
1251692
1252966
1252016
1252486
1254657
1251506
1252509
1254066
1253418
1256112
1253680
1252120
1251570
1252714
1254509
1253265
1256328
1253987
1255267
1253427
1252654
1255976
1255821
1254382
1253682
1251900
1254446
1251679
1253762
1252821
1254994
1255355
1251607
1253752
1252532
1252469
1253202
1254769
1251083
1254335
1251622
1251816
1254425
1253428
1255461
1253300
1251956
1253286
1254060
1254737
1253556
1252051
1253105
1253758
1252424
1254655
1253454
1254329
1252300
1253626
1254850
1255511
1253167
1253998
1251371
1254106
1255386
1253056
1257228
1254156
1251965
1253149
1250239
1252401
1254994
1254745
1254126
1253110
1252347
1254344
1255252
1253343
1253096
1253538
1251542
1252649
1252229
1255216
1252615
1254365
1252691
1253153
1255598
1256478
1253707
1253067
1252257
1252677
1254692
1254809
1252480
1252472
1253604
1254010
1251924
1253029
1255267
1250745
1254236
1252340
1253482
1254896
1253702
1254649
1253305
1254495
1254303
1251811
1254345
1253855
1254199
1255866
1254141
1252522
1255866
1252969
1251471
1253008
1253680
1253336
1254491
1253901
1254743
1252275
1254195
1253296
1253101
1253066
1254165
1253554
1254421
1254280
1253469
1251291
1250806
1253709
1252784
1253741
1252118
1254180
1253155
1252962
1253788
1254074
1253547
1253596
1250924
1255013
1252999
1252712
1254668
1251811
1252715
1254790
1252323
1254101
1251519
1252661
1254379
1253145
1254824
1253245
1253246
1252183
1252745
1254395
1252386
1252497
1252717
1251964
1251623
1253898
1255850
1250753
1255998
1253245
1256358
1255111
1252233
1252664
1252832
1253937
1254237
1252396
1254018
1252398
1256009
1249989
1255016
1252833
1253682
1250722
1255860
1252830
1252551
1251393
1253538
1254153
1254718
1254669
1254628
1255712
1254981
1255275
1252221
1253171
1251463
1252685
1251200
1254955
1255184
1252342
1255941
1254452
1251419
1253705
1253659
1253332
1254172
1250996
1253243
1253201
1252938
1252395
1251758
1253187
1254815
1250979
1251930
1249966
1253460
1253493
1253595
1253479
1251351
1253304
1254224
1251245
1254776
1253456
1252905
1254829
1253320
1252642
1255977
1251948
1252373
1252744
1255558
1251724
1254038
1252632
1254110
1253866
1254200
1254363
1253880
1254811
1254290
1253457
1254681
1252805
1253547
1252312
1254389
1254101
1252926
1254459
1251549
1253730
1253928
1254339
1252405
1254332
1253923
1253043
1255332
1253594
1253737
1254520
1256551
1252318
1254188
1254358
1252582
1252608
1253942
1252559
1254969
1253775
1251693
1254937
1254794
1251693
1253263
1254294
1252297
1253187
1253934
1254342
1255064
1254794
1250187
1254276
1252181
1255461
1255216
1255953
1253265
1255850
1253368
1253977
1253132
1253443
1254502
1251702
1253122
1254502
1252707
1252338
1254389
1251103
1253653
1255187
1254395
1252763
1254316
1255889
1253201
1253120
1254196
1255223
1251176
1255143
1252108
1252427
1254042
1251783
1252754
1252784
1254035
1254142
1254582
1253659
1255134
1254016
1253744
1255311
1253857
1253523
1252340
1255416
1251821
1253692
1251820
1256048
1254220
1252521
1253777
1251785
1253674
1253531
1250155
1253234
1252272
1253277
1252764
1251794
1251293
1253077
1256258
1251714
1251875
1250980
1252861
1252487
1253027
1253875
1253561
1253677
1255067
1251531
1251370
1254864
1253247
1250272
1252325
1254557
1252209
1252167
1253796
1253966
1253975
1253885
1253147
1252714
1251848
1254902
1252667
1257139
1255034
1251260
1252629
1252987
1252058
1252904
1255550
1252303
1253210
1253985
1253567
1253401
1253016
1253404
1253679
1254276
1254381
1253232
1253609
1255263
1253551
1252595
1252992
1252721
1254897
1251417
1254421
1252177
1252750
1254059
1252076
1254519
1253390
1253290
1253362
1254535
1253654
1253051
1252062
1252624
1252686
1252716
1250999
1252708
1253492
1255380
1254945
1250797
1254121
1254042
1253564
1252313
1253066
1252798
1252774
1254068
1255452
1253810
1253432
1253407
1254490
1257348
1252653
1255335
1252202
1252539
1252058
1255858
1252222
1251291
1255113
1252474
1255172
1253905
1252391
1252771
1253543
1253192
1254927
1251427
1255209
1254866
1252935
1254470
1252806
1254529
1253352
1252026
1254072
1254385
1253031
1252894
1253238
1254459
1252848
1253970
1254523
1251746
1255985
1254381
1255441
1252740
1252437
1251024
1253643
1252305
1251329
1252840
1254327
1252288
1255221
1253937
1253584
1251791
1254194
1252014
1253022
1254642
1250649
1253804
1255096
1255273
1253313
1252980
1252705
1255288
1250577
1252105
1255816
1254346
1253155
1254286
1253307
1255379
1252622
1252684
1255076
1253974
1255960
1254483
1254258
1250058
1254883
1251964
1251774
1252015
1254459
1253119
1253833
1254963
1250846
1254824
1253366
1252155
1253145
1253688
1253011
1250709
1254004
1250725
1252414
1254030
1253511
1252387
1253164
1252971
1252451
1255420
1254603
1252316
1251900
1251584
1253331
1253977
1252903
1252274
1254288
1252785
1252674
1253635
1253163
1254714
1253490
1253216
1257289
1252291
1254550
1253377
1250597
1252009
1252081
1252780
1251816
1250785
1255851
1255835
1253685
1253875
1254645
1250992
1252453
1252841
1252394
1251723
1251592
1253854
1252014
1254174
1253496
1252046
1253989
1254079
1253383
1253100
1252308
1252897
1253241
1254429
1252578
1251878
1254983
1253944
1250604
1254745
1254344
1252444
1254550
1253732
1254916
1253969
1254593
1254372
1251924
1253308
1250571
1256019
1253592
1253424
1252906
1252367
1254990
1250592
1254246
1255123
1254560
1253020
1253990
1256327
1254802
1251710
1252067
1253225
1253169
1255832
1254766
1252508
1252477
1256417
1253990
1254471
1255821
1253012
1252315
1253519
1254753
1251544
1251812
1252990
1253664
1253197
1252161
1254617
1254152
1254360
1254319
1252421
1252509
1254711
1252311
1253473
1250977
1253434
1253496
1255759
1253342
1253780
1252002
1252026
1254274
1253165
1253968
1253270
1256802
1250920
1254973
1253636
1252030
1252758
1253259
1252809
1253515
1256195
1253810
1255269
1253956
1251124
1252812
1251654
1252707
1254472
