8200
8142
8190
8195
8182
8147
8166
8230
8180
8136
8155
8188
8149
8204
8103
8243
8226
8222
8191
8159
8154
8236
8099
8184
8212
8120
8224
8210
8209
8189
8168
8180
8154
8168
8216
8216
8150
8211
8177
8153
8104
8180
8234
8223
8149
8177
8180
8165
8072
8161
8190
8191
8208
8252
8185
8188
8136
8183
8187
8195
8163
8202
8123
8076
8196
8186
8195
8245
8205
8163
8192
8199
8169
8153
8165
8146
8174
8253
8211
8243
8130
8156
8170
8214
8194
8180
8214
8148
8164
8162
8166
8225
8231
8203
8203
8137
8163
8166
8211
8168
8129
8172
8159
8148
8175
8201
8173
8167
8167
8180
8225
8184
8224
8221
8213
8151
8193
8218
8136
8207
8226
8214
8169
8155
8132
8229
8173
8153
8113
8194
8195
8199
8189
8130
8171
8155
8223
8132
8193
8245
8165
8224
8219
8164
8136
8145
8189
8206
8232
8154
8181
8154
8197
8118
8233
8224
8218
8158
8234
8171
8193
8141
8214
8195
8212
8163
8189
8196
8173
8205
8217
8193
8165
8175
8190
8210
8121
8203
8193
8165
8260
8200
8212
8151
8152
8158
8209
8208
8178
8118
8201
8147
8211
8249
8210
8179
8225
8162
8234
8159
8170
8141
8226
8197
8169
8201
8175
8203
8149
8184
8240
8214
8119
8198
8220
8160
8206
8196
8225
8220
8136
8226
8173
8128
8198
8124
8150
8151
8153
8147
8210
8239
8203
8225
8210
8174
8208
8125
8213
8169
8184
8164
8248
8189
8165
8172
8195
8163
8127
8173
8236
8256
8228
8215
8173
8222
8203
8164
8236
8187
8204
8151
8218
8213
8180
8195
8159
8176
8181
8089
8187
8241
8156
8234
8178
8155
8136
8136
8189
8191
8152
8130
8217
8156
8192
8203
8227
8185
8182
8186
8168
8247
8202
8243
8151
8206
8132
8128
8177
8178
8113
8111
8160
8219
8196
8171
8146
8098
8171
8215
8194
8182
8149
8156
8167
8192
8214
8221
8182
8143
8151
8202
8199
8203
8186
8169
8208
8170
8130
8219
8174
8186
8191
8161
8121
8203
8108
8171
8169
8191
8208
8198
8170
8164
8204
8187
8152
8185
8234
8144
8211
8119
8149
8150
8209
8204
8158
8181
8180
8218
8240
8187
8186
8133
8219
8140
8206
8212
8262
8163
8187
8188
8147
8203
8188
8162
8179
8130
8159
8213
8213
8272
8200
8206
8210
8169
8155
8217
8256
8228
8214
8186
8127
8120
8271
8209
8199
8178
8150
8171
8186
8162
8108
8116
8186
8244
8170
8179
8196
8128
8149
8170
8112
8164
8172
8191
8186
8129
8203
8233
8209
8215
8198
8106
8115
8243
8145
8163
8196
8133
8159
8191
8190
8186
8082
8122
8196
8185
8168
8182
8167
8156
8118
8182
8107
8183
8241
8189
8159
8207
8222
8238
8211
8129
8155
8163
8205
8155
8184
8198
8147
8164
8207
8117
8147
8233
8215
8161
8194
8132
8148
8117
8190
8184
8163
8192
8182
8174
8223
8134
8127
8165
8256
8207
8222
8208
8137
8175
8150
8236
8194
8171
8232
8129
8180
8172
8170
8191
8239
8164
8243
8131
8181
8097
8164
8233
8130
8208
8166
8211
8211
8188
8124
8113
8250
8135
8176
8170
8201
8176
8159
8183
8215
8182
8216
8215
8185
8144
8146
8162
8139
8225
8173
8191
8198
8152
8214
8176
8154
8187
8196
8154
8218
8214
8228
8164
8171
8119
8158
8142
8144
8243
8211
8134
8151
8185
8097
8179
8190
8181
8156
8142
8149
8162
8191
8224
8147
8136
8169
8222
8142
8216
8198
8221
8244
8192
8211
8158
8177
8189
8167
8148
8157
8180
8211
8150
8153
8174
8202
8221
8186
8160
8237
8126
8148
8198
8201
8215
8193
8134
8208
8178
8210
8182
8174
8143
8105
8185
8211
8172
8176
8189
8205
8208
8223
8239
8222
8100
8175
8209
8147
8172
8222
8175
8177
8127
8162
8182
8229
8175
8203
8127
8124
8103
8217
8197
8187
8170
8232
8236
8193
8207
8173
8122
8159
8164
8169
8181
8128
8225
8164
8221
8080
8194
8213
8091
8226
8213
8239
8201
8155
8159
8187
8145
8148
8164
8140
8162
8165
8131
8220
8237
8220
8216
8106
8185
8182
8181
8204
8230
8170
8149
8182
8168
8160
8148
8190
8183
8211
8159
8113
8130
8130
8249
8144
8193
8175
8169
8129
8176
8153
8143
8170
8128
8112
8128
8158
8172
8165
8180
8158
8232
8172
8166
8103
8222
8105
8173
8128
8148
8188
8201
8176
8219
8137
8166
8187
8180
8202
8234
8188
8193
8127
8194
8170
8228
8192
8168
8171
8213
8149
8175
8148
8185
8221
8093
8179
8259
8169
8180
8260
8204
8156
8220
8199
8163
8200
8136
8189
8244
8147
8187
8200
8143
8146
8227
8137
8233
8147
8169
8145
8178
8171
8213
8212
8145
8203
8212
8146
8181
8183
8138
8162
8167
8183
8170
8245
8224
8214
8186
8184
8142
8119
8174
8158
8202
8136
8150
8162
8135
8209
8240
8176
8215
8123
8100
8168
8201
8229
8159
8174
8201
8251
8167
8196
8134
8143
8208
8231
8244
8179
8206
8180
8138
8109
8163
8122
8174
8209
8215
8179
8202
8172
8139
8215
8174
8215
8195
8196
8229
8167
8129
8185
8186
8143
8273
8185
8203
8236
8152
8230
8189
8216
8187
8239
8157
8186
8220
8190
8148
8232
8192
8147
8153
8154
8165
8214
8237
8231
8261
8132
8235
8249
8123
8224
8203
8234
8221
8228
8210
8214
8190
8175
8218
8181
8153
8115
8204
8208
8166
8180
8201
8127
8176
8142
8108
8161
8243
8214
8191
8123
8191
8204
8164
8125
8112
8205
8146
8209
8199
8104
8195
8233
8186
8182
8176
8193
8175
8200
8228
8199
8171
8237
8107
8158
8165
8191
8176
8189
8219
8231
8200
8212
8106
8159
8221
8227
8241
8230
8140
8143
8163
8132
8132
8210
8208
8116
8154
8142
8230
8119
8172
8171
8172
8157
8126
8172
8171
8166
8178
8092
8238
8202
8119
8203
8189
8185
8188
8211
8196
8203
8113
8158
8274
8256
8186
8209
8178
8134
8160
8122
8234
8185
8185
8148
8242
8188
8163
8158
8162
8185
8174
8101
8248
8149
8244
8131
8240
8102
8187
