854453
846334
852236
851156
854214
851576
853769
856860
849007
851936
852800
855227
849179
851052
848867
851201
854918
848394
852497
849514
844260
853975
850325
853346
851520
851956
850432
848791
847531
856890
852303
852482
850769
855453
847911
857949
852225
849294
853587
856466
848289
848574
850578
852320
851785
855788
854444
855526
854953
856770
854166
845473
850305
853773
854540
849565
847100
851980
855897
853461
851457
852215
851666
852181
857140
850523
852947
849533
853641
852052
857148
849921
851072
850138
849645
849087
851075
851995
852951
849977
851205
851082
854492
850348
851922
854160
855724
853618
851353
849583
849555
848441
848854
854790
851086
851335
852631
854824
848485
852316
851841
855210
853037
854797
849482
855402
853442
857625
848800
852469
851729
855687
853077
851529
855752
853106
852072
852086
850893
849814
853263
846667
852929
850157
852078
854137
852534
854409
852291
848996
853137
856725
854180
857700
851968
849393
849343
852662
849586
855488
853369
852121
855253
851005
854437
856138
854671
848332
854601
849905
850994
855612
856391
851942
853894
856540
851337
849070
853617
851245
855393
849171
853401
853086
850970
853213
853380
851733
846624
854482
850670
850283
849894
852568
848427
850441
851836
847531
852661
853777
850592
844719
851486
851920
850516
851821
849078
856234
852364
852880
851676
853121
850188
852434
851047
853406
849744
856012
852830
851915
853295
851102
851491
853314
854760
850010
849640
848103
850756
850501
854483
844782
851159
851476
849251
852424
853049
848541
852799
854530
851701
850565
849921
853186
852971
852997
852970
855811
854653
856031
850292
852858
851083
853349
852584
853464
859164
853551
846846
851984
851836
855928
852022
850488
849184
854680
851132
852128
856806
853855
848657
849621
848392
851873
854751
847787
852375
853076
853245
846922
850353
855945
854419
852710
851337
852366
849326
857056
847510
854149
849301
850732
854423
850300
852389
854165
852488
854219
852280
853318
853311
853931
852986
851304
849091
855310
851746
848241
852302
854166
847766
851463
854359
852702
851210
851328
852356
851081
854530
851628
850930
847475
853945
851267
854774
852494
851474
851082
847473
847344
855987
854568
853003
852980
848783
848690
851253
848514
850360
851028
854171
853978
855541
854554
853014
853005
853355
855788
849565
856609
850868
853371
853085
852575
853669
850166
854299
850583
848759
851427
851897
858185
850036
856098
851230
853707
847649
851887
851748
852187
852776
848010
856649
847938
855582
850867
849665
850885
849786
852018
852047
846121
852984
855065
849895
850235
853148
851107
846966
852248
853749
851293
849506
849326
847861
857126
847147
852526
853700
856153
850211
849901
847420
848401
853548
848042
856935
846493
850416
855553
854871
858479
847193
856138
845734
854972
851598
856395
853434
852649
851158
851725
851021
851586
847356
852515
851569
856842
853688
855251
850990
853865
852768
844073
854766
853079
852819
849504
850478
847333
853616
853675
855265
849808
846262
850779
853732
852141
854573
853842
853954
856420
851110
853350
852136
852198
855561
849824
848545
852591
852723
849690
848296
854850
846480
852669
853119
853914
851133
848394
855757
852123
853949
853075
851526
851556
856627
851415
851708
853368
855358
852163
850305
845455
851284
852570
852937
854694
853572
851224
853603
850712
848399
852919
851228
852099
855293
850827
849549
850123
851935
846027
852827
849073
852901
852198
850025
854073
850030
850654
855577
851678
853615
847346
852663
851356
852347
851201
855255
854410
853714
854175
851093
854992
854701
854506
850962
852712
851929
854419
855079
851516
851578
854560
849837
850778
851179
852944
853887
849799
855023
845640
855894
853566
852084
853179
848483
852754
851345
850885
848100
846065
850087
848131
854095
849500
850736
844817
853750
849939
854481
851325
856003
851837
852500
851613
849097
853882
845971
849548
851823
850261
854196
852261
850340
845773
854556
857184
851517
849511
852759
849426
854347
852303
852003
848855
857610
854804
852531
851259
854450
857331
853942
852609
847894
850842
855088
852563
850542
856933
853634
853657
856334
851219
852634
851110
847199
852944
852960
853356
855847
854010
853815
850217
853979
855843
852794
851849
852837
852734
851188
851405
853055
850002
853626
851395
851575
856461
853968
851871
853488
849700
854002
849633
849748
853675
847823
855365
853501
853920
854477
852185
853685
848433
847953
851839
850162
848902
854245
853381
856187
851759
848725
848440
853494
853722
850573
853389
854101
850928
856239
854061
851145
852665
857010
853102
851441
856281
855479
850975
848490
848763
853478
850340
856004
851200
856068
848578
853320
852761
850723
853687
851438
852041
852736
850200
852512
850643
851188
852167
849443
853294
853207
851114
846245
853405
856215
852725
849174
851823
846325
852495
851126
854616
851524
850046
848259
852049
851228
851839
852993
848176
851434
849484
852828
850560
854586
851204
854523
849050
850488
857010
853443
853636
853021
852728
855305
849734
848203
853812
848982
853139
848733
850083
856479
849214
850341
853167
849136
853686
850399
853378
853040
849091
858710
851360
853634
850146
855175
851550
851767
858239
852218
850774
848484
853362
850294
849547
854073
851898
852687
854129
855377
853071
852972
851254
857540
853105
853361
852927
853960
850973
852109
852417
854256
848941
854115
853239
854675
849014
854962
852767
852096
846273
855055
850729
855969
853866
854068
850389
852116
854612
852039
850751
848217
849488
855365
850351
849267
852135
853696
851724
852876
851445
853246
856211
849749
850674
852432
848965
848536
853421
852425
852084
848857
856722
847107
848893
852927
848773
854494
853374
853259
852401
850717
850375
850937
849459
854677
855291
849100
851788
855288
853058
848842
850564
855449
854451
848919
851653
853968
854798
848911
851191
854426
850360
852816
849151
852203
851972
851930
855393
856098
851967
852722
856895
850017
853262
845841
847489
849584
854319
852878
848621
852213
849615
850275
855073
850061
856296
854897
855495
851284
849518
849549
852039
854154
850949
852588
848748
850335
852959
850189
850633
846211
852080
850123
848128
851523
854463
849681
852163
849738
856383
851872
848828
853956
853249
848718
857390
849470
852076
855281
852252
849186
853760
855148
857337
856114
855555
855054
851564
848041
850934
848315
854706
851466
849130
855134
850125
855111
851508
853482
855792
847064
850619
857144
847692
853263
853739
848144
855670
851936
852675
854342
855338
851812
853020
852921
853420
857413
852747
853150
849453
850165
850535
854313
850832
848928
850408
859339
850119
851915
854933
852259
852818
847666
851632
847974
850534
849871
850385
856340
850410
851644
849863
849077
856849
849117
853610
853985
848486
854119
849585
853032
852408
857401
850994
853865
850057
850390
852226
848610
853056
855108
856082
852408
855024
851919
854013
852005
854874
849442
851580
855608
852987
846181
856035
854326
854320
857566
853852
852472
855200
847099
854422
851210
850503
852811
845181
847088
852023
852546
855544
851750
854139
849722
853034
850936
855008
