2118326
2118364
2118394
2118314
2117606
2118296
2118397
2117766
2117836
2117857
2118866
2118414
2118401
2118459
2117873
2118306
2118325
2117944
2118487
2118509
2118168
2118235
2118486
2118322
2118078
2118277
2118045
2118239
2118428
2118091
2118452
2118159
2118388
2118556
2118276
2118119
2118521
2118465
2118122
2118269
2118268
2118081
2118289
2117778
2117809
2118593
2118345
2118320
2118012
2118023
2118073
2118319
2118282
2118644
2118320
2118200
2118088
2118347
2118098
2118428
2118490
2118038
2118100
2118187
2118248
2118258
2118759
2118430
2118475
2118226
2117957
2118114
2118072
2118400
2118257
2118531
2118299
2118440
2118151
2118205
2117881
2118073
2118079
2118020
2118402
2118023
2118357
2118203
2118285
2118503
2118438
2118059
2118140
2118542
2118515
2118061
2118003
2118194
2118160
2118381
2118353
2118042
2118353
2118417
2117949
2117993
2118290
2118065
2118117
2118409
2118378
2118287
2118445
2118464
2118301
2118583
2118102
2118147
2118321
2118316
2117969
2118250
2118351
2118119
2118100
2118006
2118239
2118255
2118376
2118274
2118151
2117976
2117799
2118146
2118226
2118446
2118351
2118385
2118545
2118452
2118344
2118265
2118108
2117967
2118081
2118433
2118195
2118351
2118181
2118154
2118126
2118601
2118153
2118215
2118107
2118515
2118341
2118238
2118506
2118219
2118389
2118351
2118338
2118555
2118147
2118561
2118231
2118405
2118292
2118236
2118144
2118255
2118496
2118072
2118010
2118281
2118433
2118642
2118364
2118628
2118240
2118230
2118275
2118121
2118222
2118397
2118361
2118166
2118584
2118293
2118503
2118295
2117530
2118275
2118294
2118339
2118087
2118249
2118408
2118095
2118486
2118200
2118214
2118195
2118010
2118271
2118207
2118286
2117931
2118594
2118267
2118483
2117868
2118334
2118150
2118338
2118280
2118562
2118266
2118306
2118286
2118395
2118095
2118378
2118077
2118402
2118274
2118142
2117997
2118186
2117960
2118200
2118332
2118370
2118096
2118226
2118095
2118428
2118207
2118369
2118164
2118584
2118477
2117819
2118155
2118144
2118398
2118185
2118161
2118178
2117868
2118394
2118491
2118319
2118304
2118090
2118436
2118365
2118156
2118075
2118574
2118320
2118248
2118424
2118287
2118413
2118137
2118487
2118422
2118317
2118323
2118166
2117786
2118451
2117982
2117957
2118221
2117983
2117899
2118222
2118455
2118107
2118050
2118675
2117971
2118122
2118171
2118442
2118151
2118067
2118229
2118523
2118166
2118327
2118332
2118121
2118493
2118164
2118138
2118376
2118349
2118050
2118199
2118132
2118128
2118490
2118316
2118472
2117981
2117975
2118088
2118406
2118215
2118312
2118534
2118158
2118528
2117966
2118191
2118395
2118264
2117950
2117974
2118363
2118335
2118343
2118321
2118467
2118210
2118594
2118575
2117937
2118375
2118133
2117849
2118687
2118241
2118594
2118596
2118283
2118305
2118060
2118507
2118285
2118065
2118139
2118069
2118672
2118439
2118281
2118286
2118311
2117841
2118152
2118131
2118071
2118498
2118516
2118266
2118394
2118072
2118173
2118326
2118478
2118367
2118188
2118302
2118104
2118175
2118372
2118583
2118156
2118221
2118219
2117868
2118428
2118413
2118252
2118124
2118327
2118397
2118295
2117993
2118230
2118316
2118226
2118392
2118206
2118385
2118360
2118241
2118324
2117828
2118304
2118091
2118231
2118265
2117913
2118292
2118358
2118172
2118299
2118354
2118276
2118310
2118204
2118319
2117971
2118398
2118335
2118446
2118093
2118123
2117999
2118494
2118621
2118078
2118093
2117994
2118284
2118348
2118278
2118302
2118300
2118526
2118356
2117893
2118569
2118362
2118395
2118366
2118076
2118156
2118030
2118622
2118206
2118159
2118426
2118435
2118367
2118258
2118613
2118382
2118194
2118276
2118427
2118303
2118373
2118035
2118303
2118128
2117932
2118363
2117945
2118266
2117762
2117676
2118193
2118473
2118289
2118097
2118306
2117960
2118018
2117990
2118285
2118270
2118171
2118447
2118241
2118278
2118295
2118152
2118149
2118333
2118347
2118455
2118010
2118503
2118302
2118567
2118049
2118116
2118502
2118222
2117766
2118786
2117954
2118305
2118590
2118263
2118130
2118501
2118511
2118293
2118221
2118287
2118086
2118212
2118362
2118257
2118173
2118263
2117995
2118112
2118265
2118421
2118023
2118342
2118497
2118355
2118502
2118455
2118170
2118222
2118472
2118054
2117775
2118318
2118411
2118670
2118661
2118718
2118384
2118396
2118279
2118417
2118239
2118505
2118233
2117942
2118228
2118520
2118114
2118236
2118270
2117910
2118156
2118284
2118027
2118232
2118264
2118051
2118562
2117917
2118115
2118128
2117805
2117984
2118238
2118223
2118285
2118431
2118460
2118078
2118278
2118307
2118179
2118502
2118181
2118266
2118091
2118123
2118531
2118298
2118038
2118236
2118579
2118474
2118132
2118294
2118509
2118080
2118341
2118796
2118500
2118041
2118704
2118070
2118523
2118523
2118274
2118339
2118177
2118374
2118144
2118040
2118516
2117886
2117967
2118192
2118292
2118372
2118351
2118115
2118831
2118252
2118011
2118037
2118622
2118135
2118383
2118381
2117937
2118394
2118337
2118357
2118570
2118655
2118145
2118173
2118396
2118651
2118806
2118134
2118360
2118367
2118490
2118220
2118507
2118182
2118044
2118392
2118011
2118154
2118257
2118530
2118050
2118321
2118282
2118747
2118545
2118288
2118171
2118375
2118140
2118320
2118259
2117989
2118439
2118372
2118281
2118245
2118091
2118350
2118427
2118281
2117922
2118525
2118405
2118550
2118270
2118414
2118180
2118158
2118221
2118330
2118053
2118365
2118049
2118515
2118500
2118071
2118140
2118383
2118227
2118086
2118247
2118412
2118085
2118164
2118259
2118600
2118181
2118491
2118586
2118276
2118130
2118611
2118349
2118181
2118473
2118223
2118303
2118425
2118442
2118356
2118171
2118287
2118083
2118264
2117971
2118365
2118160
2118159
2118252
2118187
2117953
2118649
2118116
2118316
2118188
2118516
2118257
2118520
2118100
2118148
2118619
2118262
2118247
2118017
2118572
2118127
2118202
2118354
2118049
2118099
2118126
2118254
2118684
2118341
2118379
2118300
2118304
2118552
2118206
2118312
2118042
2117787
2118101
2117783
2117944
2118121
2118022
2117898
2117997
2118269
2118563
2118035
2117978
2118540
2117942
2118303
2118350
2118087
2118380
2118244
2118172
2118134
2118311
2118422
2118451
2118292
2118552
2118252
2118294
2118207
2118126
2118224
2118117
2118190
2118600
2118244
2118320
2118280
2118354
2118358
2118574
2118383
2118503
2118381
2118390
2118462
2118360
2118109
2118440
2118377
2118426
2117938
2118212
2118393
2117952
2118365
2118197
2118340
2117967
2118315
2118062
2118473
2118780
2118187
2118386
2118549
2118533
2118473
2118033
2118033
2118611
2117964
2118319
2118406
2118547
2118168
2118654
2118395
2118236
2118224
2118397
2118128
2118088
2118360
2118549
2118301
2118261
2118146
2118270
2118529
2118331
2118328
2118233
2118073
2117849
2118675
2118235
2118207
2118369
2118100
2118202
2118099
2117922
2118499
2118433
2118225
2118141
2118198
2118140
2118018
2117876
2118249
2118458
2118180
2118266
2118351
2118302
2118482
2118504
2118151
2118128
2118013
2118313
2118276
2118011
2118140
2118152
2118512
2118664
2118376
2118392
2118270
2118731
2118707
2118035
2118593
2118202
2118305
2118234
2118117
2118471
2118446
2118300
2118292
2118424
2118120
2117993
2118290
2118647
2117921
2118073
2118564
2118202
2117923
2118518
2118507
2118324
2118075
2118303
2118527
2118233
2118319
2118501
2118208
2118309
2118538
2118854
2117796
2118179
2118626
2118505
2118358
2118133
2118309
2118325
2118309
2118408
2118298
2117992
2118247
2118280
2118121
2118247
2118295
2118341
2118199
2118148
2118489
2118423
2118548
2118453
2118630
2118151
2118119
2118293
2118296
2118412
2118447
2118544
2118054
2118292
2118301
2117797
2117956
2118157
2118260
2118347
2118034
2118030
2117965
2117940
2118445
2118263
2118216
2118569
2118448
2118124
2118055
2118353
2118308
2118214
2118166
2118132
2118503
2118571
2118252
2117900
2118078
2118405
2118438
2118126
2118294
2118176
2118122
2118185
2118153
2118276
2118532
2118232
2118477
2118090
2118364
2118235
2118398
2118272
2118683
2118405
2118119
2118676
2118167
2118044
2118171
2118221
2118259
2118264
2118278
2118327
2118245
2118116
2118366
2118563
2118269
2118188
2118433
2118322
2118365
2118128
2118399
2118342
2118092
2118216
2118267
2118109
