2671655
2665066
2683577
2671221
2672746
2672884
2669719
2679772
2668530
2672034
2673295
2680947
2670321
2667005
2667790
2673206
2675708
2669349
2671194
2669011
2664549
2675004
2670748
2672568
2671667
2677319
2668110
2667715
2664441
2675851
2678398
2673786
2668597
2676876
2663223
2678052
2672338
2665392
2673446
2682510
2668587
2665686
2669973
2667929
2674940
2674912
2675568
2677044
2676848
2678823
2674544
2662781
2673687
2674398
2672029
2672096
2666277
2672562
2679532
2675608
2671351
2672834
2671792
2673343
2682343
2665255
2672425
2667075
2673552
2669583
2677060
2672288
2672771
2668585
2667891
2670580
2669405
2670592
2673318
2670187
2671857
2670161
2676898
2669650
2672894
2676449
2679221
2669964
2673026
2668258
2670969
2673027
2667380
2674443
2671393
2669552
2670339
2678192
2666918
2671973
2671508
2676200
2668286
2676507
2665230
2675277
2674896
2682869
2667173
2671898
2672814
2674725
2673868
2672866
2677972
2675367
2667562
2675361
2666930
2667118
2671432
2668000
2673354
2670980
2667248
2673711
2672419
2678612
2673244
2667367
2673209
2679814
2676599
2677223
2667320
2665323
2668240
2671528
2669657
2674544
2672703
2674875
2678415
2670238
2675174
2678204
2678890
2663638
2675686
2673299
2670679
2683865
2678260
2673194
2673281
2676474
2673762
2669716
2672978
2668292
2677057
2669605
2673406
2668996
2669573
2676242
2674502
2671197
2667910
2671946
2674883
2671979
2671546
2674747
2665706
2669166
2673068
2664274
2672273
2674730
2669721
2661218
2673982
2672306
2667112
2671161
2667475
2676258
2672644
2678468
2669745
2672328
2668747
2666574
2672845
2674623
2669366
2677589
2671774
2671316
2674848
2669582
2674690
2673664
2675521
2670326
2671232
2667551
2668274
2669505
2673932
2661749
2666759
2670419
2664669
2667697
2673884
2671241
2670744
2677438
2671198
2669996
2670713
2669229
2674767
2671600
2672668
2676564
2673251
2672850
2670986
2674674
2673070
2674595
2669053
2676535
2680862
2673110
2665201
2672476
2673305
2673212
2673270
2667741
2667498
2676014
2671075
2668065
2676191
2672468
2667942
2663086
2666329
2667239
2677480
2666808
2673701
2673187
2672752
2667435
2668108
2674280
2673468
2671883
2672481
2669671
2670367
2682452
2669437
2671932
2667371
2670679
2677088
2673375
2674829
2674800
2674444
2673731
2672714
2671056
2676006
2673184
2671310
2671689
2667063
2673729
2672369
2665211
2669887
2677481
2664934
2671917
2674903
2676540
2671515
2674523
2669284
2668527
2673717
2667592
2673895
2669054
2674499
2668787
2674189
2672878
2667803
2667105
2664617
2666759
2674975
2673866
2676595
2674247
2666666
2670770
2666015
2669427
2672437
2670812
2674404
2677293
2672560
2674246
2673706
2670948
2671076
2677721
2670884
2683294
2669365
2674993
2676806
2671062
2674696
2670341
2674888
2669532
2668815
2667494
2669687
2683615
2668883
2675534
2672246
2673771
2669095
2671258
2668736
2671428
2674308
2667719
2680178
2668068
2673899
2675719
2670306
2668326
2667197
2671106
2670835
2667019
2675172
2678355
2670068
2674426
2673059
2670816
2667403
2670253
2677111
2661089
2671225
2670427
2668972
2676441
2663493
2671495
2676123
2679155
2672246
2667948
2666799
2663902
2677863
2669209
2677224
2667846
2667626
2675393
2676324
2679831
2662997
2675847
2665920
2676129
2674070
2676282
2673247
2672152
2669627
2672330
2671160
2672150
2666755
2673920
2672634
2678334
2677356
2677001
2671262
2675459
2670087
2661013
2678497
2671662
2675893
2665958
2670512
2663915
2674419
2676803
2674495
2670886
2664359
2666356
2670565
2668096
2678091
2673433
2673301
2679302
2672215
2674087
2674673
2667479
2677184
2667718
2664944
2668643
2674644
2671021
2668406
2672931
2663314
2673333
2675653
2674088
2671989
2667610
2678528
2673171
2672233
2672160
2672644
2669800
2676963
2671117
2674258
2675285
2672230
2670642
2673375
2661560
2667220
2672995
2669201
2675030
2675132
2672061
2673175
2672243
2667072
2672868
2669929
2674751
2676309
2668104
2668742
2674307
2665415
2664833
2676405
2671927
2673352
2674182
2670074
2675773
2666261
2671268
2674972
2673016
2672823
2663444
2669963
2671509
2673776
2671069
2675305
2674368
2676818
2674753
2672881
2675935
2675363
2674058
2671078
2675513
2670472
2672145
2675604
2672989
2672749
2676025
2669707
2668741
2671823
2670635
2675314
2672188
2675948
2661369
2670705
2677497
2671035
2671143
2669087
2672764
2670521
2671330
2667131
2662426
2672964
2668672
2674581
2665945
2671072
2666698
2674444
2670385
2672523
2664209
2676716
2671901
2668910
2674503
2670578
2675155
2663945
2669197
2675949
2670181
2674734
2671544
2669833
2665070
2674804
2679194
2670298
2666109
2673154
2667738
2672719
2675462
2670239
2667005
2682282
2677781
2672723
2668403
2673805
2682810
2676219
2671875
2665482
2670576
2674542
2677028
2669222
2679583
2672473
2669577
2676820
2664375
2671118
2670280
2665391
2671473
2672793
2679334
2674124
2672853
2670670
2671231
2675560
2678343
2669777
2669715
2670930
2677398
2671141
2670096
2679297
2667621
2674068
2671860
2672474
2680075
2670352
2674977
2672344
2673418
2674788
2668938
2671335
2676238
2667901
2676178
2673988
2676219
2673775
2674684
2671023
2669098
2669905
2669639
2670532
2669205
2673732
2671181
2678061
2672461
2665844
2668422
2675309
2677665
2666951
2671481
2673128
2668635
2675269
2677248
2670955
2675523
2676747
2673348
2674144
2679153
2675167
2667830
2667386
2667990
2672006
2671980
2675650
2672243
2678121
2669639
2679727
2671159
2669738
2674808
2670016
2673021
2673665
2666503
2673749
2673330
2672941
2673524
2668749
2675753
2672605
2674456
2664811
2671546
2677302
2668928
2667393
2675738
2664108
2673009
2672228
2674762
2673544
2664861
2669629
2669853
2670701
2672149
2671716
2664833
2669496
2669906
2677316
2669881
2674900
2667114
2672990
2667006
2670742
2677151
2674118
2672420
2672600
2673136
2670322
2671759
2664593
2674711
2669961
2670611
2667541
2667746
2676442
2668026
2673411
2672296
2667484
2679659
2671236
2675455
2675057
2668136
2683122
2669917
2671220
2671901
2676411
2668400
2671375
2681863
2671494
2669315
2667663
2672752
2670185
2661932
2676693
2672476
2673253
2676365
2676485
2674046
2675761
2673881
2681775
2674922
2671162
2677061
2673923
2670077
2670610
2673000
2669570
2667517
2674143
2670650
2677916
2664413
2675474
2680854
2669734
2664603
2677574
2669140
2679736
2671086
2674176
2669965
2670039
2673533
2675305
2671962
2668486
2669796
2675850
2673742
2667870
2671577
2675116
2670238
2674829
2673716
2676009
2676169
2675493
2668677
2667754
2672129
2659867
2672492
2674819
2670776
2666757
2681159
2666295
2667869
2678467
2671054
2671185
2675915
2674342
2671970
2667955
2673113
2666570
2671332
2679710
2676953
2667554
2672944
2676349
2672262
2666926
2677271
2673988
2675740
2667484
2671848
2675837
2675768
2666907
2671177
2674634
2672383
2678577
2665306
2671027
2673078
2672119
2675556
2682320
2672015
2671184
2677187
2669873
2673974
2665329
2666340
2669307
2673587
2671901
2665651
2674305
2672251
2671558
2675955
2671569
2675844
2673192
2674466
2666971
2672511
2667951
2673598
2677960
2671487
2673694
2666021
2668762
2672624
2670026
2671140
2666548
2677121
2667178
2664042
2671603
2674177
2670330
2670180
2667099
2679261
2669145
2671180
2675267
2672850
2668904
2673710
2670964
2670967
2676332
2670708
2669875
2681548
2676761
2674976
2676533
2679066
2672729
2668475
2666107
2671420
2667537
2672082
2672805
2669566
2676415
2671477
2677717
2672617
2672957
2676228
2665755
2669546
2676430
2664326
2675110
2675704
2667328
2678423
2672089
2672923
2672219
2673610
2667910
2672831
2672616
2671699
2682291
2674103
2670594
2670732
2667088
2669556
2678320
2672517
2667964
2671274
2679368
2669500
2673974
2674852
2671367
2675112
2668970
2670630
2668824
2672599
2671890
2666817
2676885
2670380
2669829
2666406
2663541
2678782
2666704
2677146
2674913
2670452
2674006
2666727
2674452
2672468
2680655
2667876
2676957
2670587
2669907
2670518
2667199
2675623
2674652
2681420
2669498
2677771
2671790
2671123
2669474
2674102
2673899
2673601
2675424
2674686
2665867
2678084
2675990
2674607
2680759
2674642
2671433
2680683
2662291
2676303
2672180
2672521
2675224
2669255
2665009
2671817
2673907
2680638
2669773
2670716
2667491
2670394
2673389
2675609
