854538
846416
852323
851249
854307
851666
853855
856950
849096
852029
852892
855325
849270
851136
848958
851295
855007
848484
852592
849603
844347
854065
850409
853431
851604
852044
850512
848875
847621
856984
852395
852568
850857
855549
848001
858045
852312
849384
853678
856554
848376
848672
850664
852409
851873
855879
854532
855616
855046
856861
854256
845564
850395
853864
854640
849656
847201
852069
855984
853552
851554
852308
851763
852273
857236
850613
853043
849615
853735
852148
857236
850010
851155
850224
849737
849172
851165
852081
853038
850066
851291
851165
854580
850430
852013
854254
855813
853704
851443
849667
849646
848533
848948
854880
851174
851425
852724
854906
848576
852409
851932
855299
853126
854888
849572
855496
853530
857717
848890
852563
851820
855779
853164
851616
855843
853200
852163
852175
850987
849908
853362
846758
853024
850249
852166
854226
852625
854509
852380
849083
853228
856816
854271
857790
852060
849488
849430
852757
849672
855579
853456
852208
855337
851091
854524
856231
854762
848418
854695
849997
851080
855697
856482
852032
853979
856626
851426
849160
853711
851335
855485
849262
853494
853171
851059
853302
853472
851819
846711
854574
850759
850375
849975
852658
848520
850532
851932
847616
852748
853862
850678
844803
851578
852008
850613
851906
849168
856326
852448
852965
851770
853210
850277
852526
851130
853496
849841
856104
852921
852011
853381
851186
851586
853396
854846
850101
849733
848192
850846
850593
854572
844869
851247
851558
849340
852512
853139
848634
852891
854618
851794
850657
850014
853274
853062
853082
853056
855909
854741
856124
850380
852944
851171
853441
852672
853561
859252
853641
846933
852076
851930
856012
852106
850581
849273
854769
851224
852223
856897
853946
848747
849711
848478
851966
854841
847874
852465
853159
853332
847011
850442
856043
854509
852797
851430
852454
849418
857151
847597
854245
849397
850815
854512
850391
852481
854252
852584
854311
852373
853406
853402
854022
853078
851383
849178
855398
851838
848326
852394
854256
847856
851551
854446
852794
851308
851424
852441
851173
854619
851711
851019
847569
854040
851361
854863
852584
851561
851175
847562
847426
856070
854656
853091
853070
848872
848781
851345
848602
850451
851122
854265
854076
855628
854639
853104
853101
853442
855880
849653
856703
850960
853462
853174
852671
853759
850261
854394
850673
848848
851519
851983
858270
850126
856192
851323
853792
847745
851975
851842
852274
852867
848102
856739
848023
855678
850957
849751
850975
849879
852103
852137
846215
853070
855158
849988
850326
853238
851198
847057
852332
853842
851389
849596
849412
847950
857213
847234
852608
853792
856241
850304
849987
847512
848492
853639
848132
857022
846578
850511
855649
854958
858577
847286
856229
845825
855056
851684
856492
853519
852745
851251
851816
851105
851682
847445
852603
851666
856931
853779
855341
851076
853950
852858
844166
854861
853166
852907
849599
850575
847420
853702
853761
855350
849898
846356
850872
853821
852225
854663
853929
854042
856512
851200
853437
852231
852290
855651
849918
848632
852680
852806
849776
848387
854944
846574
852756
853206
854000
851216
848481
855850
852211
854047
853169
851618
851651
856713
851502
851792
853451
855440
852253
850395
845547
851373
852660
853031
854786
853663
851317
853681
850805
848488
853004
851315
852187
855383
850917
849637
850211
852026
846118
852919
849156
852988
852281
850113
854155
850123
850747
855666
851763
853707
847433
852750
851437
852432
851292
855344
854496
853802
854266
851186
855079
854795
854597
851056
852803
852013
854508
855167
851604
851666
854658
849925
850867
851273
853030
853976
849892
855108
845726
855978
853654
852175
853279
848571
852844
851436
850973
848194
846153
850171
848226
854186
849587
850829
844909
853841
850032
854566
851410
856099
851921
852589
851709
849183
853971
846064
849638
851917
850351
854288
852359
850425
845856
854641
857268
851600
849604
852837
849513
854444
852392
852090
848945
857691
854896
852630
851349
854540
857424
854026
852698
847986
850925
855168
852651
850637
857022
853719
853743
856421
851312
852723
851199
847290
853036
853056
853453
855937
854098
853905
850297
854070
855930
852886
851939
852924
852826
851287
851486
853144
850095
853717
851479
851659
856546
854060
851957
853577
849793
854095
849728
849835
853764
847918
855454
853593
854011
854563
852273
853770
848533
848042
851924
850251
848991
854332
853468
856268
851852
848809
848531
853582
853815
850661
853478
854182
851019
856330
854153
851238
852755
857104
853191
851532
856362
855574
851059
848578
848851
853572
850437
856083
851292
856158
848676
853409
852851
850810
853775
851522
852130
852825
850287
852596
850727
851275
852258
849531
853381
853298
851199
846341
853489
856306
852816
849269
851906
846414
852585
851215
854709
851615
850129
848350
852140
851324
851937
853088
848270
851532
849581
852917
850649
854679
851293
854615
849136
850582
857104
853533
853724
853109
852815
855392
849817
848291
853899
849071
853230
848823
850170
856575
849296
850428
853265
849233
853779
850481
853473
853118
849174
858799
851440
853720
850237
855267
851637
851855
858334
852312
850868
848574
853450
850385
849642
854166
851992
852773
854217
855475
853162
853063
851345
857630
853204
853445
853014
854049
851062
852194
852511
854351
849033
854209
853329
854764
849105
855056
852847
852187
846369
855140
850823
856053
853962
854150
850479
852199
854701
852139
850840
848300
849576
855461
850445
849352
852228
853785
851812
852969
851535
853334
856296
849827
850766
852519
849056
848624
853506
852518
852170
848946
856809
847198
848983
853014
848851
854587
853462
853348
852487
850804
850469
851029
849549
854755
855379
849193
851885
855381
853149
848935
850655
855542
854543
849014
851742
854065
854889
848993
851280
854514
850446
852908
849236
852294
852056
852017
855481
856192
852058
852814
856984
850117
853348
845935
847581
849674
854405
852972
848713
852305
849707
850364
855168
850141
856385
854980
855584
851364
849607
849648
852135
854247
851040
852680
848835
850423
853042
850277
850722
846301
852177
850214
848212
851608
854559
849768
852257
849830
856480
851964
848922
854040
853346
848806
857480
849560
852164
855371
852341
849275
853854
855228
857427
856203
855639
855144
851649
848126
851019
848409
854793
851554
849222
855236
850214
855205
851604
853571
855877
847151
850705
857239
847783
853351
853822
848233
855763
852027
852766
854436
855430
851899
853111
853006
853513
857501
852840
853244
849545
850262
850615
854408
850921
849018
850499
859428
850213
852011
855016
852348
852902
847756
851731
848064
850623
849958
850471
856434
850503
851738
849953
849160
856939
849209
853694
854076
848577
854207
849678
853126
852499
857488
851089
853956
850142
850481
852314
848703
853142
855201
856169
852500
855108
852012
854105
852104
854965
849528
851663
855705
853073
846271
856125
854412
854409
857658
853945
852564
855291
847195
854507
851300
850588
852904
845264
847177
852109
852635
855638
851833
854228
849812
853123
851024
855098
