1973
1954
1950
1958
1961
1968
1974
1971
1962
1964
1967
1971
1964
1964
1957
1966
1955
1966
1967
1960
1966
1958
1968
1956
1959
1961
1958
1958
1960
1963
1966
1971
1960
1958
1959
1958
1972
1954
1965
1962
1961
1963
1961
1958
1964
1962
1971
1960
1955
1961
1963
1954
1966
1954
1962
1950
1963
1963
1962
1959
1966
1969
1958
1969
1964
1958
1961
1969
1955
1970
1963
1959
1961
1972
1958
1964
1968
1957
1970
1964
1955
1960
1961
1956
1965
1956
1959
1967
1964
1967
1957
1966
1972
1948
1957
1963
1957
1973
1961
1960
1954
1966
1956
1961
1961
1947
1957
1957
1959
1963
1958
1970
1963
1957
1959
1961
1963
1961
1963
1964
1959
1964
1955
1964
1952
1960
1965
1959
1970
1965
1969
1963
1964
1958
1965
1969
1961
1964
1958
1954
1968
1960
1961
1964
1966
1969
1957
1959
1963
1952
1956
1962
1957
1967
1958
1964
1958
1958
1957
1964
1963
1962
1952
1959
1968
1961
1968
1965
1967
1952
1963
1964
1968
1954
1965
1963
1965
1960
1954
1963
1965
1960
1953
1964
1970
1969
1966
1967
1955
1966
1960
1956
1952
1968
1959
1963
1957
1963
1967
1959
1963
1958
1959
1963
1967
1963
1957
1956
1965
1967
1953
1962
1964
1971
1968
1966
1963
1965
1963
1968
1961
1970
1974
1966
1968
1967
1954
1958
1960
1962
1969
1963
1952
1967
1974
1957
1957
1956
1963
1959
1953
1958
1964
1962
1967
1965
1962
1960
1965
1962
1957
1959
1963
1965
1957
1960
1964
1959
1963
1970
1959
1959
1965
1964
1967
1959
1969
1963
1968
1967
1961
1962
1972
1966
1962
1963
1968
1961
1954
1957
1958
1964
1957
1969
1961
1960
1965
1973
1958
1964
1955
1959
1965
1958
1962
1968
1967
1959
1961
1955
1956
1961
1954
1967
1967
1963
1964
1959
1960
1969
1961
1968
1956
1963
1963
1955
1968
1956
1968
1958
1954
1961
1964
1954
1961
1959
1969
1958
1965
1951
1965
1962
1961
1959
1963
1969
1960
1959
1961
1970
1962
1964
1961
1962
1961
1958
1964
1966
1962
1959
1965
1964
1962
1966
1964
1967
1960
1956
1956
1963
1964
1959
1969
1957
1961
1963
1964
1963
1960
1964
1960
1953
1960
1955
1959
1958
1954
1958
1960
1963
1962
1965
1959
1957
1962
1958
1970
1962
1969
1964
1966
1960
1962
1964
1958
1961
1955
1961
1952
1965
1964
1962
1963
1966
1956
1956
1958
1960
1962
1954
1965
1963
1959
1971
1959
1956
1959
1963
1962
1963
1957
1951
1963
1956
1962
1954
1963
1960
1950
1965
1957
1963
1962
1967
1960
1967
1956
1958
1958
1964
1947
1963
1963
1962
1961
1960
1966
1956
1960
1960
1958
1966
1960
1957
1968
1958
1962
1959
1960
1961
1957
1955
1962
1974
1955
1959
1959
1964
1957
1958
1959
1956
1959
1961
1960
1966
1960
1959
1961
1964
1962
1951
1963
1953
1966
1966
1957
1968
1962
1958
1958
1963
1964
1971
1963
1960
1960
1966
1968
1966
1964
1960
1969
1958
1958
1962
1955
1952
1965
1959
1958
1961
1969
1966
1954
1957
1973
1963
1962
1966
1963
1977
1971
1966
1962
1952
1953
1955
1958
1956
1963
1957
1963
1976
1963
1962
1965
1961
1960
1959
1963
1960
1958
1979
1962
1965
1959
1961
1960
1957
1962
1964
1959
1967
1958
1971
1963
1957
1959
1958
1961
1964
1963
1963
1961
1956
1958
1965
1952
1952
1957
1963
1953
1958
1958
1957
1959
1963
1970
1960
1970
1963
1955
1964
1960
1966
1959
1960
1953
1961
1966
1952
1966
1965
1959
1957
1967
1957
1966
1964
1952
1969
1963
1960
1963
1957
1958
1959
1965
1957
1965
1955
1955
1963
1954
1966
1965
1958
1969
1963
1961
1964
1960
1957
1957
1960
1967
1960
1965
1961
1964
1957
1962
1957
1964
1958
1966
1966
1957
1958
1968
1970
1963
1966
1970
1955
1961
1966
1963
1960
1959
1954
1952
1966
1957
1961
1964
1953
1964
1968
1961
1961
1956
1957
1965
1960
1962
1962
1959
1969
1959
1960
1962
1968
1967
1964
1963
1952
1960
1965
1966
1959
1965
1959
1958
1961
1963
1957
1962
1957
1964
1967
1962
1966
1963
1957
1960
1963
1974
1955
1959
1962
1956
1953
1958
1972
1959
1965
1957
1966
1959
1969
1963
1964
1959
1963
1957
1963
1966
1951
1970
1953
1954
1970
1959
1956
1954
1967
1961
1958
1968
1961
1963
1962
1953
1957
1961
1966
1956
1959
1968
1964
1963
1968
1962
1975
1961
1952
1963
1966
1952
1966
1951
1959
1969
1963
1960
1961
1965
1962
1966
1960
1963
1966
1968
1965
1968
1963
1966
1958
1965
1962
1951
1961
1961
1966
1957
1961
1961
1966
1966
1957
1960
1963
1957
1968
1963
1968
1957
1962
1966
1961
1965
1963
1967
1966
1958
1964
1972
1964
1963
1952
1956
1963
1959
1960
1962
1966
1962
1959
1968
1968
1965
1966
1968
1961
1970
1965
1964
1957
1958
1961
1963
1962
1973
1963
1965
1965
1958
1960
1959
1961
1965
1969
1959
1953
1955
1967
1962
1969
1962
1956
1954
1961
1954
1964
1959
1968
1960
1963
1958
1964
1957
1969
1957
1959
1970
1964
1961
1954
1963
1967
1955
1962
1954
1963
1962
1957
1966
1955
1959
1955
1959
1962
1962
1963
1960
1965
1966
1968
1965
1955
1964
1962
1964
1963
1958
1955
1961
1959
1967
1963
1958
1965
1971
1963
1967
1969
1952
1958
1962
1962
1963
1955
1955
1957
1958
1965
1967
1957
1964
1950
1961
1966
1966
1966
1963
1961
1960
1962
1966
1959
1957
1963
1955
1963
1961
1959
1951
1961
1970
1956
1971
1959
1960
1957
1963
1958
1960
1969
1957
1957
1963
1970
1961
1954
1968
1964
1959
1961
1954
1963
1959
1963
1957
1958
1958
1969
1970
1962
1961
1964
1966
1967
1955
1960
1962
1958
1965
1955
1964
1957
1966
1960
1962
1964
1962
1966
1962
1953
1962
1963
1970
1962
1964
1949
1958
1964
1960
1951
1958
1965
1956
1972
1956
1957
1968
1962
1961
1962
