6586
5846
3195
8668
9149
1042
9405
272
4299
360
1234
8454
495
3056
10006
7440
9655
831
2428
834
7323
7357
1430
9384
1170
7625
5522
6406
4175
620
1049
2076
5636
1802
3794
9569
1608
3427
4590
8584
8522
8778
1678
3401
8188
7322
6711
6428
3315
7558
798
2240
2113
4430
765
1636
7878
2345
8028
3202
5247
5519
1301
7894
6492
3978
479
9896
6684
2403
1844
9152
8795
307
1817
1277
91
2846
1038
6864
4893
885
1891
470
2252
5786
1097
9408
5323
3422
990
9198
3880
233
9645
10011
7949
1915
8234
8950
6312
803
3474
6391
1593
3111
6642
6756
3348
6775
6982
5076
4200
2909
9495
7280
4528
3622
4500
7473
7612
8952
860
4308
1758
4621
7666
1756
6925
2093
9338
5927
5581
468
1383
8105
4058
8858
1241
8609
8187
4204
6190
6806
9279
3793
3507
3361
2167
955
6489
5302
5355
7619
2359
2900
704
7051
6037
4515
8027
1180
5327
91
1044
3596
7430
8191
3012
52
4165
5676
4440
6456
811
7548
7828
3258
1828
8609
872
8045
633
6959
6459
9033
2413
6281
2260
3373
3126
7112
3241
1055
6480
4471
7698
5002
5115
2494
1957
8154
1904
1036
5217
4803
5504
5168
7716
993
4365
1711
3458
8179
9438
9612
2630
139
5218
362
5206
9843
3385
9252
5696
1961
822
9653
8730
614
9881
3615
8253
809
988
5863
7917
2999
7049
6424
686
8626
3490
7860
2468
4006
8432
1017
5888
5866
846
2481
8517
8829
6950
9010
8894
2174
8476
4912
2614
571
6230
629
7507
3632
8751
1758
712
1343
643
727
4473
1614
9064
1981
5248
6035
308
5692
5631
1250
4895
2488
7906
5817
9984
4501
2278
93
8299
9879
7998
2184
915
3911
2428
3291
5054
6556
3840
7270
7923
7896
6218
7779
6096
5601
3807
295
8377
8482
6453
7832
4982
318
4150
1822
4650
9933
8239
7958
49
9193
6395
1290
9922
1462
6321
9677
7682
3964
2879
3857
9046
9337
4669
7810
263
8146
4696
3984
2524
5687
1410
4940
768
6374
3371
8332
8195
8270
4647
4535
8128
6549
10020
8749
1288
2304
9452
4662
1844
6042
5036
2852
4183
4049
4218
811
2779
5795
5998
5945
1944
4974
1372
2494
2338
7111
4865
8535
5651
3177
9617
4293
7233
6610
3791
1708
3294
3667
6234
1378
515
590
966
3031
2950
3199
2583
9424
8347
9324
1228
589
4097
6668
3031
8740
9882
5369
6085
1076
674
6098
1922
2982
3933
7228
4126
548
2078
6560
6380
3843
57
1860
2261
4149
7379
342
4416
78
2204
6041
7058
4302
1609
4315
5739
7336
793
9740
9624
1909
5475
9078
1722
479
4672
7641
1711
4107
3499
9002
2483
3727
8741
1010
3394
9187
4184
935
5330
189
5289
1312
8655
4388
823
3389
7662
7725
7860
8467
4479
368
2158
3087
3211
6764
2593
1200
7874
6278
2859
6884
8177
9011
161
9191
3828
7211
2832
6954
7158
1236
4581
2933
9970
38
8177
4140
2091
6415
8851
2946
8809
286
6029
3835
8707
27
7338
3226
9345
918
1236
6563
2799
7909
3371
3309
8196
2353
8282
9469
4984
3932
3798
8166
7948
9947
5497
5302
2878
2486
8164
3313
6815
2583
2276
1228
5019
6241
7952
8170
6485
2164
4492
6965
7743
4155
2910
4509
3023
5951
835
1447
1818
8722
3166
4863
7312
2478
8307
2726
72
9256
1123
9135
7874
5393
5014
7999
8401
5701
9580
9341
2280
5768
6159
6011
3009
8128
8929
2952
5152
7146
5700
7864
9895
5985
5886
4163
3629
1253
8102
1756
696
7808
813
1531
7431
4068
4470
9905
2697
875
9673
6635
4930
8245
4145
5514
823
9824
46
5437
583
4073
9306
5498
2779
2004
393
3504
5950
5257
9925
500
8260
7068
2856
8259
6452
4683
10034
4427
6261
3300
6516
8482
7423
1092
8604
4981
7881
8995
6266
1348
4034
350
7215
9800
7800
5253
3104
3965
7539
3801
590
7516
8172
7055
4259
3812
2200
5209
5824
1568
3263
9823
7818
9992
5247
3394
2170
653
6217
1152
6976
144
6927
219
3659
7709
4426
7899
1779
3918
1255
2504
1735
2255
4035
6651
7025
4491
2852
9014
9125
40
7733
9231
6093
4658
8377
1218
4997
766
1149
7514
8777
6775
1431
8179
1216
5644
5590
5391
591
8304
8354
8805
2615
4133
5544
4695
7076
958
1232
6682
5055
864
7434
6224
2890
4080
7510
6197
3083
5691
5255
7032
1145
5053
2922
10034
6296
6420
7199
367
10068
6176
2920
6599
689
1153
1240
5970
9542
3031
1036
5773
3872
830
9575
456
4177
984
7293
8690
9378
9438
1566
8052
3807
9537
8401
6303
9140
3814
456
6071
8205
2427
8255
2989
4866
302
8409
7695
2310
5615
7105
3262
7186
399
7242
9920
1493
2953
870
6586
1792
8119
2379
7814
8071
9224
3239
1374
7809
9815
9627
9088
831
6054
3462
8303
6601
6448
8178
2509
8049
4342
4562
2119
2917
9696
6655
3465
1279
714
1018
7202
4827
2249
5544
5614
8941
1102
8066
5541
7366
535
3970
5082
2032
7065
56
3592
3564
5898
5065
8631
417
5953
8118
6149
862
3518
1795
8953
8352
2036
6322
472
298
8334
9347
3269
1658
2908
5775
503
8612
6775
2625
9269
7843
9895
9328
902
5625
2187
2376
6853
4688
8475
6021
646
9034
4809
2324
913
6126
1460
9639
8977
7993
430
2118
4193
2150
6947
1259
6608
5202
102
632
7557
9748
4150
10022
8161
2429
1028
4439
5908
5190
4188
7146
3745
2775
876
8329
3268
9546
4789
5658
1981
9520
6274
1256
1383
4629
9445
5193
5875
1449
846
19
9000
2307
1303
1264
344
9259
941
1224
4949
4218
6725
3776
8429
9011
6220
1604
7124
5334
6207
1858
319
9344
8459
8065
1521
4161
3149
9572
2941
3426
1405
7592
6590
6030
346
8071
5126
6338
7493
9794
6664
7144
7530
103
986
560
3304
2760
2341
9063
5301
5932
8198
2949
958
