1028
1053
932
984
1016
962
1108
1022
916
982
851
971
935
1031
1070
883
1027
988
1073
886
889
1042
908
966
851
963
913
1123
1106
1042
925
951
977
1006
914
924
1005
923
961
977
898
1155
978
888
915
926
1010
991
914
923
987
1082
878
1076
1008
960
950
996
985
973
949
978
906
1019
928
1052
907
978
912
906
1148
969
1017
1113
933
935
937
924
1070
894
982
990
1147
968
1194
881
975
948
987
1005
917
1013
942
919
917
868
1201
1037
882
963
1041
909
985
964
886
889
943
947
907
944
905
981
1058
936
960
977
996
964
966
943
1009
931
974
958
1089
987
1003
955
1004
942
921
884
1186
946
1011
1022
1147
986
1011
979
961
1013
891
1080
942
1060
878
1069
925
944
895
935
905
902
1071
918
1031
1107
972
941
928
947
952
905
976
871
909
925
981
912
871
1017
871
1075
931
1081
1065
981
926
919
984
1156
1006
910
910
888
1097
985
1035
946
1019
1070
987
908
1073
954
953
908
875
926
1190
899
937
1164
1118
988
940
963
1024
1049
1067
970
1090
1042
897
935
993
989
1077
848
919
899
918
981
1112
998
866
937
877
866
1016
946
850
969
941
950
971
991
1106
1055
924
900
917
965
979
1032
971
1086
987
1027
934
1278
913
975
928
1212
947
1037
961
1082
964
915
1016
1013
972
1009
960
928
865
952
995
1078
957
892
1084
965
944
920
895
946
1089
991
1108
960
1020
923
960
984
968
1257
981
929
934
1022
1028
913
951
952
1003
998
904
934
952
927
1035
998
990
903
972
941
1202
1055
992
988
906
1208
1239
925
979
1104
1044
927
962
878
963
1026
1024
987
973
884
942
979
936
897
1092
972
963
1044
954
1085
1116
919
940
913
914
1050
878
965
932
951
981
1064
1002
914
1049
1019
1076
981
1077
978
882
968
970
1017
901
1008
1004
1005
942
929
959
903
907
922
931
888
1102
1021
979
991
903
965
907
996
1009
987
948
963
933
980
908
931
920
852
998
1000
952
1033
959
959
989
886
879
917
1126
1122
947
872
865
922
1137
861
1009
1014
882
910
1055
911
935
952
982
973
964
1045
972
987
899
970
959
942
906
1033
933
941
945
980
966
1027
913
952
974
1125
1195
967
940
885
1073
944
1072
977
1010
967
932
1040
946
918
994
936
864
991
915
975
921
939
911
910
958
1013
1145
958
1081
941
1087
1081
1074
1120
1036
1079
970
947
978
962
890
1068
898
1005
1049
1050
954
1062
964
920
1191
868
1012
918
982
1161
935
1016
965
1001
955
933
973
992
948
942
972
1112
956
965
911
1024
1125
889
1004
992
889
1153
954
935
1025
923
1024
973
927
980
1057
916
891
977
975
1081
942
847
1072
936
898
1068
940
1031
1022
897
956
950
997
955
969
951
1005
1067
924
905
1009
986
1104
934
1004
913
1117
1073
967
946
941
961
1004
923
975
876
993
971
955
928
1077
967
1021
899
1001
964
1041
956
1003
936
1124
906
1108
912
1136
880
992
919
1093
1040
938
920
884
967
871
956
873
944
1124
1018
1087
983
992
919
958
989
873
1134
1314
1159
885
1049
925
986
960
1199
965
898
1044
1086
1083
914
944
960
1018
993
936
1010
959
1035
952
992
884
1130
1011
965
911
890
970
823
973
918
973
874
911
886
1049
953
1000
961
932
966
872
1158
1019
987
942
948
978
952
882
1094
927
960
1043
979
943
939
961
900
1015
963
1145
1147
943
887
941
944
1057
976
1043
974
902
971
983
932
932
929
888
936
945
902
930
990
1122
889
883
928
1009
893
1044
1126
892
918
1111
948
908
902
1052
955
1057
1009
926
896
934
910
929
976
885
904
1048
864
1038
1049
976
876
1016
916
914
951
960
958
1064
901
944
920
1069
975
870
977
1059
946
893
1080
968
955
1016
898
866
1048
906
1148
874
996
904
1262
921
916
995
1041
1106
942
1011
859
946
978
1031
905
914
1036
948
917
1055
972
954
956
1143
906
1040
957
989
1023
970
1158
962
1013
914
872
1087
1026
893
947
988
934
1113
996
1002
999
959
884
965
898
1078
1048
950
885
923
977
961
1021
937
1006
930
986
1033
946
1005
964
918
996
1060
980
1087
1092
990
1057
968
967
964
1092
876
1077
851
923
948
961
1018
874
941
1029
1060
1009
960
1058
896
903
952
938
999
1051
937
914
940
864
1022
932
890
969
954
1013
1016
933
1016
971
978
997
901
885
950
915
1009
1050
985
1064
922
1026
926
892
897
888
1001
987
1086
965
1046
1025
938
1007
1167
969
1085
903
939
936
1019
1036
1135
909
1119
918
923
911
943
914
1009
1099
1004
986
935
896
873
951
957
874
932
982
1135
862
914
895
867
1094
1369
1065
899
1005
1080
970
975
1076
925
1052
1005
1023
935
922
992
956
1056
917
1040
931
963
1100
909
975
954
917
1139
976
1263
982
1130
1114
948
1051
1035
1068
992
904
932
891
967
905
887
995
930
960
868
1207
963
949
1032
991
926
963
1192
1021
1010
906
969
1081
954
923
986
1016
979
993
1111
928
972
954
944
1159
1085
1065
