1892
11363
11546
5967
12562
3467
11491
4546
2384
1263
12687
8216
1328
12995
4362
9502
4573
2634
196
10571
4861
3587
12975
6928
2753
6594
484
99
5468
4888
6347
3135
9356
14260
11439
2862
4663
6445
3820
4285
3585
11278
2560
11296
5354
3199
485
13674
4131
2552
3738
5058
7823
99
10323
1775
5022
1672
9227
7078
9023
484
1204
6703
6709
6047
8970
11864
1903
7897
8437
2633
2251
2671
7318
7435
7270
3506
10855
5683
4124
13295
6171
1436
4259
99
295
3636
1759
8478
196
5975
11973
2583
3626
9908
11424
14020
6268
10865
10323
10623
8529
12879
6585
8586
10453
9360
2445
9054
6018
8162
10115
13325
3663
398
9103
12271
2473
2240
289
9357
7538
8147
9258
405
807
6816
6451
9296
1558
9442
11960
7568
8699
12144
1884
11342
507
8053
11223
10017
9426
13522
13167
9920
6882
12421
10343
5450
5939
2816
8624
1139
1557
7239
1233
11175
3739
8691
10436
1320
99
12103
10999
6252
3719
400
3887
200
10925
7223
12042
7788
13961
12234
7279
797
9120
799
4005
1435
10641
13318
293
2434
788
7851
2012
2479
2207
9148
1009
9429
12925
99
9252
5155
11143
7848
9026
6154
12124
6682
5073
2012
5469
9035
13920
10734
12708
7411
13797
1122
802
13459
4740
200
704
7089
13557
1232
3831
8448
11917
3906
3578
483
196
12735
9780
10816
5678
7324
5055
6629
13170
4394
7592
9832
1224
1443
388
11357
12593
10398
7787
7271
10309
1684
4402
498
11342
2594
11698
2639
3709
2271
7372
2758
8978
12329
10068
692
1549
1708
12766
2804
9660
5489
12272
7116
6034
9956
4356
2442
3815
8843
3261
998
3204
13638
7209
1794
3586
6323
2485
2918
13308
5969
3070
10618
13017
12898
8965
9809
13644
13100
4586
6518
3317
7530
290
7854
10815
4243
1647
924
3157
4637
10805
6768
13166
12930
588
7063
395
9544
4807
7544
13850
10606
3198
8571
823
2173
14227
3918
1789
5379
2403
13829
100
2843
12258
3581
799
1313
2820
2128
1677
2081
2363
8457
3307
6811
1124
3949
7712
7142
4130
4023
13764
6176
13103
10119
610
11818
1564
2270
12824
397
1765
5870
7448
3185
99
8176
13279
4523
1110
12316
5108
13199
486
2781
99
8828
1886
13398
1345
2243
3601
7713
1872
12256
11983
1431
4127
4513
5579
8003
6924
1097
5676
4744
9550
491
1922
1767
4341
3114
8136
6533
7978
10838
9875
1313
1701
6955
5465
4435
6762
8712
4424
595
4145
4518
3507
9084
3908
8337
1250
1657
4224
9258
10543
11543
5895
4366
290
7574
10342
7195
14259
8602
9100
8045
8565
14213
8226
13669
7140
12808
11801
7257
4116
1104
5276
2022
1779
10473
6220
8516
8351
10407
6243
5294
505
2576
6611
12137
99
4407
7116
11843
7799
7093
11648
5735
11003
4588
5662
7951
99
3528
7405
7854
13578
2243
100
1801
7451
10593
5377
6025
3080
3934
12588
2127
9320
5113
11993
8266
1254
5376
9670
8605
6725
7154
1448
798
11531
4374
9594
3949
397
5710
12876
10483
1882
12373
491
1917
1656
396
10240
4562
2016
2894
7710
6529
9887
1205
3447
2971
3696
7683
6709
5522
4557
11369
4930
8470
481
904
1576
7057
13668
3323
12379
11922
4788
2620
8120
2484
12922
10728
2436
10693
2890
13461
3894
10495
8257
197
589
7989
4275
13332
10236
3694
12631
9393
1766
2608
3138
295
6271
990
4024
3090
5848
8997
10406
1445
14055
13678
5315
2325
3060
4517
4797
2191
11886
1909
1668
8539
598
3727
12494
11905
2583
693
9461
7536
2431
3637
601
10545
2623
2329
2693
9520
2831
11421
10446
6397
6247
12832
5631
3995
892
5781
6064
9510
10320
12270
6382
7043
8542
820
3631
11644
1216
8984
3137
1010
3443
9941
11909
7885
9208
594
1211
4728
10779
1928
6704
11417
1104
10224
3902
7271
8864
5271
7120
7831
14040
5524
11172
2475
4263
12986
9660
9517
4507
6554
5346
99
99
1539
1660
13074
13608
8793
688
13281
403
200
7517
3148
2099
2906
3674
824
13570
781
580
9247
1423
9463
1008
6813
1570
11368
5479
9954
1999
13780
7551
9570
10727
1317
8853
7409
3829
9941
2367
5092
6893
11856
11377
498
11091
3294
4702
9852
7997
2559
413
12693
2235
12053
10037
5334
2977
6921
2494
4965
3171
5478
1232
700
8557
11912
13296
8659
13532
2594
198
5504
1463
9212
6924
4805
2037
5288
12980
12750
2802
13199
5407
4375
9640
6989
5430
12692
9048
599
3943
13302
1537
606
4896
13191
1555
12781
9920
3024
3340
3328
11999
8099
7631
10843
4176
6335
5191
595
11519
11448
13018
11149
11832
1024
10372
3225
390
10338
12159
99
4462
2468
5168
4488
5005
499
3310
7013
2378
4128
1132
4542
2249
8767
8853
11897
4042
1667
13125
398
7706
1862
13021
3672
5637
3495
10083
892
295
2351
12448
6270
3215
690
599
9548
1452
13136
1115
12959
11328
3238
9350
922
8855
13313
8250
13065
484
12937
99
10325
1769
1937
196
2468
11091
5316
2253
14149
9726
6077
13126
1310
3856
11037
1973
1357
1814
7901
1572
5708
12708
196
13427
1226
10263
8923
13890
4627
5492
11891
10787
3382
99
4171
6178
12192
10320
5669
4624
99
5331
5282
6874
6550
10191
298
3708
10532
198
6093
13469
10858
5904
2278
12195
4515
4733
1924
5538
4298
11449
9063
8430
11512
13828
11555
1009
3722
3152
13159
8109
388
2588
13590
9294
8963
4100
9772
291
11997
1049
4021
13062
4382
13642
11006
1380
2719
1886
13635
12780
4147
4698
12429
100
3759
907
8383
7608
389
1891
906
4138
12437
6844
12580
7013
12093
7375
387
3389
13138
12306
3913
199
4787
2478
13976
9849
98
916
8135
3081
4671
3063
793
2251
13249
2206
6960
4003
7532
6188
1802
9970
7566
6662
99
1255
3715
13224
6558
9141
1422
11963
2476
8285
812
8234
12365
8199
8689
4161
1989
3576
3014
9643
14058
11397
11353
896
1669
389
7569
1104
389
