59
60
235
103
275
296
251
65
59
299
169
137
239
209
140
159
142
218
107
273
77
141
307
114
68
108
77
219
179
214
273
99
178
114
281
218
163
286
159
277
111
223
116
295
64
205
137
209
274
167
239
209
231
114
197
265
253
95
116
299
260
141
133
96
66
143
169
128
218
114
74
206
159
141
285
209
236
77
114
249
163
139
127
274
114
147
167
298
185
269
165
151
73
230
148
260
67
142
67
185
115
106
260
230
77
300
249
185
240
277
285
202
282
77
279
109
162
176
167
236
108
164
262
175
253
77
218
167
231
76
169
299
102
197
276
75
116
297
244
227
240
273
138
245
251
180
161
159
277
277
235
244
249
100
159
294
77
230
240
162
281
166
180
211
231
147
193
229
250
137
277
192
183
141
192
285
134
247
177
260
280
185
208
292
205
158
140
298
277
136
169
244
209
231
248
95
286
107
273
270
141
274
140
108
174
145
244
230
276
233
299
133
298
169
159
304
77
139
250
209
223
235
197
206
277
287
277
282
308
276
162
262
176
223
279
245
181
185
209
294
234
232
141
213
282
192
134
280
204
248
110
205
66
110
276
181
231
197
273
185
230
176
168
111
299
282
243
270
65
108
76
110
155
177
205
209
249
270
181
175
163
162
67
253
141
150
251
298
307
227
165
286
218
253
266
226
163
106
253
110
138
260
276
179
67
253
265
102
150
151
162
177
282
277
260
140
231
162
128
273
179
271
209
276
279
299
170
191
67
209
175
148
307
208
230
198
291
295
159
192
176
114
253
143
205
78
114
214
74
273
167
218
301
230
175
112
68
249
111
230
244
114
113
296
68
253
275
286
298
181
159
245
224
286
82
296
265
245
217
278
273
96
253
260
301
76
134
147
211
266
281
182
192
227
253
139
96
252
180
150
116
277
209
192
202
159
202
273
279
141
116
299
169
184
76
279
186
226
287
227
74
107
134
111
278
253
286
77
78
282
197
161
205
159
77
158
202
197
177
266
197
140
241
204
186
277
245
202
77
245
145
78
252
95
253
146
217
243
110
83
159
159
96
137
235
235
209
285
205
277
181
308
224
260
248
77
110
137
279
95
163
96
162
274
209
64
165
297
140
114
208
278
143
106
276
111
228
307
286
286
163
74
308
285
286
177
304
244
141
230
230
217
65
116
110
134
60
275
147
59
211
78
227
183
299
226
129
179
99
305
230
185
163
95
245
183
299
77
77
64
83
223
185
250
232
193
227
278
303
78
308
201
241
159
175
156
137
176
214
111
218
235
301
103
137
59
116
298
143
161
74
277
99
103
76
100
243
214
295
77
67
286
246
162
83
233
193
60
185
251
286
112
192
214
162
193
273
110
163
179
186
162
185
211
77
158
286
128
247
202
141
141
99
140
102
253
206
76
96
162
295
192
205
180
209
77
298
211
244
202
77
110
185
282
186
281
108
110
68
67
219
176
140
141
107
276
150
181
116
137
161
168
193
175
245
78
185
270
110
260
279
127
141
295
146
217
180
227
111
136
185
99
107
243
180
162
183
106
165
95
76
77
67
295
209
159
297
159
170
60
114
147
127
138
111
67
110
305
294
280
175
183
286
110
249
259
277
201
231
177
218
251
230
142
176
145
167
298
304
159
110
116
226
107
111
150
100
253
150
209
245
108
303
212
214
73
170
206
106
248
175
128
308
77
140
107
145
299
279
110
78
164
208
248
108
100
205
163
181
103
286
77
183
240
83
77
291
295
77
307
304
227
134
243
301
77
67
176
295
150
116
99
159
66
282
295
292
155
141
127
286
146
273
159
158
141
246
253
274
99
276
76
274
210
276
137
253
169
184
192
253
185
276
291
273
155
134
140
249
162
224
169
176
286
150
223
270
99
248
232
270
214
108
298
261
286
299
177
296
150
155
167
162
73
150
138
169
179
301
137
227
292
162
261
231
185
64
177
233
269
214
110
245
308
205
67
111
140
103
156
142
77
141
111
202
95
67
141
147
299
303
202
59
180
95
279
218
181
185
156
264
295
161
231
308
295
167
83
184
141
108
229
162
277
251
83
181
259
135
145
197
231
179
159
218
95
140
184
308
244
76
252
114
77
230
307
241
298
144
67
133
176
95
299
260
96
143
244
114
287
300
224
240
192
303
76
193
67
100
273
141
185
134
277
212
279
204
244
100
169
274
180
159
265
192
235
178
140
282
253
147
214
260
141
213
209
67
295
116
276
282
150
110
176
133
254
140
143
170
278
218
235
218
110
193
286
60
277
146
169
